keyword,platform,pid,name,price,status,description,image_url,link,date,normalized_title,brand,model_name,product_type,is_accessory,storage_gb,trade_status,cpu_name,gpu_name,ram_gb,ssd_gb,performance_level
본체,번개장터,406444759,"I5-12400,H610,32G,512G,6700XT 본체팝니다",990000,판매중,,https://media.bunjang.co.kr/product/406444759_1_1778077895_w{res}.jpg,https://m.bunjang.co.kr/products/406444759,2026-05-08 16:31,"i5-12400,h610,32g,512g,6700xt 본체",,,desktop,N,,SALE,I5-12400,,,,UNKNOWN
본체,번개장터,404739083,"RYZEN 7500F,B650,16G,500G,3060TI 본체팝니다",1100000,판매중,,https://media.bunjang.co.kr/product/404739083_1_1777444759_w{res}.jpg,https://m.bunjang.co.kr/products/404739083,2026-05-08 16:31,"ryzen 7500f,b650,16g,500g,3060ti 본체",,,desktop,N,,SALE,RYZEN 7500F,,,,UNKNOWN
본체,번개장터,399824372,"RYZEN 7950X,B650,32G,1TB 반본체팝니다",1280000,판매중,,https://media.bunjang.co.kr/product/399824372_1_1778075517_w{res}.jpg,https://m.bunjang.co.kr/products/399824372,2026-05-08 16:31,"ryzen 7950x,b650,32g,1tb 반본체",,,desktop,N,,SALE,RYZEN 7950X,,,1024.0,UNKNOWN
본체,번개장터,399524285,"RYZEN 3700X,A320M,16G,500G,RX580 본체팝니다",550000,판매중,,https://media.bunjang.co.kr/product/399524285_1_1775344536_w{res}.jpg,https://m.bunjang.co.kr/products/399524285,2026-05-08 16:31,"ryzen 3700x,a320m,16g,500g,rx580 본체",,,desktop,N,,SALE,RYZEN 3700X,RX580,,,LOW
본체,번개장터,393908493,"I5-9400F,H310,16G,250G,RX570 본체팝니다",460000,판매중,,https://media.bunjang.co.kr/product/393908493_1_1772946373_w{res}.jpg,https://m.bunjang.co.kr/products/393908493,2026-05-08 16:31,"i5-9400f,h310,16g,250g,rx570 본체",,,desktop,N,,SALE,I5-9400F,RX570,,,LOW
본체,번개장터,406764685,에어팟 프로3 본체,100000,판매중,,https://media.bunjang.co.kr/product/406764685_1_1778225487_w{res}.jpg,https://m.bunjang.co.kr/products/406764685,2026-05-08 16:31,에어팟 프로3 본체,애플,에어팟 프로,earphone,N,,SALE,,,,,UNKNOWN
본체,번개장터,406764664,게이밍컴퓨터모음 가성비본체모음 1060 2060,550000,판매중,,https://media.bunjang.co.kr/product/406764664_1_1778225480_w{res}.jpg,https://m.bunjang.co.kr/products/406764664,2026-05-08 16:31,게이밍컴퓨터모음 가성비본체모음 1060 2060,,,desktop,N,,SALE,,,,,UNKNOWN
본체,번개장터,406764622,7500 사무용컴퓨터 사무용본체 사무실컴퓨터 데크스탑,280000,판매중,,https://media.bunjang.co.kr/product/406764622_1_1778225468_w{res}.jpg,https://m.bunjang.co.kr/products/406764622,2026-05-08 16:31,7500 사무용컴퓨터 사무용본체 사무실컴퓨터 데크스탑,,,desktop,N,,SALE,,,,,UNKNOWN
본체,번개장터,406764586,게이밍컴퓨터 본체 최저가판매 가격비교,470000,판매중,,https://media.bunjang.co.kr/product/406764586_1_1778225458_w{res}.jpg,https://m.bunjang.co.kr/products/406764586,2026-05-08 16:30,게이밍컴퓨터 본체 최저가 가격비교,,,desktop,N,,SALE,,,,,UNKNOWN
본체,번개장터,406764307,버즈 프로 1세대 본체 블랙 퍼플 그레이,29000,판매중,,https://media.bunjang.co.kr/product/406764307_1_1778225379_w{res}.jpg,https://m.bunjang.co.kr/products/406764307,2026-05-08 16:29,버즈 프로 1세대 본체 블랙 퍼플 그레이,,,desktop,N,,SALE,,,,,UNKNOWN
본체,번개장터,406764299,2060 프로상점 번장특가본체 pc,550000,판매중,,https://media.bunjang.co.kr/product/406764299_1_1778225378_w{res}.jpg,https://m.bunjang.co.kr/products/406764299,2026-05-08 16:29,2060 프로상점 번장특가본체 pc,,,desktop,N,,SALE,,,,,UNKNOWN
본체,번개장터,406258221,i9-13900k rtx 4080super 게이밍 컴퓨터 본체,3000000,판매중,,https://media.bunjang.co.kr/product/406258221_1_1778009687_w{res}.jpg,https://m.bunjang.co.kr/products/406258221,2026-05-08 16:27,i9-13900k rtx 4080super 게이밍 컴퓨터 본체,,,desktop,N,,SALE,I9-13900K,RTX4080,,,HIGH
본체,번개장터,406258144,7800x3d rtx 4080super 게이밍 컴퓨터 본체,3200000,판매중,,https://media.bunjang.co.kr/product/406258144_1_1778009625_w{res}.jpg,https://m.bunjang.co.kr/products/406258144,2026-05-08 16:27,7800x3d rtx 4080super 게이밍 컴퓨터 본체,,,desktop,N,,SALE,,RTX4080,,,HIGH
본체,번개장터,405064681,13700k rtx 5080 게이밍 컴퓨터 본체,3300000,판매중,,https://media.bunjang.co.kr/product/405064681_1_1777569437_w{res}.jpg,https://m.bunjang.co.kr/products/405064681,2026-05-08 16:27,13700k rtx 5080 게이밍 컴퓨터 본체,,,desktop,N,,SALE,,RTX5080,,,UNKNOWN
본체,번개장터,403402285,5800x3d 크로스헤어 다크히어로 컴퓨터 반 본체,1350000,판매중,,https://media.bunjang.co.kr/product/403402285_1_1776902946_w{res}.jpg,https://m.bunjang.co.kr/products/403402285,2026-05-08 16:27,5800x3d 크로스헤어 다크히어로 컴퓨터 반 본체,,,desktop,N,,SALE,,,,,UNKNOWN
본체,번개장터,403402147,13600kf ddr5 64gb rtx 3060 게이밍 컴퓨터 본체,1800000,판매중,,https://media.bunjang.co.kr/product/403402147_1_1776902865_w{res}.jpg,https://m.bunjang.co.kr/products/403402147,2026-05-08 16:27,13600kf ddr5 64gb rtx 3060 게이밍 컴퓨터 본체,,,desktop,N,64.0,SALE,,RTX3060,,,MID
본체,번개장터,406763724,"에어팟 프로3 케이스(본체), 이어팁, 박스",120000,판매중,,https://media.bunjang.co.kr/product/406763724_1_1778225249_w{res}.jpg,https://m.bunjang.co.kr/products/406763724,2026-05-08 16:26,"에어팟 프로3 케이스(본체), 이어팁, 박스",애플,에어팟 프로,CASE,Y,,SALE,,,,,UNKNOWN
본체,번개장터,406763554,가성비 사무용컴퓨터! 조립식PC 중고컴퓨터 데스크탑 컴퓨터본체 추천부품,180000,판매중,,https://media.bunjang.co.kr/product/406763554_1_1778225158_w{res}.jpg,https://m.bunjang.co.kr/products/406763554,2026-05-08 16:25,가성비 사무용컴퓨터! 조립식pc 중고컴퓨터 데스크탑 컴퓨터본체 추천부품,,,PARTS,Y,,SALE,,,,,UNKNOWN
본체,번개장터,406763376,택포) 에어팟 프로 2세대 본체 8핀,63000,판매중,,https://media.bunjang.co.kr/product/406763376_1_1778225108_w{res}.jpg,https://m.bunjang.co.kr/products/406763376,2026-05-08 16:25,) 에어팟 프로 2세대 본체 8핀,애플,에어팟 프로,earphone,N,,SALE,,,,,UNKNOWN
본체,번개장터,406246837,애플 에어팟 프로3 본체,90000,판매중,,https://media.bunjang.co.kr/product/406246837_1_1778003385_w{res}.jpg,https://m.bunjang.co.kr/products/406246837,2026-05-08 16:24,애플 에어팟 프로3 본체,애플,에어팟 프로,earphone,N,,SALE,,,,,UNKNOWN
본체,번개장터,406763033,아직도 현역! 갓성비 RTX2060 조합 컴퓨터 56만원 부터 판매합니다,910000,판매중,,https://media.bunjang.co.kr/product/406763033_1_1778225008_w{res}.jpg,https://m.bunjang.co.kr/products/406763033,2026-05-08 16:23,아직도 현역! 갓성비 rtx2060 조합 컴퓨터 56만원 부터,,,desktop,N,,SALE,,RTX2060,,,MID
본체,번개장터,406672138,[상단 ips][시리얼일치]닌텐도 New 3DS XL 본체(뉴큰다수)풀박,430000,판매중,,https://media.bunjang.co.kr/product/406672138_1_1778176238_w{res}.jpg,https://m.bunjang.co.kr/products/406672138,2026-05-08 16:23,[상단 ips][시리얼일치]닌텐도 new 3ds xl 본체(뉴큰다수),,,desktop,N,,SALE,,,,,UNKNOWN
본체,번개장터,406762767,ASUS ROG Ally 본체 + 풀박스,680000,판매중,,https://media.bunjang.co.kr/product/406762767_1_1778224925_w{res}.jpg,https://m.bunjang.co.kr/products/406762767,2026-05-08 16:22,asus rog ally 본체 + 스,,,desktop,N,,SALE,,,,,UNKNOWN
본체,번개장터,406762765,게임은 역시 라이젠! 가성비 초특가 판매 라이젠 7500F 게이밍 컴퓨터,1130000,판매중,,https://media.bunjang.co.kr/product/406762765_1_1778224924_w{res}.jpg,https://m.bunjang.co.kr/products/406762765,2026-05-08 16:22,게임은 역시 라이젠! 가성비 초특가 라이젠 7500f 게이밍 컴퓨터,,,desktop,N,,SALE,RYZEN 7500F,,,,UNKNOWN
본체,번개장터,406762752,i5 6500 SSD240 조립식 컴퓨터 pc 모음 윈도우 포함 빠른택배,560000,판매중,,https://media.bunjang.co.kr/product/406762752_1_1778224922_w{res}.jpg,https://m.bunjang.co.kr/products/406762752,2026-05-08 16:22,i5 6500 ssd240 조립식 컴퓨터 pc 모음 윈도우 포함 빠른,,,desktop,N,,SALE,I5 6500,,,,UNKNOWN
본체,번개장터,406762649,최저가 컴퓨터 pc 모음 컴퓨터 여기서 안전하게 구매하세요! 안산 본체,1010000,판매중,,https://media.bunjang.co.kr/product/406762649_1_1778224890_w{res}.jpg,https://m.bunjang.co.kr/products/406762649,2026-05-08 16:21,최저가 컴퓨터 pc 모음 컴퓨터 여기서 안전하게 구매하세요! 안산 본체,,,desktop,N,,SALE,,,,,UNKNOWN
본체,번개장터,365803540,갤럭시 버즈 라이브  브론즈 본체만,25000,판매중,,https://media.bunjang.co.kr/product/365803540_1_1777585613_w{res}.jpg,https://m.bunjang.co.kr/products/365803540,2026-05-08 16:21,갤럭시 버즈 라이브 브론즈 본체만,삼성,,smartphone,N,,SALE,,,,,UNKNOWN
본체,번개장터,365805564,갤럭시 버즈 라이브 화이트 본체만,25000,판매중,,https://media.bunjang.co.kr/product/365805564_1_1777585625_w{res}.jpg,https://m.bunjang.co.kr/products/365805564,2026-05-08 16:21,갤럭시 버즈 라이브 화이트 본체만,삼성,,smartphone,N,,SALE,,,,,UNKNOWN
본체,번개장터,397070941,삼성 갤럭시 버즈 라이브 미스틱블랙 본체만,25000,판매중,,https://media.bunjang.co.kr/product/397070941_1_1777585598_w{res}.jpg,https://m.bunjang.co.kr/products/397070941,2026-05-08 16:21,삼성 갤럭시 버즈 라이브 미스틱블랙 본체만,삼성,,smartphone,N,,SALE,,,,,UNKNOWN
본체,번개장터,406617957,사무용본체 완벽셋팅! 사무실 중고사무용컴퓨터 부모님선물용 데스크탑,280000,판매중,,https://media.bunjang.co.kr/product/406617957_1_1778155554_w{res}.jpg,https://m.bunjang.co.kr/products/406617957,2026-05-08 16:20,사무용본체 완벽셋팅! 사무실 중고사무용컴퓨터 부모님선물용 데스크탑,,,desktop,N,,SALE,,,,,UNKNOWN
본체,번개장터,294263809,디월트 충전임팩/DCF922N(본체만),176000,판매중,,https://media.bunjang.co.kr/product/294263809_1_1728885772_w{res}.jpg,https://m.bunjang.co.kr/products/294263809,2026-05-08 16:20,디월트 충전임팩/dcf922n(본체만),,,desktop,N,,SALE,,,,,UNKNOWN
본체,번개장터,234653728,디월트 충전해머드릴/DCH263N(본체만),203000,판매중,,https://media.bunjang.co.kr/product/234653728_1_1730252504_w{res}.jpg,https://m.bunjang.co.kr/products/234653728,2026-05-08 16:20,디월트 충전해머드릴/dch263n(본체만),,,desktop,N,,SALE,,,,,UNKNOWN
본체,번개장터,406762280,인기 pc RTX2070 게임용 조립식 컴퓨터 최저가 판매합니다!,1150000,판매중,,https://media.bunjang.co.kr/product/406762280_1_1778224772_w{res}.jpg,https://m.bunjang.co.kr/products/406762280,2026-05-08 16:19,인기 pc rtx2070 게임용 조립식 컴퓨터 최저가 !,,,desktop,N,,SALE,,RTX2070,,,MID
본체,번개장터,406762184,5점 만점 후기! 최저가로 판매합니다 조립식 게이밍 컴퓨터 pc 모음,1010000,판매중,,https://media.bunjang.co.kr/product/406762184_1_1778224738_w{res}.jpg,https://m.bunjang.co.kr/products/406762184,2026-05-08 16:18,5점 만점 후기! 최저가로 조립식 게이밍 컴퓨터 pc 모음,,,desktop,N,,SALE,,,,,UNKNOWN
본체,번개장터,406761758,인텔 I5 14400F 최저가 판매 게이밍 본체 게임용 조립식 컴퓨터,1150000,판매중,,https://media.bunjang.co.kr/product/406761758_1_1778224599_w{res}.jpg,https://m.bunjang.co.kr/products/406761758,2026-05-08 16:16,인텔 i5 14400f 최저가 게이밍 본체 게임용 조립식 컴퓨터,,,desktop,N,,SALE,I5 14400F,,,,UNKNOWN
본체,번개장터,406761715,택포) 에어팟 2 무선 본체 (1세대 가능) 무선충전 충전케이스,26900,판매중,,https://media.bunjang.co.kr/product/406761715_1_1778224585_w{res}.jpg,https://m.bunjang.co.kr/products/406761715,2026-05-08 16:16,) 에어팟 2 무선 본체 (1세대 가능) 무선충전 충전케이스,애플,에어팟,CASE,Y,,SALE,,,,,UNKNOWN
본체,번개장터,406761653,[새제품] RTX50시리즈 컴퓨터 인기 pc 전국 최저가 특가 판매 본체,1580000,판매중,,https://media.bunjang.co.kr/product/406761653_1_1778224569_w{res}.jpg,https://m.bunjang.co.kr/products/406761653,2026-05-08 16:16,[새제품] rtx50시리즈 컴퓨터 인기 pc 전국 최저가 특가 본체,,,desktop,N,,SALE,,,,,UNKNOWN
본체,번개장터,406761478,i5 9400F/GTX 1060 PC방급 사양 가성비 게이밍 컴퓨터본체,460000,판매중,,https://media.bunjang.co.kr/product/406761478_1_1778224514_w{res}.jpg,https://m.bunjang.co.kr/products/406761478,2026-05-08 16:15,i5 9400f/gtx 1060 pc방급 사양 가성비 게이밍 컴퓨터본체,,,desktop,N,,SALE,I5 9400F,GTX1060,,,LOW
본체,번개장터,406761449,롤 메이플 피파 던파 서든 상옵 i5 9400F GTX1060 3G,460000,판매중,,https://media.bunjang.co.kr/product/406761449_1_1778224506_w{res}.jpg,https://m.bunjang.co.kr/products/406761449,2026-05-08 16:15,롤 메이플 피파 던파 서든 상옵 i5 9400f gtx1060 3g,,,UNKNOWN,N,,SALE,I5 9400F,GTX1060,,,LOW
본체,번개장터,406761448,롤 메이플 피파 던파 서든 상옵 i5 9400F GTX1060 3G,460000,판매중,,https://media.bunjang.co.kr/product/406761448_1_1778224506_w{res}.jpg,https://m.bunjang.co.kr/products/406761448,2026-05-08 16:15,롤 메이플 피파 던파 서든 상옵 i5 9400f gtx1060 3g,,,UNKNOWN,N,,SALE,I5 9400F,GTX1060,,,LOW
본체,번개장터,406761447,"i5 9400F GTX1060 3G 롤,메이플,피파,던파,서든 상옵",460000,판매중,,https://media.bunjang.co.kr/product/406761447_1_1778224505_w{res}.jpg,https://m.bunjang.co.kr/products/406761447,2026-05-08 16:15,"i5 9400f gtx1060 3g 롤,메이플,피파,던파,서든 상옵",,,UNKNOWN,N,,SALE,I5 9400F,GTX1060,,,LOW
본체,번개장터,406761446,[번장1등 컴퓨터 풀셋트 본체]한정수량 초특가 이벤트 판매 합니다,285000,판매중,,https://media.bunjang.co.kr/product/406761446_1_1778224505_w{res}.jpg,https://m.bunjang.co.kr/products/406761446,2026-05-08 16:15,[번장1등 컴퓨터 풀셋트 본체]한정수량 초특가 이벤트 합니다,,,desktop,N,,SALE,,,,,UNKNOWN
본체,번개장터,406761437,저사양 온라인게임 본체 가성비 컴퓨터 i5 6500 GTX 1060 3G,420000,판매중,,https://media.bunjang.co.kr/product/406761437_1_1778224500_w{res}.jpg,https://m.bunjang.co.kr/products/406761437,2026-05-08 16:15,저사양 온라인게임 본체 가성비 컴퓨터 i5 6500 gtx 1060 3g,,,desktop,N,,SALE,I5 6500,GTX1060,,,LOW
본체,번개장터,406761419,i5 7500/GTX 1070 8G 게이밍 컴퓨터 본체,600000,판매중,,https://media.bunjang.co.kr/product/406761419_1_1778224495_w{res}.jpg,https://m.bunjang.co.kr/products/406761419,2026-05-08 16:14,i5 7500/gtx 1070 8g 게이밍 컴퓨터 본체,,,desktop,N,,SALE,I5 7500,GTX1070,,,UNKNOWN
본체,번개장터,406761418,가성비 컴퓨터 본체 i5 6500/GTX1060 3G 게이밍 컴퓨터 본체,600000,판매중,,https://media.bunjang.co.kr/product/406761418_1_1778224495_w{res}.jpg,https://m.bunjang.co.kr/products/406761418,2026-05-08 16:14,가성비 컴퓨터 본체 i5 6500/gtx1060 3g 게이밍 컴퓨터 본체,,,desktop,N,,SALE,I5 6500,GTX1060,,,LOW
본체,번개장터,406761380,에어팟 프로2 케이스 본체 c핀 판매합니다,43000,판매중,,https://media.bunjang.co.kr/product/406761380_1_1778225220_w{res}.jpg,https://m.bunjang.co.kr/products/406761380,2026-05-08 16:14,에어팟 프로2 케이스 본체 c핀,애플,에어팟 프로,CASE,Y,,SALE,,,,,UNKNOWN
본체,번개장터,406761367,[BEST]인기 PC사무용 컴퓨터 부터 게이밍 컴퓨터 판매,150000,판매중,,https://media.bunjang.co.kr/product/406761367_1_1778224476_w{res}.jpg,https://m.bunjang.co.kr/products/406761367,2026-05-08 16:14,[best]인기 pc사무용 컴퓨터 부터 게이밍 컴퓨터,,,desktop,N,,SALE,,,,,UNKNOWN
본체,번개장터,406761349,배그중상옵 롤 오버워치 컴퓨터 본체 i5 7500/GTX 1060,440000,판매중,,https://media.bunjang.co.kr/product/406761349_1_1778224472_w{res}.jpg,https://m.bunjang.co.kr/products/406761349,2026-05-08 16:14,배그중상옵 롤 오버워치 컴퓨터 본체 i5 7500/gtx 1060,,,desktop,N,,SALE,I5 7500,GTX1060,,,LOW
본체,번개장터,406761348,롤 메이플 피파 돌리기 좋은 컴퓨터 본체/i5 7500/GTX 1060,440000,판매중,,https://media.bunjang.co.kr/product/406761348_1_1778224472_w{res}.jpg,https://m.bunjang.co.kr/products/406761348,2026-05-08 16:14,롤 메이플 피파 돌리기 좋은 컴퓨터 본체/i5 7500/gtx 1060,,,desktop,N,,SALE,I5 7500,GTX1060,,,LOW
본체,번개장터,406761339,i5 7500/GTX 1060 배그중상옵 게이밍 컴퓨터 본체,440000,판매중,,https://media.bunjang.co.kr/product/406761339_1_1778224469_w{res}.jpg,https://m.bunjang.co.kr/products/406761339,2026-05-08 16:14,i5 7500/gtx 1060 배그중상옵 게이밍 컴퓨터 본체,,,desktop,N,,SALE,I5 7500,GTX1060,,,LOW
본체,번개장터,406761316,i5 9400F GTX1060 3G 롤 메이플 피파 던파 서든 상옵,460000,판매중,,https://media.bunjang.co.kr/product/406761316_1_1778224460_w{res}.jpg,https://m.bunjang.co.kr/products/406761316,2026-05-08 16:14,i5 9400f gtx1060 3g 롤 메이플 피파 던파 서든 상옵,,,UNKNOWN,N,,SALE,I5 9400F,GTX1060,,,LOW
본체,번개장터,406761314,i5 9400F GTX1060 3G 롤 메이플 피파 던파 서든 상옵,460000,판매중,,https://media.bunjang.co.kr/product/406761314_1_1778224460_w{res}.jpg,https://m.bunjang.co.kr/products/406761314,2026-05-08 16:14,i5 9400f gtx1060 3g 롤 메이플 피파 던파 서든 상옵,,,UNKNOWN,N,,SALE,I5 9400F,GTX1060,,,LOW
본체,번개장터,406761313,롤 메이플 피파 던파 서든 상옵 i5 9400F GTX1060 3G,460000,판매중,,https://media.bunjang.co.kr/product/406761313_1_1778224460_w{res}.jpg,https://m.bunjang.co.kr/products/406761313,2026-05-08 16:14,롤 메이플 피파 던파 서든 상옵 i5 9400f gtx1060 3g,,,UNKNOWN,N,,SALE,I5 9400F,GTX1060,,,LOW
본체,번개장터,406761278,사무용 사무실 컴퓨터는 꼭 여기서!본체컴퓨터데스크탑pc조립식컴퓨터,270000,판매중,,https://media.bunjang.co.kr/product/406761278_1_1778224452_w{res}.jpg,https://m.bunjang.co.kr/products/406761278,2026-05-08 16:14,사무용 사무실 컴퓨터는 꼭 여기서!본체컴퓨터데스크탑pc조립식컴퓨터,,,desktop,N,,SALE,,,,,UNKNOWN
본체,번개장터,406761254,가성비 본체 싹 다 여기있습니다컴퓨터본체pc데스크탑조립식최저가PC,270000,판매중,,https://media.bunjang.co.kr/product/406761254_1_1778224445_w{res}.jpg,https://m.bunjang.co.kr/products/406761254,2026-05-08 16:14,가성비 본체 싹 다 여기있습니다컴퓨터본체pc데스크탑조립식최저가pc,,,desktop,N,,SALE,,,,,UNKNOWN
본체,번개장터,406761217,사무용부터 게이밍용까지!컴퓨터본체데스크탑PC조립식컴퓨터,440000,판매중,,https://media.bunjang.co.kr/product/406761217_1_1778224431_w{res}.jpg,https://m.bunjang.co.kr/products/406761217,2026-05-08 16:13,사무용부터 게이밍용까지!컴퓨터본체데스크탑pc조립식컴퓨터,,,desktop,N,,SALE,,,,,UNKNOWN
본체,번개장터,406761156,컴퓨터 최저가로 구매하자최저가보장컴퓨터본체데스크탑pc조립식컴퓨터,280000,판매중,,https://media.bunjang.co.kr/product/406761156_1_1778224414_w{res}.jpg,https://m.bunjang.co.kr/products/406761156,2026-05-08 16:13,컴퓨터 최저가로 구매하자최저가보장컴퓨터본체데스크탑pc조립식컴퓨터,,,desktop,N,,SALE,,,,,UNKNOWN
본체,번개장터,406761030,고사양RTX2060 6G 최저가컴퓨터본체pc데스크탑조립식컴퓨터,600000,판매중,,https://media.bunjang.co.kr/product/406761030_1_1778224378_w{res}.jpg,https://m.bunjang.co.kr/products/406761030,2026-05-08 16:12,고사양rtx2060 6g 최저가컴퓨터본체pc데스크탑조립식컴퓨터,,,desktop,N,,SALE,,RTX2060,,,MID
본체,번개장터,406760896,[번장1등 컴퓨터 풀셋트 본체]한정수량 초특가 이벤트 판매 합니다,285000,판매중,,https://media.bunjang.co.kr/product/406760896_1_1778224337_w{res}.jpg,https://m.bunjang.co.kr/products/406760896,2026-05-08 16:12,[번장1등 컴퓨터 풀셋트 본체]한정수량 초특가 이벤트 합니다,,,desktop,N,,SALE,,,,,UNKNOWN
본체,번개장터,406743355,인텔 I5 14400F 최저가 판매 게이밍 본체 게임용 조립식 컴퓨터,1150000,판매중,,https://media.bunjang.co.kr/product/406743355_1_1778218885_w{res}.jpg,https://m.bunjang.co.kr/products/406743355,2026-05-08 16:12,인텔 i5 14400f 최저가 게이밍 본체 게임용 조립식 컴퓨터,,,desktop,N,,SALE,I5 14400F,,,,UNKNOWN
본체,번개장터,406737762,i5 6500 SSD240 조립식 컴퓨터 pc 모음 윈도우 포함 빠른택배,560000,판매중,,https://media.bunjang.co.kr/product/406737762_1_1778216947_w{res}.jpg,https://m.bunjang.co.kr/products/406737762,2026-05-08 16:12,i5 6500 ssd240 조립식 컴퓨터 pc 모음 윈도우 포함 빠른,,,desktop,N,,SALE,I5 6500,,,,UNKNOWN
본체,번개장터,406732251,아직도 현역! 갓성비 RTX2060 조합 컴퓨터 56만원 부터 판매합니다,910000,판매중,,https://media.bunjang.co.kr/product/406732251_1_1778214928_w{res}.jpg,https://m.bunjang.co.kr/products/406732251,2026-05-08 16:12,아직도 현역! 갓성비 rtx2060 조합 컴퓨터 56만원 부터,,,desktop,N,,SALE,,RTX2060,,,MID
본체,번개장터,406727051,[전부새제품] RTX50시리즈 파격 할인 특가 판매 조립식 컴퓨터,1590000,판매중,,https://media.bunjang.co.kr/product/406727051_1_1778212916_w{res}.jpg,https://m.bunjang.co.kr/products/406727051,2026-05-08 16:12,[전부새제품] rtx50시리즈 파격 할인 특가 조립식 컴퓨터,,,desktop,N,,SALE,,,,,UNKNOWN
본체,번개장터,406722190,5점 만점 후기! 최저가로 판매합니다 조립식 게이밍 컴퓨터 pc 모음,1010000,판매중,,https://media.bunjang.co.kr/product/406722190_1_1778210989_w{res}.jpg,https://m.bunjang.co.kr/products/406722190,2026-05-08 16:12,5점 만점 후기! 최저가로 조립식 게이밍 컴퓨터 pc 모음,,,desktop,N,,SALE,,,,,UNKNOWN
본체,번개장터,406707298,[새제품] RTX50시리즈 컴퓨터 인기 pc 전국 최저가 특가 판매 본체,1580000,판매중,,https://media.bunjang.co.kr/product/406707298_1_1778205062_w{res}.jpg,https://m.bunjang.co.kr/products/406707298,2026-05-08 16:12,[새제품] rtx50시리즈 컴퓨터 인기 pc 전국 최저가 특가 본체,,,desktop,N,,SALE,,,,,UNKNOWN
본체,번개장터,406692964,최저가 컴퓨터 pc 모음 컴퓨터 여기서 안전하게 구매하세요! 안산 본체,1010000,판매중,,https://media.bunjang.co.kr/product/406692964_1_1778197350_w{res}.jpg,https://m.bunjang.co.kr/products/406692964,2026-05-08 16:12,최저가 컴퓨터 pc 모음 컴퓨터 여기서 안전하게 구매하세요! 안산 본체,,,desktop,N,,SALE,,,,,UNKNOWN
본체,번개장터,406688182,여름 맞이 파격 할인! 게임용 컴퓨터 49만원 부터 판매합니다 pc 본체,630000,판매중,,https://media.bunjang.co.kr/product/406688182_1_1778193359_w{res}.jpg,https://m.bunjang.co.kr/products/406688182,2026-05-08 16:12,여름 맞이 파격 할인! 게임용 컴퓨터 49만원 부터 pc 본체,,,desktop,N,,SALE,,,,,UNKNOWN
본체,번개장터,352719463,최저가 컴퓨터 pc 모음 컴퓨터 여기서 안전하게 구매하세요! 안산 본체,600000,판매중,,https://media.bunjang.co.kr/product/352719463_1_1756210839_w{res}.jpg,https://m.bunjang.co.kr/products/352719463,2026-05-08 16:12,최저가 컴퓨터 pc 모음 컴퓨터 여기서 안전하게 구매하세요! 안산 본체,,,desktop,N,,SALE,,,,,UNKNOWN
본체,번개장터,406760667,2060 프로상점 번장특가본체 pc,550000,판매중,,https://media.bunjang.co.kr/product/406760667_1_1778224263_w{res}.jpg,https://m.bunjang.co.kr/products/406760667,2026-05-08 16:11,2060 프로상점 번장특가본체 pc,,,desktop,N,,SALE,,,,,UNKNOWN
본체,번개장터,406760563,게이밍컴퓨터 본체 최저가판매 가격비교,470000,판매중,,https://media.bunjang.co.kr/product/406760563_1_1778224228_w{res}.jpg,https://m.bunjang.co.kr/products/406760563,2026-05-08 16:10,게이밍컴퓨터 본체 최저가 가격비교,,,desktop,N,,SALE,,,,,UNKNOWN
본체,번개장터,406760521,게이밍컴퓨터모음 가성비본체모음 1060 2060,550000,판매중,,https://media.bunjang.co.kr/product/406760521_1_1778224216_w{res}.jpg,https://m.bunjang.co.kr/products/406760521,2026-05-08 16:10,게이밍컴퓨터모음 가성비본체모음 1060 2060,,,desktop,N,,SALE,,,,,UNKNOWN
본체,번개장터,406760469,초특가본체 RTX2060 6GB 중고가성비 인기게이밍 컴퓨터 데스크탑,610000,판매중,,https://media.bunjang.co.kr/product/406760469_1_1778224204_w{res}.jpg,https://m.bunjang.co.kr/products/406760469,2026-05-08 16:10,초특가본체 rtx2060 6gb 중고가성비 인기게이밍 컴퓨터 데스크탑,,,desktop,N,,SALE,,RTX2060,,,MID
본체,번개장터,406760229,7500 사무용컴퓨터 사무용본체 사무실컴퓨터 데크스탑,280000,판매중,,https://media.bunjang.co.kr/product/406760229_1_1778224126_w{res}.jpg,https://m.bunjang.co.kr/products/406760229,2026-05-08 16:08,7500 사무용컴퓨터 사무용본체 사무실컴퓨터 데크스탑,,,desktop,N,,SALE,,,,,UNKNOWN
본체,번개장터,406760129,I5 4690 가성비 사무용중고컴퓨터 컴퓨터본체 부품,180000,판매중,,https://media.bunjang.co.kr/product/406760129_1_1778224097_w{res}.jpg,https://m.bunjang.co.kr/products/406760129,2026-05-08 16:08,i5 4690 가성비 사무용중고컴퓨터 컴퓨터본체 부품,,,PARTS,Y,,SALE,I5 4690,,,,UNKNOWN
본체,번개장터,406710726,[램32G/배그/롤] 렉 없는 가성비 게이밍 컴퓨터 본체 팝니다 (GTX,430000,판매중,,https://media.bunjang.co.kr/product/406710726_1_1778224041_w{res}.jpg,https://m.bunjang.co.kr/products/406710726,2026-05-08 16:07,[램32g/배그/롤] 렉 없는 가성비 게이밍 컴퓨터 본체 (gtx,,,desktop,N,,SALE,,,,,UNKNOWN
본체,번개장터,406759956,특가본체! RTX5060Ti 8G 인기구성! 고사양 게이밍컴퓨터 데스크탑,1550000,판매중,,https://media.bunjang.co.kr/product/406759956_1_1778224041_w{res}.jpg,https://m.bunjang.co.kr/products/406759956,2026-05-08 16:07,특가본체! rtx5060ti 8g 인기구성! 고사양 게이밍컴퓨터 데스크탑,,,desktop,N,,SALE,,RTX5060TI,,,UNKNOWN
본체,번개장터,406748796,게임은 역시 라이젠! 가성비 초특가 판매 라이젠 7500F 게이밍 컴퓨터,1130000,판매중,,https://media.bunjang.co.kr/product/406748796_1_1778220643_w{res}.jpg,https://m.bunjang.co.kr/products/406748796,2026-05-08 16:07,게임은 역시 라이젠! 가성비 초특가 라이젠 7500f 게이밍 컴퓨터,,,desktop,N,,SALE,RYZEN 7500F,,,,UNKNOWN
본체,번개장터,406742830,28만원! 사무용 업무용 컴퓨터 여기서 구매하세요! 조립식 컴퓨터 본체,280000,판매중,,https://media.bunjang.co.kr/product/406742830_1_1778218690_w{res}.jpg,https://m.bunjang.co.kr/products/406742830,2026-05-08 16:07,28만원! 사무용 업무용 컴퓨터 여기서 구매하세요! 조립식 컴퓨터 본체,,,desktop,N,,SALE,,,,,UNKNOWN
본체,번개장터,406737253,인텔 I5 14400F 최저가 판매 게이밍 본체 게임용 조립식 컴퓨터,1150000,판매중,,https://media.bunjang.co.kr/product/406737253_1_1778216767_w{res}.jpg,https://m.bunjang.co.kr/products/406737253,2026-05-08 16:07,인텔 i5 14400f 최저가 게이밍 본체 게임용 조립식 컴퓨터,,,desktop,N,,SALE,I5 14400F,,,,UNKNOWN
본체,번개장터,406721832,[전부새제품] RTX50시리즈 파격 할인 특가 판매 조립식 컴퓨터,1590000,판매중,,https://media.bunjang.co.kr/product/406721832_1_1778210851_w{res}.jpg,https://m.bunjang.co.kr/products/406721832,2026-05-08 16:07,[전부새제품] rtx50시리즈 파격 할인 특가 조립식 컴퓨터,,,desktop,N,,SALE,,,,,UNKNOWN
본체,번개장터,406644478,최저가 컴퓨터 pc 모음 컴퓨터 여기서 안전하게 구매하세요! 안산 본체,1010000,판매중,,https://media.bunjang.co.kr/product/406644478_1_1778163869_w{res}.jpg,https://m.bunjang.co.kr/products/406644478,2026-05-08 16:07,최저가 컴퓨터 pc 모음 컴퓨터 여기서 안전하게 구매하세요! 안산 본체,,,desktop,N,,SALE,,,,,UNKNOWN
본체,번개장터,406759872,인텔 250KF Plus 15세대 최신사양! 디자인작업용 게이밍컴퓨터본체,1270000,판매중,,https://media.bunjang.co.kr/product/406759872_1_1778224011_w{res}.jpg,https://m.bunjang.co.kr/products/406759872,2026-05-08 16:06,인텔 250kf plus 15세대 최신사양! 디자인작업용 게이밍컴퓨터본체,,,desktop,N,,SALE,,,,,UNKNOWN
본체,번개장터,406759755,한정수량! RTX2070 8GB 본체사양 인기가성비 게이밍 컴퓨터데스크탑,630000,판매중,,https://media.bunjang.co.kr/product/406759755_1_1778223977_w{res}.jpg,https://m.bunjang.co.kr/products/406759755,2026-05-08 16:06,한정수량! rtx2070 8gb 본체사양 인기가성비 게이밍 컴퓨터데스크탑,,,desktop,N,,SALE,,RTX2070,,,MID
본체,번개장터,406759508,5060게이밍 컴퓨터판매합니다,1500000,판매중,,https://media.bunjang.co.kr/product/406759508_1_1778223902_w{res}.jpg,https://m.bunjang.co.kr/products/406759508,2026-05-08 16:05,5060게이밍 컴퓨터,,,desktop,N,,SALE,,,,,UNKNOWN
본체,번개장터,406759124,한정판매! 성인PC방 맞춤 전용 가성비 컴퓨터 본체 모니터 풀세트 팝니다,150000,판매중,,https://media.bunjang.co.kr/product/406759124_1_1778223793_w{res}.jpg,https://m.bunjang.co.kr/products/406759124,2026-05-08 16:03,한정! 성인pc방 맞춤 전용 가성비 컴퓨터 본체 모니터 풀세트,,,desktop,N,,SALE,,,,,UNKNOWN
본체,번개장터,402456534,13600KF 4060 32GB 1TB 컴퓨터 본체 배그 아이온2,1550000,판매중,,https://media.bunjang.co.kr/product/402456534_1_1777429540_w{res}.jpg,https://m.bunjang.co.kr/products/402456534,2026-05-08 16:02,13600kf 4060 32gb 1tb 컴퓨터 본체 배그 아이온2,,,desktop,N,32.0,SALE,,,,1024.0,UNKNOWN
본체,번개장터,406689464,에어팟 프로1세대 본체,23000,판매중,,https://media.bunjang.co.kr/product/406689464_1_1778223576_w{res}.jpg,https://m.bunjang.co.kr/products/406689464,2026-05-08 15:59,에어팟 프로1세대 본체,애플,에어팟 프로,earphone,N,,SALE,,,,,UNKNOWN
본체,번개장터,406757657,아이온2 게이밍 pc 본체 라이젠 3700X 32g Rtx3070Ti,920000,판매중,,https://media.bunjang.co.kr/product/406757657_1_1778223363_w{res}.jpg,https://m.bunjang.co.kr/products/406757657,2026-05-08 15:56,아이온2 게이밍 pc 본체 라이젠 3700x 32g rtx3070ti,,,desktop,N,,SALE,RYZEN 3700X,RTX3070TI,,,MID
본체,번개장터,406757414,에어팟프로2(본체),65000,판매중,,https://media.bunjang.co.kr/product/406757414_1_1778224054_w{res}.jpg,https://m.bunjang.co.kr/products/406757414,2026-05-08 15:54,에어팟프로2(본체),애플,에어팟 프로,earphone,N,,SALE,,,,,UNKNOWN
본체,번개장터,406757384,사무실 셋업용 사무용 업무용 조립 PC 컴퓨터 본체,270000,판매중,,https://media.bunjang.co.kr/product/406757384_1_1778223281_w{res}.jpg,https://m.bunjang.co.kr/products/406757384,2026-05-08 15:54,사무실 셋업용 사무용 업무용 조립 pc 컴퓨터 본체,,,desktop,N,,SALE,,,,,UNKNOWN
본체,번개장터,406757378,번장1위컴퓨터!최저가pc비교불가!!컴퓨터pc본체데스크탑조립식컴퓨터사무용,270000,판매중,,https://media.bunjang.co.kr/product/406757378_1_1778223279_w{res}.jpg,https://m.bunjang.co.kr/products/406757378,2026-05-08 15:54,번장1위컴퓨터!최저가pc비교불가!!컴퓨터pc본체데스크탑조립식컴퓨터사무용,,,desktop,N,,SALE,,,,,UNKNOWN
본체,번개장터,406757359,컴퓨터 본체 사무용 듀얼모니터 강추 i5 6500 GTX 1060 3G,420000,판매중,,https://media.bunjang.co.kr/product/406757359_1_1778223275_w{res}.jpg,https://m.bunjang.co.kr/products/406757359,2026-05-08 15:54,컴퓨터 본체 사무용 듀얼모니터 강추 i5 6500 gtx 1060 3g,,,desktop,N,,SALE,I5 6500,GTX1060,,,LOW
본체,번개장터,406757358,컴퓨터 본체 사무용 듀얼모니터 강추 i5 6500 GTX 1060 3G,420000,판매중,,https://media.bunjang.co.kr/product/406757358_1_1778223274_w{res}.jpg,https://m.bunjang.co.kr/products/406757358,2026-05-08 15:54,컴퓨터 본체 사무용 듀얼모니터 강추 i5 6500 gtx 1060 3g,,,desktop,N,,SALE,I5 6500,GTX1060,,,LOW
본체,번개장터,406757340,i5 6500 GTX 1060 3G 게이밍 컴퓨터 본체 사무용 듀얼모니터,420000,판매중,,https://media.bunjang.co.kr/product/406757340_1_1778223270_w{res}.jpg,https://m.bunjang.co.kr/products/406757340,2026-05-08 15:54,i5 6500 gtx 1060 3g 게이밍 컴퓨터 본체 사무용 듀얼모니터,,,desktop,N,,SALE,I5 6500,GTX1060,,,LOW
본체,번개장터,406757327,i5 6500/GTX 1060 메이플 롤 피파 던파 게이밍 컴퓨터 본체,420000,판매중,,https://media.bunjang.co.kr/product/406757327_1_1778223265_w{res}.jpg,https://m.bunjang.co.kr/products/406757327,2026-05-08 15:54,i5 6500/gtx 1060 메이플 롤 피파 던파 게이밍 컴퓨터 본체,,,desktop,N,,SALE,I5 6500,GTX1060,,,LOW
본체,번개장터,406757325,메이플 롤 피파 던파 게이밍 컴퓨터 본체 i5 6500/GTX 1060,420000,판매중,,https://media.bunjang.co.kr/product/406757325_1_1778223265_w{res}.jpg,https://m.bunjang.co.kr/products/406757325,2026-05-08 15:54,메이플 롤 피파 던파 게이밍 컴퓨터 본체 i5 6500/gtx 1060,,,desktop,N,,SALE,I5 6500,GTX1060,,,LOW
본체,번개장터,332613814,에어팟프로2(8핀)/본체만 판매/리퍼제품/,89000,판매중,,https://media.bunjang.co.kr/product/332613814_1_1763526478_w{res}.jpg,https://m.bunjang.co.kr/products/332613814,2026-05-08 15:54,에어팟프로2(8핀)/본체만 /리퍼제품/,애플,에어팟 프로,earphone,N,,SALE,,,,,UNKNOWN
본체,번개장터,406757281,고사양 게이밍 컴퓨터 본체/i5 9400F/RTX 2060,680000,판매중,,https://media.bunjang.co.kr/product/406757281_1_1778223253_w{res}.jpg,https://m.bunjang.co.kr/products/406757281,2026-05-08 15:54,고사양 게이밍 컴퓨터 본체/i5 9400f/rtx 2060,,,desktop,N,,SALE,I5 9400F,RTX2060,,,MID
본체,번개장터,406757267,배그풀옵/팰월드/고사양게이밍 컴퓨터 본체 i5 9400F/RTX 2060,600000,판매중,,https://media.bunjang.co.kr/product/406757267_1_1778223247_w{res}.jpg,https://m.bunjang.co.kr/products/406757267,2026-05-08 15:54,배그풀옵/팰월드/고사양게이밍 컴퓨터 본체 i5 9400f/rtx 2060,,,desktop,N,,SALE,I5 9400F,RTX2060,,,MID
본체,번개장터,406757217,게이밍 조립식 컴퓨터 본체/i5 9400F/GTX 1060,460000,판매중,,https://media.bunjang.co.kr/product/406757217_1_1778223234_w{res}.jpg,https://m.bunjang.co.kr/products/406757217,2026-05-08 15:53,게이밍 조립식 컴퓨터 본체/i5 9400f/gtx 1060,,,desktop,N,,SALE,I5 9400F,GTX1060,,,LOW
본체,번개장터,406757214,구매율1위컴퓨터!최저가pc비교불가!!컴퓨터pc본체데스크탑조립식컴퓨터사무용,420000,판매중,,https://media.bunjang.co.kr/product/406757214_1_1778223233_w{res}.jpg,https://m.bunjang.co.kr/products/406757214,2026-05-08 15:53,구매율1위컴퓨터!최저가pc비교불가!!컴퓨터pc본체데스크탑조립식컴퓨터사무용,,,desktop,N,,SALE,,,,,UNKNOWN
본체,번개장터,406757199,"i5 9400F GTX1060 3G 롤,메이플,피파,던파,서든 상옵",460000,판매중,,https://media.bunjang.co.kr/product/406757199_1_1778223230_w{res}.jpg,https://m.bunjang.co.kr/products/406757199,2026-05-08 15:53,"i5 9400f gtx1060 3g 롤,메이플,피파,던파,서든 상옵",,,UNKNOWN,N,,SALE,I5 9400F,GTX1060,,,LOW
본체,번개장터,406757198,"i5 9400F GTX1060 3G 롤,메이플,피파,던파,서든 상옵",460000,판매중,,https://media.bunjang.co.kr/product/406757198_1_1778223230_w{res}.jpg,https://m.bunjang.co.kr/products/406757198,2026-05-08 15:53,"i5 9400f gtx1060 3g 롤,메이플,피파,던파,서든 상옵",,,UNKNOWN,N,,SALE,I5 9400F,GTX1060,,,LOW
본체,번개장터,406757197,롤 메이플 피파 던파 서든 상옵 i5 9400F GTX1060 3G,460000,판매중,,https://media.bunjang.co.kr/product/406757197_1_1778223230_w{res}.jpg,https://m.bunjang.co.kr/products/406757197,2026-05-08 15:53,롤 메이플 피파 던파 서든 상옵 i5 9400f gtx1060 3g,,,UNKNOWN,N,,SALE,I5 9400F,GTX1060,,,LOW
본체,번개장터,406757151,저사양 온라인게임 본체 가성비 컴퓨터 i5 6500 GTX 1060 3G,420000,판매중,,https://media.bunjang.co.kr/product/406757151_1_1778223216_w{res}.jpg,https://m.bunjang.co.kr/products/406757151,2026-05-08 15:53,저사양 온라인게임 본체 가성비 컴퓨터 i5 6500 gtx 1060 3g,,,desktop,N,,SALE,I5 6500,GTX1060,,,LOW
본체,번개장터,406757129,롤 메이플 피파 던파 서든 상옵 i5 9400F GTX1060 3G,460000,판매중,,https://media.bunjang.co.kr/product/406757129_1_1778223209_w{res}.jpg,https://m.bunjang.co.kr/products/406757129,2026-05-08 15:53,롤 메이플 피파 던파 서든 상옵 i5 9400f gtx1060 3g,,,UNKNOWN,N,,SALE,I5 9400F,GTX1060,,,LOW
본체,번개장터,406757080,사무용 사무실 컴퓨터는 꼭 여기서!본체컴퓨터데스크탑pc조립식컴퓨터,270000,판매중,,https://media.bunjang.co.kr/product/406757080_1_1778223194_w{res}.jpg,https://m.bunjang.co.kr/products/406757080,2026-05-08 15:53,사무용 사무실 컴퓨터는 꼭 여기서!본체컴퓨터데스크탑pc조립식컴퓨터,,,desktop,N,,SALE,,,,,UNKNOWN
본체,번개장터,406756960,가성비 본체 싹 다 여기있습니다컴퓨터본체pc데스크탑조립식최저가PC,270000,판매중,,https://media.bunjang.co.kr/product/406756960_1_1778223159_w{res}.jpg,https://m.bunjang.co.kr/products/406756960,2026-05-08 15:52,가성비 본체 싹 다 여기있습니다컴퓨터본체pc데스크탑조립식최저가pc,,,desktop,N,,SALE,,,,,UNKNOWN
본체,번개장터,405428599,270K 5080 컴퓨터 본체 붉은사막 게이밍 작업용 PC,3550000,판매중,,https://media.bunjang.co.kr/product/405428599_1_1777933132_w{res}.jpg,https://m.bunjang.co.kr/products/405428599,2026-05-08 15:52,270k 5080 컴퓨터 본체 붉은사막 게이밍 작업용 pc,,,desktop,N,,SALE,,,,,UNKNOWN
본체,번개장터,406756771,번장 이벤트 사무용 주식 TM 카톡업무 컴퓨터 본체 최저가 판매!,150000,판매중,,https://media.bunjang.co.kr/product/406756771_1_1778223103_w{res}.jpg,https://m.bunjang.co.kr/products/406756771,2026-05-08 15:51,번장 이벤트 사무용 주식 tm 카톡업무 컴퓨터 본체 최저가 !,,,desktop,N,,SALE,,,,,UNKNOWN
본체,번개장터,406490875,PC 본체 GTX 1660 SUPER,320000,판매중,,https://media.bunjang.co.kr/product/406490875_1_1778134043_w{res}.jpg,https://m.bunjang.co.kr/products/406490875,2026-05-08 15:51,pc 본체 gtx 1660 super,,,desktop,N,,SALE,,GTX1660,,,LOW
본체,번개장터,406756713,[전부새제품] RTX50시리즈 파격 할인 특가 판매 조립식 컴퓨터,1590000,판매중,,https://media.bunjang.co.kr/product/406756713_1_1778223083_w{res}.jpg,https://m.bunjang.co.kr/products/406756713,2026-05-08 15:51,[전부새제품] rtx50시리즈 파격 할인 특가 조립식 컴퓨터,,,desktop,N,,SALE,,,,,UNKNOWN
본체,번개장터,406722245,에어팟 프로2 본체(C타입),60000,판매중,,https://media.bunjang.co.kr/product/406722245_1_1778211012_w{res}.jpg,https://m.bunjang.co.kr/products/406722245,2026-05-08 15:50,에어팟 프로2 본체(c타입),애플,에어팟 프로,earphone,N,,SALE,,,,,UNKNOWN
본체,번개장터,406756336,28만원! 사무용 업무용 컴퓨터 여기서 구매하세요! 조립식 컴퓨터 본체,280000,판매중,,https://media.bunjang.co.kr/product/406756336_1_1778222971_w{res}.jpg,https://m.bunjang.co.kr/products/406756336,2026-05-08 15:49,28만원! 사무용 업무용 컴퓨터 여기서 구매하세요! 조립식 컴퓨터 본체,,,desktop,N,,SALE,,,,,UNKNOWN
본체,번개장터,406516927,[번장1등 컴퓨터 풀셋트 본체]한정수량 초특가 이벤트 판매 합니다,285000,판매중,,https://media.bunjang.co.kr/product/406516927_1_1778122250_w{res}.jpg,https://m.bunjang.co.kr/products/406516927,2026-05-08 15:48,[번장1등 컴퓨터 풀셋트 본체]한정수량 초특가 이벤트 합니다,,,desktop,N,,SALE,,,,,UNKNOWN
본체,번개장터,406529477,번장 이벤트 사무용 주식 TM 메신저업무 컴퓨터 본체 최저가 판매!,150000,판매중,,https://media.bunjang.co.kr/product/406529477_1_1778127354_w{res}.jpg,https://m.bunjang.co.kr/products/406529477,2026-05-08 15:48,번장 이벤트 사무용 주식 tm 메신저업무 컴퓨터 본체 최저가 !,,,desktop,N,,SALE,,,,,UNKNOWN
본체,번개장터,406521034,[번장특판 컴퓨터 이벤트]RTX 3060TI 모음 본체 최저가 한정수량,720000,판매중,,https://media.bunjang.co.kr/product/406521034_1_1778123952_w{res}.jpg,https://m.bunjang.co.kr/products/406521034,2026-05-08 15:48,[번장특판 컴퓨터 이벤트]rtx 3060ti 모음 본체 최저가 한정수량,,,desktop,N,,SALE,,RTX3060TI,,,MID
본체,번개장터,406538717,[번장특판 컴퓨터 이벤트]RTX 3060TI 모음 본체 최저가 한정수량,720000,판매중,,https://media.bunjang.co.kr/product/406538717_1_1778130758_w{res}.jpg,https://m.bunjang.co.kr/products/406538717,2026-05-08 15:48,[번장특판 컴퓨터 이벤트]rtx 3060ti 모음 본체 최저가 한정수량,,,desktop,N,,SALE,,RTX3060TI,,,MID
본체,번개장터,406554147,[번장1등 컴퓨터 풀셋트 본체]한정수량 초특가 이벤트 판매 합니다,285000,판매중,,https://media.bunjang.co.kr/product/406554147_1_1778135862_w{res}.jpg,https://m.bunjang.co.kr/products/406554147,2026-05-08 15:48,[번장1등 컴퓨터 풀셋트 본체]한정수량 초특가 이벤트 합니다,,,desktop,N,,SALE,,,,,UNKNOWN
본체,번개장터,406756148,여름 맞이 파격 할인! 게임용 컴퓨터 49만원 부터 판매합니다 pc 본체,630000,판매중,,https://media.bunjang.co.kr/product/406756148_1_1778222912_w{res}.jpg,https://m.bunjang.co.kr/products/406756148,2026-05-08 15:48,여름 맞이 파격 할인! 게임용 컴퓨터 49만원 부터 pc 본체,,,desktop,N,,SALE,,,,,UNKNOWN
본체,번개장터,406756147,7500 사무용컴퓨터 사무용본체 사무실컴퓨터 데크스탑,280000,판매중,,https://media.bunjang.co.kr/product/406756147_1_1778222912_w{res}.jpg,https://m.bunjang.co.kr/products/406756147,2026-05-08 15:48,7500 사무용컴퓨터 사무용본체 사무실컴퓨터 데크스탑,,,desktop,N,,SALE,,,,,UNKNOWN
본체,번개장터,406756117,2060 프로상점 번장특가본체 pc,550000,판매중,,https://media.bunjang.co.kr/product/406756117_1_1778222904_w{res}.jpg,https://m.bunjang.co.kr/products/406756117,2026-05-08 15:48,2060 프로상점 번장특가본체 pc,,,desktop,N,,SALE,,,,,UNKNOWN
본체,번개장터,406756105,게이밍컴퓨터 본체 최저가판매 가격비교,470000,판매중,,https://media.bunjang.co.kr/product/406756105_1_1778222901_w{res}.jpg,https://m.bunjang.co.kr/products/406756105,2026-05-08 15:48,게이밍컴퓨터 본체 최저가 가격비교,,,desktop,N,,SALE,,,,,UNKNOWN
본체,번개장터,406756080,아직도 현역! 갓성비 RTX2060 조합 컴퓨터 56만원 부터 판매합니다,910000,판매중,,https://media.bunjang.co.kr/product/406756080_1_1778222894_w{res}.jpg,https://m.bunjang.co.kr/products/406756080,2026-05-08 15:48,아직도 현역! 갓성비 rtx2060 조합 컴퓨터 56만원 부터,,,desktop,N,,SALE,,RTX2060,,,MID
본체,번개장터,405909728,hp 미니 hstnn-e04c 본체만,35000,판매중,,https://media.bunjang.co.kr/product/405909728_1_1777885169_w{res}.jpg,https://m.bunjang.co.kr/products/405909728,2026-05-08 15:48,hp 미니 hstnn-e04c 본체만,,,desktop,N,,SALE,,,,,UNKNOWN
본체,번개장터,405968090,컴퓨터 본체 3700x 2070super,700000,판매중,,https://media.bunjang.co.kr/product/405968090_1_1778222987_w{res}.jpg,https://m.bunjang.co.kr/products/405968090,2026-05-08 15:47,컴퓨터 본체 3700x 2070super,,,desktop,N,,SALE,,,,,UNKNOWN
본체,번개장터,397336433,라이젠5 2400G 컴퓨터본체,250000,판매중,,https://media.bunjang.co.kr/product/397336433_1_1774425278_w{res}.jpg,https://m.bunjang.co.kr/products/397336433,2026-05-08 15:47,라이젠5 2400g 컴퓨터본체,,,desktop,N,,SALE,RYZEN5 2400G,,,,UNKNOWN
본체,번개장터,406755815,게임은 역시 라이젠! 가성비 초특가 판매 라이젠 7500F 게이밍 컴퓨터,1130000,판매중,,https://media.bunjang.co.kr/product/406755815_1_1778222821_w{res}.jpg,https://m.bunjang.co.kr/products/406755815,2026-05-08 15:47,게임은 역시 라이젠! 가성비 초특가 라이젠 7500f 게이밍 컴퓨터,,,desktop,N,,SALE,RYZEN 7500F,,,,UNKNOWN
본체,번개장터,406755605,i5 6500 SSD240 조립식 컴퓨터 pc 모음 윈도우 포함 빠른택배,560000,판매중,,https://media.bunjang.co.kr/product/406755605_1_1778222750_w{res}.jpg,https://m.bunjang.co.kr/products/406755605,2026-05-08 15:45,i5 6500 ssd240 조립식 컴퓨터 pc 모음 윈도우 포함 빠른,,,desktop,N,,SALE,I5 6500,,,,UNKNOWN
본체,번개장터,406755580,닌텐도 스위치 oled 바이올렛 에디션 본체만 판매,250000,판매중,,https://media.bunjang.co.kr/product/406755580_1_1778222743_w{res}.jpg,https://m.bunjang.co.kr/products/406755580,2026-05-08 15:45,닌텐도 스위치 oled 바이올렛 에디션 본체만,,,desktop,N,,SALE,,,,,UNKNOWN
본체,번개장터,406755224,번장 이벤트 사무용 주식 TM 메신저업무 컴퓨터 본체 최저가 판매!,150000,판매중,,https://media.bunjang.co.kr/product/406755224_1_1778222634_w{res}.jpg,https://m.bunjang.co.kr/products/406755224,2026-05-08 15:43,번장 이벤트 사무용 주식 tm 메신저업무 컴퓨터 본체 최저가 !,,,desktop,N,,SALE,,,,,UNKNOWN
본체,번개장터,406755150,최저가 컴퓨터 pc 모음 컴퓨터 여기서 안전하게 구매하세요! 안산 본체,1010000,판매중,,https://media.bunjang.co.kr/product/406755150_1_1778222613_w{res}.jpg,https://m.bunjang.co.kr/products/406755150,2026-05-08 15:43,최저가 컴퓨터 pc 모음 컴퓨터 여기서 안전하게 구매하세요! 안산 본체,,,desktop,N,,SALE,,,,,UNKNOWN
본체,번개장터,406755024,인기 pc RTX2070 게임용 조립식 컴퓨터 최저가 판매합니다!,1150000,판매중,,https://media.bunjang.co.kr/product/406755024_1_1778222572_w{res}.jpg,https://m.bunjang.co.kr/products/406755024,2026-05-08 15:42,인기 pc rtx2070 게임용 조립식 컴퓨터 최저가 !,,,desktop,N,,SALE,,RTX2070,,,MID
본체,번개장터,406754905,인텔 I5 사무용컴퓨터본체 추가 게이밍컴퓨터 사용가능,180000,판매중,,https://media.bunjang.co.kr/product/406754905_1_1778222537_w{res}.jpg,https://m.bunjang.co.kr/products/406754905,2026-05-08 15:42,인텔 i5 사무용컴퓨터본체 추가 게이밍컴퓨터 사용가능,,,desktop,N,,SALE,,,,,UNKNOWN
본체,번개장터,406045531,[판매] 와콤 인튜어스 CTL-6100 고장품(본체만) 판매합니다,10000,판매중,,https://media.bunjang.co.kr/product/406045531_1_1777942476_w{res}.jpg,https://m.bunjang.co.kr/products/406045531,2026-05-08 15:42,[] 와콤 인튜어스 ctl-6100 고장품(본체만),,,PARTS,Y,,SALE,,,,,UNKNOWN
본체,번개장터,406754473,택포) 갤럭시 버즈 플러스 본체 색상별,23000,판매중,,https://media.bunjang.co.kr/product/406754473_1_1778222406_w{res}.jpg,https://m.bunjang.co.kr/products/406754473,2026-05-08 15:40,) 갤럭시 버즈 플러스 본체 색상별,삼성,,smartphone,N,,SALE,,,,,UNKNOWN
본체,번개장터,406753985,사무용컴퓨터 pc 조립식사무용컴퓨터 본체 중고컴퓨터,180000,판매중,,https://media.bunjang.co.kr/product/406753985_1_1778222254_w{res}.jpg,https://m.bunjang.co.kr/products/406753985,2026-05-08 15:37,사무용컴퓨터 pc 조립식사무용컴퓨터 본체 중고컴퓨터,,,desktop,N,,SALE,,,,,UNKNOWN
본체,번개장터,402408850,[대구]5600X RTX3060 12G 고사양 게이밍본체,890000,판매중,,https://media.bunjang.co.kr/product/402408850_1_1777969625_w{res}.jpg,https://m.bunjang.co.kr/products/402408850,2026-05-08 15:36,[대구]5600x rtx3060 12g 고사양 게이밍본체,,,desktop,N,,SALE,,RTX3060,,,MID
본체,번개장터,398667519,[대구]5600X 16GB RX6600 게이밍본체 판매,690000,판매중,,https://media.bunjang.co.kr/product/398667519_1_1777969615_w{res}.jpg,https://m.bunjang.co.kr/products/398667519,2026-05-08 15:36,[대구]5600x 16gb rx6600 게이밍본체,,,desktop,N,16.0,SALE,,RX6600,,,MID
본체,번개장터,406753328,사무용부터 게이밍용까지!컴퓨터본체데스크탑PC조립식컴퓨터,440000,판매중,,https://media.bunjang.co.kr/product/406753328_1_1778222051_w{res}.jpg,https://m.bunjang.co.kr/products/406753328,2026-05-08 15:34,사무용부터 게이밍용까지!컴퓨터본체데스크탑pc조립식컴퓨터,,,desktop,N,,SALE,,,,,UNKNOWN
본체,번개장터,406753310,가성비 컴퓨터 본체 i5 6500/GTX1060 3G 게이밍 컴퓨터 본체,600000,판매중,,https://media.bunjang.co.kr/product/406753310_1_1778222045_w{res}.jpg,https://m.bunjang.co.kr/products/406753310,2026-05-08 15:34,가성비 컴퓨터 본체 i5 6500/gtx1060 3g 게이밍 컴퓨터 본체,,,desktop,N,,SALE,I5 6500,GTX1060,,,LOW
본체,번개장터,406753302,컴퓨터 최저가로 구매하자최저가보장컴퓨터본체데스크탑pc조립식컴퓨터,280000,판매중,,https://media.bunjang.co.kr/product/406753302_1_1778222044_w{res}.jpg,https://m.bunjang.co.kr/products/406753302,2026-05-08 15:34,컴퓨터 최저가로 구매하자최저가보장컴퓨터본체데스크탑pc조립식컴퓨터,,,desktop,N,,SALE,,,,,UNKNOWN
본체,번개장터,406753301,컴퓨터 최저가로 구매하자최저가보장컴퓨터본체데스크탑pc조립식컴퓨터,280000,판매중,,https://media.bunjang.co.kr/product/406753301_1_1778222044_w{res}.jpg,https://m.bunjang.co.kr/products/406753301,2026-05-08 15:34,컴퓨터 최저가로 구매하자최저가보장컴퓨터본체데스크탑pc조립식컴퓨터,,,desktop,N,,SALE,,,,,UNKNOWN
본체,번개장터,406753286,i5 7500/GTX 1060 배그중상옵 게이밍 컴퓨터 본체,440000,판매중,,https://media.bunjang.co.kr/product/406753286_1_1778222039_w{res}.jpg,https://m.bunjang.co.kr/products/406753286,2026-05-08 15:33,i5 7500/gtx 1060 배그중상옵 게이밍 컴퓨터 본체,,,desktop,N,,SALE,I5 7500,GTX1060,,,LOW
본체,번개장터,406753255,고사양RTX2060 6G 최저가컴퓨터본체pc데스크탑조립식컴퓨터,600000,판매중,,https://media.bunjang.co.kr/product/406753255_1_1778222030_w{res}.jpg,https://m.bunjang.co.kr/products/406753255,2026-05-08 15:33,고사양rtx2060 6g 최저가컴퓨터본체pc데스크탑조립식컴퓨터,,,desktop,N,,SALE,,RTX2060,,,MID
본체,번개장터,406753251,간단한 업무용 사무용 조립 PC 컴퓨터 본체,270000,판매중,,https://media.bunjang.co.kr/product/406753251_1_1778222029_w{res}.jpg,https://m.bunjang.co.kr/products/406753251,2026-05-08 15:33,간단한 업무용 사무용 조립 pc 컴퓨터 본체,,,desktop,N,,SALE,,,,,UNKNOWN
본체,번개장터,406753223,메이플 롤 피파 던파 게이밍 컴퓨터 본체 i5 6500/GTX 1060,420000,판매중,,https://media.bunjang.co.kr/product/406753223_1_1778222021_w{res}.jpg,https://m.bunjang.co.kr/products/406753223,2026-05-08 15:33,메이플 롤 피파 던파 게이밍 컴퓨터 본체 i5 6500/gtx 1060,,,desktop,N,,SALE,I5 6500,GTX1060,,,LOW
본체,번개장터,406753197,번장1위컴퓨터!최저가pc비교불가!!컴퓨터pc본체데스크탑조립식컴퓨터사무용,270000,판매중,,https://media.bunjang.co.kr/product/406753197_1_1778222012_w{res}.jpg,https://m.bunjang.co.kr/products/406753197,2026-05-08 15:33,번장1위컴퓨터!최저가pc비교불가!!컴퓨터pc본체데스크탑조립식컴퓨터사무용,,,desktop,N,,SALE,,,,,UNKNOWN
본체,번개장터,406753196,블랙&화이트 공냉 게이밍 컴퓨터 본체 i5 9400F/RTX 2060,680000,판매중,,https://media.bunjang.co.kr/product/406753196_1_1778222012_w{res}.jpg,https://m.bunjang.co.kr/products/406753196,2026-05-08 15:33,블랙&화이트 공냉 게이밍 컴퓨터 본체 i5 9400f/rtx 2060,,,desktop,N,,SALE,I5 9400F,RTX2060,,,MID
본체,번개장터,406753167,i5 6500 GTX 1060 3G 게이밍 컴퓨터 본체 사무용 듀얼모니터,420000,판매중,,https://media.bunjang.co.kr/product/406753167_1_1778222004_w{res}.jpg,https://m.bunjang.co.kr/products/406753167,2026-05-08 15:33,i5 6500 gtx 1060 3g 게이밍 컴퓨터 본체 사무용 듀얼모니터,,,desktop,N,,SALE,I5 6500,GTX1060,,,LOW
본체,번개장터,406753159,구매율1위컴퓨터!최저가pc비교불가!!컴퓨터pc본체데스크탑조립식컴퓨터사무용,420000,판매중,,https://media.bunjang.co.kr/product/406753159_1_1778222003_w{res}.jpg,https://m.bunjang.co.kr/products/406753159,2026-05-08 15:33,구매율1위컴퓨터!최저가pc비교불가!!컴퓨터pc본체데스크탑조립식컴퓨터사무용,,,desktop,N,,SALE,,,,,UNKNOWN
본체,번개장터,406753158,구매율1위컴퓨터!최저가pc비교불가!!컴퓨터pc본체데스크탑조립식컴퓨터사무용,420000,판매중,,https://media.bunjang.co.kr/product/406753158_1_1778222002_w{res}.jpg,https://m.bunjang.co.kr/products/406753158,2026-05-08 15:33,구매율1위컴퓨터!최저가pc비교불가!!컴퓨터pc본체데스크탑조립식컴퓨터사무용,,,desktop,N,,SALE,,,,,UNKNOWN
본체,번개장터,406753130,롤 메이플 피파 던파 서든 상옵 i5 9400F GTX1060 3G,460000,판매중,,https://media.bunjang.co.kr/product/406753130_1_1778221995_w{res}.jpg,https://m.bunjang.co.kr/products/406753130,2026-05-08 15:33,롤 메이플 피파 던파 서든 상옵 i5 9400f gtx1060 3g,,,UNKNOWN,N,,SALE,I5 9400F,GTX1060,,,LOW
본체,번개장터,404089206,i5-6500/16G/256G 본체 판매합니다,290000,판매중,,https://media.bunjang.co.kr/product/404089206_1_1777179900_w{res}.jpg,https://m.bunjang.co.kr/products/404089206,2026-05-08 15:33,i5-6500/16g/256g 본체,,,desktop,N,,SALE,I5-6500,,,,UNKNOWN
본체,번개장터,363289418,주연테크  i5-4690 본체,120000,판매중,,https://media.bunjang.co.kr/product/363289418_1_1774689733_w{res}.jpg,https://m.bunjang.co.kr/products/363289418,2026-05-08 15:33,주연테크 i5-4690 본체,,,desktop,N,,SALE,I5-4690,,,,UNKNOWN
본체,번개장터,169351075,"삼성 쿼드코어(Q9300, SSD 120G, 4G) 본체 판매합니다.",75000,판매중,,https://media.bunjang.co.kr/product/169351075_1_1762937621_w{res}.jpg,https://m.bunjang.co.kr/products/169351075,2026-05-08 15:33,"삼성 쿼드코어(q9300, ssd 120g, 4g) 본체 .",,,desktop,N,,SALE,,,,,UNKNOWN
본체,번개장터,406753088,i5 6500 GTX 1060 3G 저사양 온라인게임 본체 가성비 컴퓨터,420000,판매중,,https://media.bunjang.co.kr/product/406753088_1_1778221983_w{res}.jpg,https://m.bunjang.co.kr/products/406753088,2026-05-08 15:33,i5 6500 gtx 1060 3g 저사양 온라인게임 본체 가성비 컴퓨터,,,desktop,N,,SALE,I5 6500,GTX1060,,,LOW
본체,번개장터,406753055,i5 9400F GTX1060 3G 롤 메이플 피파 던파 서든 상옵,460000,판매중,,https://media.bunjang.co.kr/product/406753055_1_1778221970_w{res}.jpg,https://m.bunjang.co.kr/products/406753055,2026-05-08 15:32,i5 9400f gtx1060 3g 롤 메이플 피파 던파 서든 상옵,,,UNKNOWN,N,,SALE,I5 9400F,GTX1060,,,LOW
본체,번개장터,406752936,조립식컴퓨터 사무용 사무실 컴퓨터 업무용PC,270000,판매중,,https://media.bunjang.co.kr/product/406752936_1_1778221938_w{res}.jpg,https://m.bunjang.co.kr/products/406752936,2026-05-08 15:32,조립식컴퓨터 사무용 사무실 컴퓨터 업무용pc,,,desktop,N,,SALE,,,,,UNKNOWN
본체,번개장터,406605933,(급처) 에어팟프로2 C타입 본체,60000,판매중,,https://media.bunjang.co.kr/product/406605933_1_1778151852_w{res}.jpg,https://m.bunjang.co.kr/products/406605933,2026-05-08 15:32,() 에어팟프로2 c타입 본체,애플,에어팟 프로,earphone,N,,SALE,,,,,UNKNOWN
본체,번개장터,406752161,[번장특판 컴퓨터 이벤트]RTX 3060TI 모음 본체 최저가 한정수량,720000,판매중,,https://media.bunjang.co.kr/product/406752161_1_1778221700_w{res}.jpg,https://m.bunjang.co.kr/products/406752161,2026-05-08 15:28,[번장특판 컴퓨터 이벤트]rtx 3060ti 모음 본체 최저가 한정수량,,,desktop,N,,SALE,,RTX3060TI,,,MID
본체,번개장터,404437400,에어팟 프로3 본체 + 오른쪽 유닛,200000,판매중,,https://media.bunjang.co.kr/product/404437400_1_1777306170_w{res}.jpg,https://m.bunjang.co.kr/products/404437400,2026-05-08 15:23,에어팟 프로3 본체 + 오른쪽 유닛,애플,에어팟 프로,earphone,N,,SALE,,,,,UNKNOWN
본체,번개장터,399938316,에어팟 프로2 본체 (C타입),54140,판매중,,https://media.bunjang.co.kr/product/399938316_1_1776396199_w{res}.jpg,https://m.bunjang.co.kr/products/399938316,2026-05-08 15:21,에어팟 프로2 본체 (c타입),애플,에어팟 프로,earphone,N,,SALE,,,,,UNKNOWN
본체,번개장터,405996900,에어팟 프로2 본체 [8핀],53240,판매중,,https://media.bunjang.co.kr/product/405996900_1_1777909523_w{res}.jpg,https://m.bunjang.co.kr/products/405996900,2026-05-08 15:21,에어팟 프로2 본체 [8핀],애플,에어팟 프로,earphone,N,,SALE,,,,,UNKNOWN
본체,번개장터,406750706,사무용부터게임용까지 조립식PC 컴퓨터추천 데스크탑 중고컴퓨터본체,500000,판매중,,https://media.bunjang.co.kr/product/406750706_1_1778221237_w{res}.jpg,https://m.bunjang.co.kr/products/406750706,2026-05-08 15:20,사무용부터게임용까지 조립식pc 컴퓨터추천 데스크탑 중고컴퓨터본체,,,desktop,N,,SALE,,,,,UNKNOWN
본체,번개장터,406750344,5점 만점 후기! 최저가로 판매합니다 조립식 게이밍 컴퓨터 pc 모음,1010000,판매중,,https://media.bunjang.co.kr/product/406750344_1_1778221124_w{res}.jpg,https://m.bunjang.co.kr/products/406750344,2026-05-08 15:18,5점 만점 후기! 최저가로 조립식 게이밍 컴퓨터 pc 모음,,,desktop,N,,SALE,,,,,UNKNOWN
본체,번개장터,405392921,"9800x3d, b850m wifi, rtx 5080 초고사양 본체",3550000,판매중,,https://media.bunjang.co.kr/product/405392921_1_1777713010_w{res}.jpg,https://m.bunjang.co.kr/products/405392921,2026-05-08 15:18,"9800x3d, b850m wifi, rtx 5080 초고사양 본체",,,desktop,N,,SALE,,RTX5080,,,UNKNOWN
본체,번개장터,396096815,i7 12700kf rtx2080super 게이밍컴퓨터본체판매,1300000,판매중,,https://media.bunjang.co.kr/product/396096815_1_1773909102_w{res}.jpg,https://m.bunjang.co.kr/products/396096815,2026-05-08 15:17,i7 12700kf rtx2080super 게이밍컴퓨터본체,,,desktop,N,,SALE,I7 12700KF,RTX2080,,,MID
본체,번개장터,406749937,조립식PC추천!! 게이밍 게임용 데스크탑 중고컴퓨터본체,490000,판매중,,https://media.bunjang.co.kr/product/406749937_1_1778220998_w{res}.jpg,https://m.bunjang.co.kr/products/406749937,2026-05-08 15:16,조립식pc추천!! 게이밍 게임용 데스크탑 중고컴퓨터본체,,,desktop,N,,SALE,,,,,UNKNOWN
본체,번개장터,406749840,닌텐도 스위치 oled 본체만 판매,180000,판매중,,https://media.bunjang.co.kr/product/406749840_1_1778220969_w{res}.jpg,https://m.bunjang.co.kr/products/406749840,2026-05-08 15:16,닌텐도 스위치 oled 본체만,,,desktop,N,,SALE,,,,,UNKNOWN
본체,번개장터,406749777,인텔 I5 14400F 최저가 판매 게이밍 본체 게임용 조립식 컴퓨터,1150000,판매중,,https://media.bunjang.co.kr/product/406749777_1_1778220950_w{res}.jpg,https://m.bunjang.co.kr/products/406749777,2026-05-08 15:15,인텔 i5 14400f 최저가 게이밍 본체 게임용 조립식 컴퓨터,,,desktop,N,,SALE,I5 14400F,,,,UNKNOWN
본체,번개장터,396952120,컴퓨터 본체 ram32g rtx4060ti,1400000,판매중,,https://media.bunjang.co.kr/product/396952120_1_1774411273_w{res}.jpg,https://m.bunjang.co.kr/products/396952120,2026-05-08 15:15,컴퓨터 본체 ram32g rtx4060ti,,,desktop,N,,SALE,,RTX4060TI,,,MID
본체,번개장터,406749638,[새제품] RTX50시리즈 컴퓨터 인기 pc 전국 최저가 특가 판매 본체,1580000,판매중,,https://media.bunjang.co.kr/product/406749638_1_1778220908_w{res}.jpg,https://m.bunjang.co.kr/products/406749638,2026-05-08 15:15,[새제품] rtx50시리즈 컴퓨터 인기 pc 전국 최저가 특가 본체,,,desktop,N,,SALE,,,,,UNKNOWN
본체,번개장터,406749624,[전부새제품] RTX50시리즈 파격 할인 특가 판매 조립식 컴퓨터,1590000,판매중,,https://media.bunjang.co.kr/product/406749624_1_1778220901_w{res}.jpg,https://m.bunjang.co.kr/products/406749624,2026-05-08 15:15,[전부새제품] rtx50시리즈 파격 할인 특가 조립식 컴퓨터,,,desktop,N,,SALE,,,,,UNKNOWN
본체,번개장터,403767982,에어팟 프로2 c타입 본체 충전 케이스 판매합니다,55000,판매중,,https://media.bunjang.co.kr/product/403767982_1_1778220860_w{res}.jpg,https://m.bunjang.co.kr/products/403767982,2026-05-08 15:14,에어팟 프로2 c타입 본체 충전 케이스,애플,에어팟 프로,CASE,Y,,SALE,,,,,UNKNOWN
본체,번개장터,396986503,에어팟 4세대 일반 본체 충전 케이스 판매,44000,판매중,,https://media.bunjang.co.kr/product/396986503_1_1778006576_w{res}.jpg,https://m.bunjang.co.kr/products/396986503,2026-05-08 15:14,에어팟 4세대 일반 본체 충전 케이스,애플,에어팟,CASE,Y,,SALE,,,,,UNKNOWN
본체,번개장터,406749421,28만원! 사무용 업무용 컴퓨터 여기서 구매하세요! 조립식 컴퓨터 본체,280000,판매중,,https://media.bunjang.co.kr/product/406749421_1_1778220837_w{res}.jpg,https://m.bunjang.co.kr/products/406749421,2026-05-08 15:13,28만원! 사무용 업무용 컴퓨터 여기서 구매하세요! 조립식 컴퓨터 본체,,,desktop,N,,SALE,,,,,UNKNOWN
본체,번개장터,406749365,가성비 본체 싹 다 여기있습니다컴퓨터본체pc데스크탑조립식최저가PC,270000,판매중,,https://media.bunjang.co.kr/product/406749365_1_1778220822_w{res}.jpg,https://m.bunjang.co.kr/products/406749365,2026-05-08 15:13,가성비 본체 싹 다 여기있습니다컴퓨터본체pc데스크탑조립식최저가pc,,,desktop,N,,SALE,,,,,UNKNOWN
본체,번개장터,406749357,i5 9400F/RTX 2060 배그풀옵/팰월드/고사양게이밍 컴퓨터 본체,600000,판매중,,https://media.bunjang.co.kr/product/406749357_1_1778220821_w{res}.jpg,https://m.bunjang.co.kr/products/406749357,2026-05-08 15:13,i5 9400f/rtx 2060 배그풀옵/팰월드/고사양게이밍 컴퓨터 본체,,,desktop,N,,SALE,I5 9400F,RTX2060,,,MID
본체,번개장터,406749355,가성비 본체 싹 다 여기있습니다컴퓨터본체pc데스크탑조립식최저가PC,270000,판매중,,https://media.bunjang.co.kr/product/406749355_1_1778220820_w{res}.jpg,https://m.bunjang.co.kr/products/406749355,2026-05-08 15:13,가성비 본체 싹 다 여기있습니다컴퓨터본체pc데스크탑조립식최저가pc,,,desktop,N,,SALE,,,,,UNKNOWN
본체,번개장터,406749354,여름 맞이 파격 할인! 게임용 컴퓨터 49만원 부터 판매합니다 pc 본체,630000,판매중,,https://media.bunjang.co.kr/product/406749354_1_1778220819_w{res}.jpg,https://m.bunjang.co.kr/products/406749354,2026-05-08 15:13,여름 맞이 파격 할인! 게임용 컴퓨터 49만원 부터 pc 본체,,,desktop,N,,SALE,,,,,UNKNOWN
본체,번개장터,406749349,조립식 게이밍 컴퓨터 본체/i5 9400F/RTX 2060,600000,판매중,,https://media.bunjang.co.kr/product/406749349_1_1778220818_w{res}.jpg,https://m.bunjang.co.kr/products/406749349,2026-05-08 15:13,조립식 게이밍 컴퓨터 본체/i5 9400f/rtx 2060,,,desktop,N,,SALE,I5 9400F,RTX2060,,,MID
본체,번개장터,406749348,게이밍용과 간단한 사무용까지!컴퓨터본체데스크탑PC조립식컴퓨터,440000,판매중,,https://media.bunjang.co.kr/product/406749348_1_1778220818_w{res}.jpg,https://m.bunjang.co.kr/products/406749348,2026-05-08 15:13,게이밍용과 간단한 사무용까지!컴퓨터본체데스크탑pc조립식컴퓨터,,,desktop,N,,SALE,,,,,UNKNOWN
본체,번개장터,406749331,PC방급 사양 가성비 게이밍 컴퓨터본체 i5 9400F/GTX 1060,460000,판매중,,https://media.bunjang.co.kr/product/406749331_1_1778220814_w{res}.jpg,https://m.bunjang.co.kr/products/406749331,2026-05-08 15:13,pc방급 사양 가성비 게이밍 컴퓨터본체 i5 9400f/gtx 1060,,,desktop,N,,SALE,I5 9400F,GTX1060,,,LOW
본체,번개장터,406749303,컴퓨터 최저가로 구매하자최저가보장컴퓨터본체데스크탑pc조립식컴퓨터,280000,판매중,,https://media.bunjang.co.kr/product/406749303_1_1778220807_w{res}.jpg,https://m.bunjang.co.kr/products/406749303,2026-05-08 15:13,컴퓨터 최저가로 구매하자최저가보장컴퓨터본체데스크탑pc조립식컴퓨터,,,desktop,N,,SALE,,,,,UNKNOWN
본체,번개장터,406749301,라이젠7 9700x 새 본체,1210000,판매중,,https://media.bunjang.co.kr/product/406749301_1_1778223265_w{res}.jpg,https://m.bunjang.co.kr/products/406749301,2026-05-08 15:13,라이젠7 9700x 새 본체,,,desktop,N,,SALE,RYZEN7 9700X,,,,UNKNOWN
본체,번개장터,406749296,i5 9400F/RTX2060 6G 컴퓨터 본체,600000,판매중,,https://media.bunjang.co.kr/product/406749296_1_1778220805_w{res}.jpg,https://m.bunjang.co.kr/products/406749296,2026-05-08 15:13,i5 9400f/rtx2060 6g 컴퓨터 본체,,,desktop,N,,SALE,I5 9400F,RTX2060,,,MID
본체,번개장터,406749281,i5 9400F/RTX2060 6G 컴퓨터 본체,600000,판매중,,https://media.bunjang.co.kr/product/406749281_1_1778220801_w{res}.jpg,https://m.bunjang.co.kr/products/406749281,2026-05-08 15:13,i5 9400f/rtx2060 6g 컴퓨터 본체,,,desktop,N,,SALE,I5 9400F,RTX2060,,,MID
본체,번개장터,406749262,고사양RTX2060 6G 최저가컴퓨터본체pc데스크탑조립식컴퓨터,600000,판매중,,https://media.bunjang.co.kr/product/406749262_1_1778220796_w{res}.jpg,https://m.bunjang.co.kr/products/406749262,2026-05-08 15:13,고사양rtx2060 6g 최저가컴퓨터본체pc데스크탑조립식컴퓨터,,,desktop,N,,SALE,,RTX2060,,,MID
본체,번개장터,406749217,번장1위컴퓨터!최저가pc비교불가!!컴퓨터pc본체데스크탑조립식컴퓨터사무용,270000,판매중,,https://media.bunjang.co.kr/product/406749217_1_1778220784_w{res}.jpg,https://m.bunjang.co.kr/products/406749217,2026-05-08 15:13,번장1위컴퓨터!최저가pc비교불가!!컴퓨터pc본체데스크탑조립식컴퓨터사무용,,,desktop,N,,SALE,,,,,UNKNOWN
본체,번개장터,406749205,i5 6500 GTX 1060 3G 게이밍 컴퓨터 본체 사무용 듀얼모니터,420000,판매중,,https://media.bunjang.co.kr/product/406749205_1_1778220779_w{res}.jpg,https://m.bunjang.co.kr/products/406749205,2026-05-08 15:12,i5 6500 gtx 1060 3g 게이밍 컴퓨터 본체 사무용 듀얼모니터,,,desktop,N,,SALE,I5 6500,GTX1060,,,LOW
본체,번개장터,406749195,구매율1위컴퓨터!최저가pc비교불가!!컴퓨터pc본체데스크탑조립식컴퓨터사무용,420000,판매중,,https://media.bunjang.co.kr/product/406749195_1_1778220776_w{res}.jpg,https://m.bunjang.co.kr/products/406749195,2026-05-08 15:12,구매율1위컴퓨터!최저가pc비교불가!!컴퓨터pc본체데스크탑조립식컴퓨터사무용,,,desktop,N,,SALE,,,,,UNKNOWN
본체,번개장터,406749149,"i5 9400F GTX1060 3G 롤,메이플,피파,던파,서든 상옵",460000,판매중,,https://media.bunjang.co.kr/product/406749149_1_1778220762_w{res}.jpg,https://m.bunjang.co.kr/products/406749149,2026-05-08 15:12,"i5 9400f gtx1060 3g 롤,메이플,피파,던파,서든 상옵",,,UNKNOWN,N,,SALE,I5 9400F,GTX1060,,,LOW
본체,번개장터,406749135,삼성 버즈 라이브 정품 충전기 충전본체 색상별,23000,판매중,,https://media.bunjang.co.kr/product/406749135_1_1778220754_w{res}.jpg,https://m.bunjang.co.kr/products/406749135,2026-05-08 15:12,삼성 버즈 라이브 충전기 충전본체 색상별,,,CHARGER,Y,,SALE,,,,,UNKNOWN
본체,번개장터,406749109,i5 6500 GTX 1060 3G 저사양 온라인게임 본체 가성비 컴퓨터,420000,판매중,,https://media.bunjang.co.kr/product/406749109_1_1778220746_w{res}.jpg,https://m.bunjang.co.kr/products/406749109,2026-05-08 15:12,i5 6500 gtx 1060 3g 저사양 온라인게임 본체 가성비 컴퓨터,,,desktop,N,,SALE,I5 6500,GTX1060,,,LOW
본체,번개장터,406749044,i5 9400F GTX1060 3G 롤 메이플 피파 던파 서든 상옵,460000,판매중,,https://media.bunjang.co.kr/product/406749044_1_1778220724_w{res}.jpg,https://m.bunjang.co.kr/products/406749044,2026-05-08 15:12,i5 9400f gtx1060 3g 롤 메이플 피파 던파 서든 상옵,,,UNKNOWN,N,,SALE,I5 9400F,GTX1060,,,LOW
본체,번개장터,406748931,아직도 현역! 갓성비 RTX2060 조합 컴퓨터 56만원 부터 판매합니다,910000,판매중,,https://media.bunjang.co.kr/product/406748931_1_1778220688_w{res}.jpg,https://m.bunjang.co.kr/products/406748931,2026-05-08 15:11,아직도 현역! 갓성비 rtx2060 조합 컴퓨터 56만원 부터,,,desktop,N,,SALE,,RTX2060,,,MID
본체,번개장터,94840294,[게임용 견적 및 모든견적 가능] 컴퓨터 풀세트 후기 참고 / 본체모니터,380000,판매중,,https://media.bunjang.co.kr/product/94840294_1_1771761051_w{res}.jpg,https://m.bunjang.co.kr/products/94840294,2026-05-08 15:09,[게임용 견적 및 모든견적 가능] 컴퓨터 풀세트 후기 참고 / 본체모니터,,,desktop,N,,SALE,,,,,UNKNOWN
본체,번개장터,406748151,게이밍컴퓨터모음 가성비본체모음 1060 2060,550000,판매중,,https://media.bunjang.co.kr/product/406748151_1_1778220440_w{res}.jpg,https://m.bunjang.co.kr/products/406748151,2026-05-08 15:07,게이밍컴퓨터모음 가성비본체모음 1060 2060,,,desktop,N,,SALE,,,,,UNKNOWN
본체,번개장터,338712248,i5 롤 풀옵 컴퓨터 본체 PC,180000,판매중,,https://media.bunjang.co.kr/product/338712248_1_1749614050_w{res}.jpg,https://m.bunjang.co.kr/products/338712248,2026-05-08 15:06,i5 롤 풀옵 컴퓨터 본체 pc,,,desktop,N,,SALE,,,,,UNKNOWN
본체,번개장터,338748565,i5 배그 중옵 컴퓨터 본체 중고케이스,350000,판매중,,https://media.bunjang.co.kr/product/338748565_1_1749627154_w{res}.jpg,https://m.bunjang.co.kr/products/338748565,2026-05-08 15:06,i5 배그 중옵 컴퓨터 본체 중고케이스,,,CASE,Y,,SALE,,,,,UNKNOWN
본체,번개장터,338740735,i5 배그 중옵 컴퓨터 본체 신품 어항케이스,396000,판매중,,https://media.bunjang.co.kr/product/338740735_1_1777337611_w{res}.jpg,https://m.bunjang.co.kr/products/338740735,2026-05-08 15:06,i5 배그 중옵 컴퓨터 본체 신품 어항케이스,,,CASE,Y,,SALE,,,,,UNKNOWN
본체,번개장터,338733012,i5 발로란트 풀옵 컴퓨터 본체,270000,판매중,,https://media.bunjang.co.kr/product/338733012_1_1749621910_w{res}.jpg,https://m.bunjang.co.kr/products/338733012,2026-05-08 15:06,i5 발로란트 풀옵 컴퓨터 본체,,,desktop,N,,SALE,,,,,UNKNOWN
본체,번개장터,338694181,i5 9세대 배그 중옵 컴퓨터 본체 중고케이스,420000,판매중,,https://media.bunjang.co.kr/product/338694181_1_1749606161_w{res}.jpg,https://m.bunjang.co.kr/products/338694181,2026-05-08 15:06,i5 9세대 배그 중옵 컴퓨터 본체 중고케이스,,,CASE,Y,,SALE,,,,,UNKNOWN
본체,번개장터,405592835,"i5-10세대, GTX 1660TI, 16G, SSD500G 게이밍 본체",590000,판매중,,https://media.bunjang.co.kr/product/405592835_1_1778131889_w{res}.jpg,https://m.bunjang.co.kr/products/405592835,2026-05-08 15:06,"i5-10세대, gtx 1660ti, 16g, ssd500g 게이밍 본체",,,desktop,N,,SALE,,GTX1660TI,,,LOW
본체,번개장터,406747940,판매1위 RTX5060 8GB장착! 인기가성비 게이밍컴퓨터 데스크탑본체,1520000,판매중,,https://media.bunjang.co.kr/product/406747940_1_1778220371_w{res}.jpg,https://m.bunjang.co.kr/products/406747940,2026-05-08 15:06,1위 rtx5060 8gb장착! 인기가성비 게이밍컴퓨터 데스크탑본체,,,desktop,N,,SALE,,RTX5060,,,UNKNOWN
본체,번개장터,406747724,번장 이벤트 사무용 주식 TM 카톡업무 컴퓨터 본체 최저가 판매!,150000,판매중,,https://media.bunjang.co.kr/product/406747724_1_1778220297_w{res}.jpg,https://m.bunjang.co.kr/products/406747724,2026-05-08 15:04,번장 이벤트 사무용 주식 tm 카톡업무 컴퓨터 본체 최저가 !,,,desktop,N,,SALE,,,,,UNKNOWN
본체,번개장터,406747487,에어팟4세대 본체 노캔X,63000,판매중,,https://media.bunjang.co.kr/product/406747487_1_1778220221_w{res}.jpg,https://m.bunjang.co.kr/products/406747487,2026-05-08 15:03,에어팟4세대 본체 노캔x,애플,에어팟,earphone,N,,SALE,,,,,UNKNOWN
본체,번개장터,406747470,가성비 인텔I5 엔비디아 RTX3060 게이밍컴퓨터본체,750000,판매중,,https://media.bunjang.co.kr/product/406747470_1_1778220216_w{res}.jpg,https://m.bunjang.co.kr/products/406747470,2026-05-08 15:03,가성비 인텔i5 엔비디아 rtx3060 게이밍컴퓨터본체,,,desktop,N,,SALE,,RTX3060,,,MID
본체,번개장터,403466963,인텔 8세대 사무용 데스크탑 본체 2대,160000,판매중,,https://media.bunjang.co.kr/product/403466963_1_1776926681_w{res}.jpg,https://m.bunjang.co.kr/products/403466963,2026-05-08 15:03,인텔 8세대 사무용 데스크탑 본체 2대,,,desktop,N,,SALE,,,,,UNKNOWN
본체,번개장터,391988055,사무용본체 i3 10100 기본사양 판매합니다 사무/주식/가정용pc,275000,판매중,,https://media.bunjang.co.kr/product/391988055_1_1776050211_w{res}.jpg,https://m.bunjang.co.kr/products/391988055,2026-05-08 15:02,사무용본체 i3 10100 기본사양 사무/주식/가정용pc,,,desktop,N,,SALE,I3 10100,,,,UNKNOWN
본체,번개장터,234859050,"라이젠 2200G,2400G,4600G,5500GT 내장그래픽 본체 판매",210000,판매중,,https://media.bunjang.co.kr/product/234859050_1_1774422518_w{res}.jpg,https://m.bunjang.co.kr/products/234859050,2026-05-08 15:02,"라이젠 2200g,2400g,4600g,5500gt 내장그래픽 본체",,,desktop,N,,SALE,,내장그래픽,,,LOW
본체,번개장터,406747155,사무용본체 완벽셋팅! 사무실 중고사무용컴퓨터 부모님선물용 데스크탑,280000,판매중,,https://media.bunjang.co.kr/product/406747155_1_1778220113_w{res}.jpg,https://m.bunjang.co.kr/products/406747155,2026-05-08 15:01,사무용본체 완벽셋팅! 사무실 중고사무용컴퓨터 부모님선물용 데스크탑,,,desktop,N,,SALE,,,,,UNKNOWN
본체,번개장터,406744181,i5 6500 SSD240 조립식 컴퓨터 pc 모음 윈도우 포함 빠른택배,560000,판매중,,https://media.bunjang.co.kr/product/406744181_1_1778219169_w{res}.jpg,https://m.bunjang.co.kr/products/406744181,2026-05-08 15:00,i5 6500 ssd240 조립식 컴퓨터 pc 모음 윈도우 포함 빠른,,,desktop,N,,SALE,I5 6500,,,,UNKNOWN
본체,번개장터,406733023,[새제품] RTX50시리즈 컴퓨터 인기 pc 전국 최저가 특가 판매 본체,1580000,판매중,,https://media.bunjang.co.kr/product/406733023_1_1778215230_w{res}.jpg,https://m.bunjang.co.kr/products/406733023,2026-05-08 15:00,[새제품] rtx50시리즈 컴퓨터 인기 pc 전국 최저가 특가 본체,,,desktop,N,,SALE,,,,,UNKNOWN
본체,번개장터,406713066,인텔 I5 14400F 최저가 판매 게이밍 본체 게임용 조립식 컴퓨터,1150000,판매중,,https://media.bunjang.co.kr/product/406713066_1_1778207321_w{res}.jpg,https://m.bunjang.co.kr/products/406713066,2026-05-08 15:00,인텔 i5 14400f 최저가 게이밍 본체 게임용 조립식 컴퓨터,,,desktop,N,,SALE,I5 14400F,,,,UNKNOWN
본체,번개장터,273957485,"컴퓨터부품, 컴퓨터,반본체 매입 합니다(cpu,ssd,램,그래픽카드)",1000000,판매중,,https://media.bunjang.co.kr/product/273957485_1_1777376160_w{res}.jpg,https://m.bunjang.co.kr/products/273957485,2026-05-08 15:00,"컴퓨터부품, 컴퓨터,반본체 매입 합니다(cpu,ssd,램,그래픽카드)",,,PARTS,Y,,SALE,,,,,UNKNOWN
본체,번개장터,406746736,비비탄총 에어소프트건 본체,500000,판매중,,https://media.bunjang.co.kr/product/406746736_1_1778219999_w{res}.jpg,https://m.bunjang.co.kr/products/406746736,2026-05-08 14:59,비비탄총 에어소프트건 본체,,,desktop,N,,SALE,,,,,UNKNOWN
본체,번개장터,406744108,삼성본체 업무용,155000,판매중,,https://media.bunjang.co.kr/product/406744108_1_1778219144_w{res}.jpg,https://m.bunjang.co.kr/products/406744108,2026-05-08 14:58,삼성본체 업무용,,,desktop,N,,SALE,,,,,UNKNOWN
본체,번개장터,404999982,"i5 10400F, 64gb  본체",890000,판매중,,https://media.bunjang.co.kr/product/404999982_1_1777846946_w{res}.jpg,https://m.bunjang.co.kr/products/404999982,2026-05-08 14:54,"i5 10400f, 64gb 본체",,,desktop,N,64.0,SALE,I5 10400F,,,,UNKNOWN
본체,번개장터,406745672,"사무용/게임용 본체 컴퓨터 배그,롤,오버워치,서든 등등 완벽지원!",150000,판매중,,https://media.bunjang.co.kr/product/406745672_1_1778219621_w{res}.jpg,https://m.bunjang.co.kr/products/406745672,2026-05-08 14:53,"사무용/게임용 본체 컴퓨터 배그,롤,오버워치,서든 등등 완벽지원!",,,desktop,N,,SALE,,,,,UNKNOWN
본체,번개장터,406745624,사무용 사무실 컴퓨터는 꼭 여기서!본체컴퓨터데스크탑pc조립식컴퓨터,270000,판매중,,https://media.bunjang.co.kr/product/406745624_1_1778219606_w{res}.jpg,https://m.bunjang.co.kr/products/406745624,2026-05-08 14:53,사무용 사무실 컴퓨터는 꼭 여기서!본체컴퓨터데스크탑pc조립식컴퓨터,,,desktop,N,,SALE,,,,,UNKNOWN
본체,번개장터,406745620,조립식컴퓨터 사무용 사무실 컴퓨터 업무용PC,270000,판매중,,https://media.bunjang.co.kr/product/406745620_1_1778219604_w{res}.jpg,https://m.bunjang.co.kr/products/406745620,2026-05-08 14:53,조립식컴퓨터 사무용 사무실 컴퓨터 업무용pc,,,desktop,N,,SALE,,,,,UNKNOWN
본체,번개장터,406745599,가성비 사무용 업무용 조립 PC 컴퓨터 본체,270000,판매중,,https://media.bunjang.co.kr/product/406745599_1_1778219598_w{res}.jpg,https://m.bunjang.co.kr/products/406745599,2026-05-08 14:53,가성비 사무용 업무용 조립 pc 컴퓨터 본체,,,desktop,N,,SALE,,,,,UNKNOWN
본체,번개장터,406745579,가성비 본체 싹 다 여기있습니다컴퓨터본체pc데스크탑조립식최저가PC,270000,판매중,,https://media.bunjang.co.kr/product/406745579_1_1778219591_w{res}.jpg,https://m.bunjang.co.kr/products/406745579,2026-05-08 14:53,가성비 본체 싹 다 여기있습니다컴퓨터본체pc데스크탑조립식최저가pc,,,desktop,N,,SALE,,,,,UNKNOWN
본체,번개장터,406745553,i5 9400F/RTX 2060 블랙&화이트 공냉 게이밍 컴퓨터 본체,680000,판매중,,https://media.bunjang.co.kr/product/406745553_1_1778219583_w{res}.jpg,https://m.bunjang.co.kr/products/406745553,2026-05-08 14:53,i5 9400f/rtx 2060 블랙&화이트 공냉 게이밍 컴퓨터 본체,,,desktop,N,,SALE,I5 9400F,RTX2060,,,MID
본체,번개장터,406745539,사무용부터 게이밍용까지!컴퓨터본체데스크탑PC조립식컴퓨터,440000,판매중,,https://media.bunjang.co.kr/product/406745539_1_1778219581_w{res}.jpg,https://m.bunjang.co.kr/products/406745539,2026-05-08 14:53,사무용부터 게이밍용까지!컴퓨터본체데스크탑pc조립식컴퓨터,,,desktop,N,,SALE,,,,,UNKNOWN
본체,번개장터,406745519,배그풀옵/팰월드/고사양게이밍 컴퓨터 본체 i5 9400F/RTX 2060,600000,판매중,,https://media.bunjang.co.kr/product/406745519_1_1778219575_w{res}.jpg,https://m.bunjang.co.kr/products/406745519,2026-05-08 14:52,배그풀옵/팰월드/고사양게이밍 컴퓨터 본체 i5 9400f/rtx 2060,,,desktop,N,,SALE,I5 9400F,RTX2060,,,MID
본체,번개장터,406745514,컴퓨터 최저가로 구매하자최저가보장컴퓨터본체데스크탑pc조립식컴퓨터,280000,판매중,,https://media.bunjang.co.kr/product/406745514_1_1778219573_w{res}.jpg,https://m.bunjang.co.kr/products/406745514,2026-05-08 14:52,컴퓨터 최저가로 구매하자최저가보장컴퓨터본체데스크탑pc조립식컴퓨터,,,desktop,N,,SALE,,,,,UNKNOWN
본체,번개장터,406745499,고사양RTX2060 6G 최저가컴퓨터본체pc데스크탑조립식컴퓨터,600000,판매중,,https://media.bunjang.co.kr/product/406745499_1_1778219569_w{res}.jpg,https://m.bunjang.co.kr/products/406745499,2026-05-08 14:52,고사양rtx2060 6g 최저가컴퓨터본체pc데스크탑조립식컴퓨터,,,desktop,N,,SALE,,RTX2060,,,MID
본체,번개장터,406745455,번장1위컴퓨터!최저가pc비교불가!!컴퓨터pc본체데스크탑조립식컴퓨터사무용,270000,판매중,,https://media.bunjang.co.kr/product/406745455_1_1778219558_w{res}.jpg,https://m.bunjang.co.kr/products/406745455,2026-05-08 14:52,번장1위컴퓨터!최저가pc비교불가!!컴퓨터pc본체데스크탑조립식컴퓨터사무용,,,desktop,N,,SALE,,,,,UNKNOWN
본체,번개장터,389460480,컴퓨터(7800X3d 반본체) 0017,2350000,판매중,,https://media.bunjang.co.kr/product/389460480_1_1777944340_w{res}.jpg,https://m.bunjang.co.kr/products/389460480,2026-05-08 14:51,컴퓨터(7800x3d 반본체) 0017,,,desktop,N,,SALE,,,,,UNKNOWN
본체,번개장터,261143475,삼성컴퓨터본체DM500T9A-A58,700000,판매중,,https://media.bunjang.co.kr/product/261143475_1_1772161038_w{res}.jpg,https://m.bunjang.co.kr/products/261143475,2026-05-08 14:49,삼성컴퓨터본체dm500t9a-a58,,,desktop,N,,SALE,,,,,UNKNOWN
본체,번개장터,406744853,에어팟 2 세대 유선충전 본체,15000,판매중,,https://media.bunjang.co.kr/product/406744853_1_1778219369_w{res}.jpg,https://m.bunjang.co.kr/products/406744853,2026-05-08 14:49,에어팟 2 세대 유선충전 본체,애플,에어팟,earphone,N,,SALE,,,,,UNKNOWN
본체,번개장터,406744390,[번장특판 컴퓨터 이벤트]RTX 3060TI 모음 본체 최저가 한정수량,720000,판매중,,https://media.bunjang.co.kr/product/406744390_1_1778219233_w{res}.jpg,https://m.bunjang.co.kr/products/406744390,2026-05-08 14:47,[번장특판 컴퓨터 이벤트]rtx 3060ti 모음 본체 최저가 한정수량,,,desktop,N,,SALE,,RTX3060TI,,,MID
본체,번개장터,406744034,"게이밍 게임용컴퓨터, 중고 조립식컴퓨터 i5 컴퓨터본체",470000,판매중,,https://media.bunjang.co.kr/product/406744034_1_1778219120_w{res}.jpg,https://m.bunjang.co.kr/products/406744034,2026-05-08 14:45,"게이밍 게임용컴퓨터, 중고 조립식컴퓨터 i5 컴퓨터본체",,,desktop,N,,SALE,,,,,UNKNOWN
본체,번개장터,406744026,게이밍컴퓨터모음 가성비본체모음 1060 2060,550000,판매중,,https://media.bunjang.co.kr/product/406744026_1_1778219117_w{res}.jpg,https://m.bunjang.co.kr/products/406744026,2026-05-08 14:45,게이밍컴퓨터모음 가성비본체모음 1060 2060,,,desktop,N,,SALE,,,,,UNKNOWN
본체,번개장터,349036775,라이젠 새상품급 게이밍 컴퓨터 팝니당,610000,판매중,,https://media.bunjang.co.kr/product/349036775_1_1777875005_w{res}.jpg,https://m.bunjang.co.kr/products/349036775,2026-05-08 14:45,라이젠 급 게이밍 컴퓨터 팝니당,,,desktop,N,,SALE,,,,,UNKNOWN
본체,번개장터,225376429,[LED케이스무료업글] 게이밍컴퓨터 풀세트 린클 롤 발로란트 배그 서든,720000,판매중,,https://media.bunjang.co.kr/product/225376429_1_1775719003_w{res}.jpg,https://m.bunjang.co.kr/products/225376429,2026-05-08 14:44,[led케이스무료업글] 게이밍컴퓨터 풀세트 린클 롤 발로란트 배그 서든,,,CASE,Y,,SALE,,,,,UNKNOWN
본체,번개장터,209058294,[LED케이스무료업글] 리니지클래식 게이밍풀세트구성 바로사용가능,720000,판매중,,https://media.bunjang.co.kr/product/209058294_1_1775718955_w{res}.jpg,https://m.bunjang.co.kr/products/209058294,2026-05-08 14:44,[led케이스무료업글] 리니지클래식 게이밍풀세트구성 바로사용가능,,,CASE,Y,,SALE,,,,,UNKNOWN
본체,번개장터,406743760,최저가 컴퓨터 pc 모음 컴퓨터 여기서 안전하게 구매하세요! 안산 본체,1010000,판매중,,https://media.bunjang.co.kr/product/406743760_1_1778219026_w{res}.jpg,https://m.bunjang.co.kr/products/406743760,2026-05-08 14:43,최저가 컴퓨터 pc 모음 컴퓨터 여기서 안전하게 구매하세요! 안산 본체,,,desktop,N,,SALE,,,,,UNKNOWN
본체,번개장터,406743631,인기 pc RTX2070 게임용 조립식 컴퓨터 최저가 판매합니다!,1150000,판매중,,https://media.bunjang.co.kr/product/406743631_1_1778218983_w{res}.jpg,https://m.bunjang.co.kr/products/406743631,2026-05-08 14:43,인기 pc rtx2070 게임용 조립식 컴퓨터 최저가 !,,,desktop,N,,SALE,,RTX2070,,,MID
본체,번개장터,406743506,5점 만점 후기! 최저가로 판매합니다 조립식 게이밍 컴퓨터 pc 모음,1010000,판매중,,https://media.bunjang.co.kr/product/406743506_1_1778218937_w{res}.jpg,https://m.bunjang.co.kr/products/406743506,2026-05-08 14:42,5점 만점 후기! 최저가로 조립식 게이밍 컴퓨터 pc 모음,,,desktop,N,,SALE,,,,,UNKNOWN
본체,번개장터,406743375,[번장특판 컴퓨터 이벤트]RTX 3060TI 모음 본체 최저가 한정수량,720000,판매중,,https://media.bunjang.co.kr/product/406743375_1_1778218894_w{res}.jpg,https://m.bunjang.co.kr/products/406743375,2026-05-08 14:41,[번장특판 컴퓨터 이벤트]rtx 3060ti 모음 본체 최저가 한정수량,,,desktop,N,,SALE,,RTX3060TI,,,MID
본체,번개장터,406743279,[새제품] RTX50시리즈 컴퓨터 인기 pc 전국 최저가 특가 판매 본체,1580000,판매중,,https://media.bunjang.co.kr/product/406743279_1_1778218858_w{res}.jpg,https://m.bunjang.co.kr/products/406743279,2026-05-08 14:40,[새제품] rtx50시리즈 컴퓨터 인기 pc 전국 최저가 특가 본체,,,desktop,N,,SALE,,,,,UNKNOWN
본체,번개장터,402565401,에어팟 프로2 8핀 본체,45000,판매중,,https://media.bunjang.co.kr/product/402565401_1_1776798157_w{res}.jpg,https://m.bunjang.co.kr/products/402565401,2026-05-08 14:40,에어팟 프로2 8핀 본체,애플,에어팟 프로,earphone,N,,SALE,,,,,UNKNOWN
본체,번개장터,406514066,닌텐도 스위치2 본체 팝니다,630000,판매중,,https://media.bunjang.co.kr/product/406514066_1_1778121024_w{res}.jpg,https://m.bunjang.co.kr/products/406514066,2026-05-08 14:39,닌텐도 스위치2 본체,,,desktop,N,,SALE,,,,,UNKNOWN
본체,번개장터,406742968,[전부새제품] RTX50시리즈 파격 할인 특가 판매 조립식 컴퓨터,1590000,판매중,,https://media.bunjang.co.kr/product/406742968_1_1778218740_w{res}.jpg,https://m.bunjang.co.kr/products/406742968,2026-05-08 14:39,[전부새제품] rtx50시리즈 파격 할인 특가 조립식 컴퓨터,,,desktop,N,,SALE,,,,,UNKNOWN
본체,번개장터,400846817,에어팟 프로2 8핀 본체,45000,판매중,,https://media.bunjang.co.kr/product/400846817_1_1776596450_w{res}.jpg,https://m.bunjang.co.kr/products/400846817,2026-05-08 14:38,에어팟 프로2 8핀 본체,애플,에어팟 프로,earphone,N,,SALE,,,,,UNKNOWN
본체,번개장터,356418575,전주컴퓨터 라이젠5600 RTX5060 게이밍본체 신품,1350000,판매중,,https://media.bunjang.co.kr/product/356418575_1_1770078173_w{res}.jpg,https://m.bunjang.co.kr/products/356418575,2026-05-08 14:37,전주컴퓨터 라이젠5600 rtx5060 게이밍본체 신품,,,desktop,N,,SALE,RYZEN5600,RTX5060,,,UNKNOWN
본체,번개장터,406732352,여름 맞이 파격 할인! 게임용 컴퓨터 49만원 부터 판매합니다 pc 본체,630000,판매중,,https://media.bunjang.co.kr/product/406732352_1_1778214965_w{res}.jpg,https://m.bunjang.co.kr/products/406732352,2026-05-08 14:35,여름 맞이 파격 할인! 게임용 컴퓨터 49만원 부터 pc 본체,,,desktop,N,,SALE,,,,,UNKNOWN
본체,번개장터,406712443,28만원! 사무용 업무용 컴퓨터 여기서 구매하세요! 조립식 컴퓨터 본체,280000,판매중,,https://media.bunjang.co.kr/product/406712443_1_1778207101_w{res}.jpg,https://m.bunjang.co.kr/products/406712443,2026-05-08 14:35,28만원! 사무용 업무용 컴퓨터 여기서 구매하세요! 조립식 컴퓨터 본체,,,desktop,N,,SALE,,,,,UNKNOWN
본체,번개장터,406707512,인텔 I5 14400F 최저가 판매 게이밍 본체 게임용 조립식 컴퓨터,1150000,판매중,,https://media.bunjang.co.kr/product/406707512_1_1778205153_w{res}.jpg,https://m.bunjang.co.kr/products/406707512,2026-05-08 14:35,인텔 i5 14400f 최저가 게이밍 본체 게임용 조립식 컴퓨터,,,desktop,N,,SALE,I5 14400F,,,,UNKNOWN
본체,번개장터,406742079,"최저가 컴퓨터 구매율1위 사무용PC,게이밍PC 판매합니다",150000,판매중,,https://media.bunjang.co.kr/product/406742079_1_1778218417_w{res}.jpg,https://m.bunjang.co.kr/products/406742079,2026-05-08 14:33,"최저가 컴퓨터 구매율1위 사무용pc,게이밍pc",,,desktop,N,,SALE,,,,,UNKNOWN
본체,번개장터,406742015,초특가본체 RTX2060 6GB 중고가성비 인기게이밍 컴퓨터 데스크탑,610000,판매중,,https://media.bunjang.co.kr/product/406742015_1_1778218401_w{res}.jpg,https://m.bunjang.co.kr/products/406742015,2026-05-08 14:33,초특가본체 rtx2060 6gb 중고가성비 인기게이밍 컴퓨터 데스크탑,,,desktop,N,,SALE,,RTX2060,,,MID
본체,번개장터,406741927,배그중상옵 롤 오버워치 컴퓨터 본체 i5 7500/GTX 1060,440000,판매중,,https://media.bunjang.co.kr/product/406741927_1_1778218372_w{res}.jpg,https://m.bunjang.co.kr/products/406741927,2026-05-08 14:32,배그중상옵 롤 오버워치 컴퓨터 본체 i5 7500/gtx 1060,,,desktop,N,,SALE,I5 7500,GTX1060,,,LOW
본체,번개장터,406741914,간단한 업무용 사무용 조립 PC 컴퓨터 본체,270000,판매중,,https://media.bunjang.co.kr/product/406741914_1_1778218368_w{res}.jpg,https://m.bunjang.co.kr/products/406741914,2026-05-08 14:32,간단한 업무용 사무용 조립 pc 컴퓨터 본체,,,desktop,N,,SALE,,,,,UNKNOWN
본체,번개장터,406741879,메이플 롤 피파 던파 게이밍 컴퓨터 본체 i5 6500/GTX 1060,420000,판매중,,https://media.bunjang.co.kr/product/406741879_1_1778218356_w{res}.jpg,https://m.bunjang.co.kr/products/406741879,2026-05-08 14:32,메이플 롤 피파 던파 게이밍 컴퓨터 본체 i5 6500/gtx 1060,,,desktop,N,,SALE,I5 6500,GTX1060,,,LOW
본체,번개장터,406741859,컴퓨터 최저가로 구매하자최저가보장컴퓨터본체데스크탑pc조립식컴퓨터,280000,판매중,,https://media.bunjang.co.kr/product/406741859_1_1778218352_w{res}.jpg,https://m.bunjang.co.kr/products/406741859,2026-05-08 14:32,컴퓨터 최저가로 구매하자최저가보장컴퓨터본체데스크탑pc조립식컴퓨터,,,desktop,N,,SALE,,,,,UNKNOWN
본체,번개장터,406741815,고사양RTX2060 6G 최저가컴퓨터본체pc데스크탑조립식컴퓨터,600000,판매중,,https://media.bunjang.co.kr/product/406741815_1_1778218335_w{res}.jpg,https://m.bunjang.co.kr/products/406741815,2026-05-08 14:32,고사양rtx2060 6g 최저가컴퓨터본체pc데스크탑조립식컴퓨터,,,desktop,N,,SALE,,RTX2060,,,MID
본체,번개장터,406741808,고사양RTX2060 6G 최저가컴퓨터본체pc데스크탑조립식컴퓨터,600000,판매중,,https://media.bunjang.co.kr/product/406741808_1_1778218335_w{res}.jpg,https://m.bunjang.co.kr/products/406741808,2026-05-08 14:32,고사양rtx2060 6g 최저가컴퓨터본체pc데스크탑조립식컴퓨터,,,desktop,N,,SALE,,RTX2060,,,MID
본체,번개장터,406741807,고사양RTX2060 6G 최저가컴퓨터본체pc데스크탑조립식컴퓨터,600000,판매중,,https://media.bunjang.co.kr/product/406741807_1_1778218334_w{res}.jpg,https://m.bunjang.co.kr/products/406741807,2026-05-08 14:32,고사양rtx2060 6g 최저가컴퓨터본체pc데스크탑조립식컴퓨터,,,desktop,N,,SALE,,RTX2060,,,MID
본체,번개장터,406741743,번장1위컴퓨터!최저가pc비교불가!!컴퓨터pc본체데스크탑조립식컴퓨터사무용,270000,판매중,,https://media.bunjang.co.kr/product/406741743_1_1778218310_w{res}.jpg,https://m.bunjang.co.kr/products/406741743,2026-05-08 14:31,번장1위컴퓨터!최저가pc비교불가!!컴퓨터pc본체데스크탑조립식컴퓨터사무용,,,desktop,N,,SALE,,,,,UNKNOWN
본체,번개장터,406741728,컴퓨터 본체 사무용 듀얼모니터 강추 i5 6500 GTX 1060 3G,420000,판매중,,https://media.bunjang.co.kr/product/406741728_1_1778218305_w{res}.jpg,https://m.bunjang.co.kr/products/406741728,2026-05-08 14:31,컴퓨터 본체 사무용 듀얼모니터 강추 i5 6500 gtx 1060 3g,,,desktop,N,,SALE,I5 6500,GTX1060,,,LOW
본체,번개장터,406741668,구매율1위컴퓨터!최저가pc비교불가!!컴퓨터pc본체데스크탑조립식컴퓨터사무용,420000,판매중,,https://media.bunjang.co.kr/product/406741668_1_1778218283_w{res}.jpg,https://m.bunjang.co.kr/products/406741668,2026-05-08 14:31,구매율1위컴퓨터!최저가pc비교불가!!컴퓨터pc본체데스크탑조립식컴퓨터사무용,,,desktop,N,,SALE,,,,,UNKNOWN
본체,번개장터,406741645,택포) 에어팟 프로 1세대 본체 A급,45000,판매중,,https://media.bunjang.co.kr/product/406741645_1_1778218277_w{res}.jpg,https://m.bunjang.co.kr/products/406741645,2026-05-08 14:31,) 에어팟 프로 1세대 본체 a급,애플,에어팟 프로,earphone,N,,SALE,,,,,UNKNOWN
본체,번개장터,398033335,컴퓨터본체  게임용  i5  9400 대박 특가   gtx1060(6},460000,판매중,,https://media.bunjang.co.kr/product/398033335_1_1778222871_w{res}.jpg,https://m.bunjang.co.kr/products/398033335,2026-05-08 14:31,컴퓨터본체 게임용 i5 9400 대박 특가 gtx1060(6},,,desktop,N,,SALE,,GTX1060,,,LOW
본체,번개장터,406741532,특가본체! RTX5060Ti 8G 인기구성! 고사양 게이밍컴퓨터 데스크탑,1550000,판매중,,https://media.bunjang.co.kr/product/406741532_1_1778218235_w{res}.jpg,https://m.bunjang.co.kr/products/406741532,2026-05-08 14:30,특가본체! rtx5060ti 8g 인기구성! 고사양 게이밍컴퓨터 데스크탑,,,desktop,N,,SALE,,RTX5060TI,,,UNKNOWN
본체,번개장터,273807075,*안심상점* 에어팟프로2 c타입 본체 (단품) 판매합니다,65000,판매중,,https://media.bunjang.co.kr/product/273807075_1_1776392217_w{res}.jpg,https://m.bunjang.co.kr/products/273807075,2026-05-08 14:29,*안심상점* 에어팟프로2 c타입 본체 (단품),애플,에어팟 프로,earphone,N,,SALE,,,,,UNKNOWN
본체,번개장터,268077533,<B급> 에어팟2세대 본체 (단품) 판매합니다.,8000,판매중,,https://media.bunjang.co.kr/product/268077533_1_1765279882_w{res}.jpg,https://m.bunjang.co.kr/products/268077533,2026-05-08 14:29,<b급> 에어팟2세대 본체 (단품) .,애플,에어팟 2세대,earphone,N,,SALE,,,,,UNKNOWN
본체,번개장터,273814603,<안심상점> 에어팟프로2 라이트닝 본체 (단품) 판매합니다,59000,판매중,,https://media.bunjang.co.kr/product/273814603_1_1740545291_w{res}.jpg,https://m.bunjang.co.kr/products/273814603,2026-05-08 14:29,<안심상점> 에어팟프로2 라이트닝 본체 (단품),애플,에어팟 프로,earphone,N,,SALE,,,,,UNKNOWN
본체,번개장터,313260587,"윈도우 11프로 fpp (USB,정품인증카드) 처음사용자용",70000,판매중,,https://media.bunjang.co.kr/product/313260587_1_1776934467_w{res}.jpg,https://m.bunjang.co.kr/products/313260587,2026-05-08 14:29,"윈도우 11프로 fpp (usb,인증카드) 처음사용자용",,,UNKNOWN,N,,SALE,,,,,UNKNOWN
본체,번개장터,264263526,*안심상점* 에어팟프로1세대 본체  판매합니다.,39000,판매중,,https://media.bunjang.co.kr/product/264263526_1_1770996217_w{res}.jpg,https://m.bunjang.co.kr/products/264263526,2026-05-08 14:29,*안심상점* 에어팟프로1세대 본체 .,애플,에어팟 프로,earphone,N,,SALE,,,,,UNKNOWN
본체,번개장터,406076167,에어팟 프로 1세대 본체 맥세이프 8핀,45000,판매중,,https://media.bunjang.co.kr/product/406076167_1_1777953514_w{res}.jpg,https://m.bunjang.co.kr/products/406076167,2026-05-08 14:29,에어팟 프로 1세대 본체 맥세이프 8핀,애플,에어팟 프로,ACCESSORY,Y,,SALE,,,,,UNKNOWN
본체,번개장터,248149181,"정품 윈도우11 프로 , 홈 dsp 패키지 팝니다 CD,정품",25000,판매중,,https://media.bunjang.co.kr/product/248149181_1_1775805743_w{res}.jpg,https://m.bunjang.co.kr/products/248149181,2026-05-08 14:29,"윈도우11 프로 , 홈 dsp 패키지 cd,",,,UNKNOWN,N,,SALE,,,,,UNKNOWN
본체,번개장터,406741215,인텔 250KF Plus 15세대 최신사양! 디자인작업용 게이밍컴퓨터본체,1270000,판매중,,https://media.bunjang.co.kr/product/406741215_1_1778218128_w{res}.jpg,https://m.bunjang.co.kr/products/406741215,2026-05-08 14:28,인텔 250kf plus 15세대 최신사양! 디자인작업용 게이밍컴퓨터본체,,,desktop,N,,SALE,,,,,UNKNOWN
본체,번개장터,406741113,한정수량! RTX2070 8GB 본체사양 인기가성비 게이밍 컴퓨터데스크탑,630000,판매중,,https://media.bunjang.co.kr/product/406741113_1_1778218094_w{res}.jpg,https://m.bunjang.co.kr/products/406741113,2026-05-08 14:28,한정수량! rtx2070 8gb 본체사양 인기가성비 게이밍 컴퓨터데스크탑,,,desktop,N,,SALE,,RTX2070,,,MID
본체,번개장터,402358412,울트라7 270k plus 5080 인텔 본체 팝니다,4700000,판매중,,https://media.bunjang.co.kr/product/402358412_1_1776482722_w{res}.jpg,https://m.bunjang.co.kr/products/402358412,2026-05-08 14:25,울트라7 270k plus 5080 인텔 본체,,,desktop,N,,SALE,,,,,UNKNOWN
본체,번개장터,406740656,닌텐도 스위치 본체만 판매 ㅋㅍ 안되는 시리얼,103000,판매중,,https://media.bunjang.co.kr/product/406740656_1_1778217935_w{res}.jpg,https://m.bunjang.co.kr/products/406740656,2026-05-08 14:25,닌텐도 스위치 본체만 ㅋㅍ 안되는 시리얼,,,desktop,N,,SALE,,,,,UNKNOWN
본체,번개장터,406609464,7800x3d & 5060 화이트 게이밍 PC 본체 [서울],1640000,판매중,,https://media.bunjang.co.kr/product/406609464_1_1778160231_w{res}.jpg,https://m.bunjang.co.kr/products/406609464,2026-05-08 14:24,7800x3d & 5060 화이트 게이밍 pc 본체 [서울],,,desktop,N,,SALE,,,,,UNKNOWN
본체,번개장터,403320994,7800x3d + 5070 + 32GB 블랙 고사양 컴퓨터 본체 [서울],2540000,판매중,,https://media.bunjang.co.kr/product/403320994_1_1777998167_w{res}.jpg,https://m.bunjang.co.kr/products/403320994,2026-05-08 14:24,7800x3d + 5070 + 32gb 블랙 고사양 컴퓨터 본체 [서울],,,desktop,N,32.0,SALE,,,,,UNKNOWN
본체,번개장터,58117872,배그 게이밍 i5-7500 / GTX1060 컴퓨터 중고 본체 PC,370000,판매중,,https://media.bunjang.co.kr/product/58117872_1_1698988239_w{res}.jpg,https://m.bunjang.co.kr/products/58117872,2026-05-08 14:24,배그 게이밍 i5-7500 / gtx1060 컴퓨터 중고 본체 pc,,,desktop,N,,SALE,I5-7500,GTX1060,,,LOW
본체,번개장터,54501610,i5-9400F / RTX2060 중고 컴퓨터 본체 게임용 조립 PC,660000,판매중,,https://media.bunjang.co.kr/product/54501610_1_1772606508_w{res}.jpg,https://m.bunjang.co.kr/products/54501610,2026-05-08 14:24,i5-9400f / rtx2060 중고 컴퓨터 본체 게임용 조립 pc,,,desktop,N,,SALE,I5-9400F,RTX2060,,,MID
본체,번개장터,97654056,중고 R5 5600X 게이밍 본체 컴퓨터 조립 배그 PC 라이젠,720000,판매중,,https://media.bunjang.co.kr/product/97654056_1_1771555262_w{res}.jpg,https://m.bunjang.co.kr/products/97654056,2026-05-08 14:24,중고 r5 5600x 게이밍 본체 컴퓨터 조립 배그 pc 라이젠,,,desktop,N,,SALE,,,,,UNKNOWN
본체,번개장터,406740253,성인PC방 맞춤 전용 프리미엄 가성비 컴퓨터 본체 모니터 풀세트 팝니다,150000,판매중,,https://media.bunjang.co.kr/product/406740253_1_1778217807_w{res}.jpg,https://m.bunjang.co.kr/products/406740253,2026-05-08 14:23,성인pc방 맞춤 전용 프리미엄 가성비 컴퓨터 본체 모니터 풀세트,,,desktop,N,,SALE,,,,,UNKNOWN
본체,번개장터,406740110,RTX2060 게이밍 게임용 중고컴퓨터 저렴 조립컴퓨터본체,390000,판매중,,https://media.bunjang.co.kr/product/406740110_1_1778217759_w{res}.jpg,https://m.bunjang.co.kr/products/406740110,2026-05-08 14:22,rtx2060 게이밍 게임용 중고컴퓨터 저렴 조립컴퓨터본체,,,desktop,N,,SALE,,RTX2060,,,MID
본체,번개장터,299864243,"SK 하이닉스 메모리 8GB, 4GB 판매합니다",22000,판매중,,https://media.bunjang.co.kr/product/299864243_1_1773010439_w{res}.jpg,https://m.bunjang.co.kr/products/299864243,2026-05-08 14:21,"sk 하이닉스 메모리 8gb, 4gb",,,UNKNOWN,N,,SALE,,,8.0,,UNKNOWN
본체,번개장터,406739437,[번장1등 컴퓨터 풀셋트 본체]한정수량 초특가 이벤트 판매 합니다,285000,판매중,,https://media.bunjang.co.kr/product/406739437_1_1778217531_w{res}.jpg,https://m.bunjang.co.kr/products/406739437,2026-05-08 14:18,[번장1등 컴퓨터 풀셋트 본체]한정수량 초특가 이벤트 합니다,,,desktop,N,,SALE,,,,,UNKNOWN
본체,번개장터,406739330,[번장1등 컴퓨터 풀셋트 본체]한정수량 초특가 이벤트 판매 합니다,285000,판매중,,https://media.bunjang.co.kr/product/406739330_1_1778217491_w{res}.jpg,https://m.bunjang.co.kr/products/406739330,2026-05-08 14:18,[번장1등 컴퓨터 풀셋트 본체]한정수량 초특가 이벤트 합니다,,,desktop,N,,SALE,,,,,UNKNOWN
본체,번개장터,406739033,프리미엄! 성인PC방 맞춤 전용 가성비 컴퓨터 본체 모니터 풀세트 판매,150000,판매중,,https://media.bunjang.co.kr/product/406739033_1_1778217386_w{res}.jpg,https://m.bunjang.co.kr/products/406739033,2026-05-08 14:16,프리미엄! 성인pc방 맞춤 전용 가성비 컴퓨터 본체 모니터 풀세트,,,desktop,N,,SALE,,,,,UNKNOWN
본체,번개장터,406726844,여름 맞이 파격 할인! 게임용 컴퓨터 49만원 부터 판매합니다 pc 본체,630000,판매중,,https://media.bunjang.co.kr/product/406726844_1_1778212844_w{res}.jpg,https://m.bunjang.co.kr/products/406726844,2026-05-08 14:16,여름 맞이 파격 할인! 게임용 컴퓨터 49만원 부터 pc 본체,,,desktop,N,,SALE,,,,,UNKNOWN
본체,번개장터,406721852,[새제품] RTX50시리즈 컴퓨터 인기 pc 전국 최저가 특가 판매 본체,1580000,판매중,,https://media.bunjang.co.kr/product/406721852_1_1778210860_w{res}.jpg,https://m.bunjang.co.kr/products/406721852,2026-05-08 14:16,[새제품] rtx50시리즈 컴퓨터 인기 pc 전국 최저가 특가 본체,,,desktop,N,,SALE,,,,,UNKNOWN
본체,번개장터,406692681,28만원! 사무용 업무용 컴퓨터 여기서 구매하세요! 조립식 컴퓨터 본체,280000,판매중,,https://media.bunjang.co.kr/product/406692681_1_1778197165_w{res}.jpg,https://m.bunjang.co.kr/products/406692681,2026-05-08 14:16,28만원! 사무용 업무용 컴퓨터 여기서 구매하세요! 조립식 컴퓨터 본체,,,desktop,N,,SALE,,,,,UNKNOWN
본체,번개장터,406633196,i5 6500 SSD240 조립식 컴퓨터 pc 모음 윈도우 포함 빠른택배,560000,판매중,,https://media.bunjang.co.kr/product/406633196_1_1778160224_w{res}.jpg,https://m.bunjang.co.kr/products/406633196,2026-05-08 14:16,i5 6500 ssd240 조립식 컴퓨터 pc 모음 윈도우 포함 빠른,,,desktop,N,,SALE,I5 6500,,,,UNKNOWN
본체,번개장터,128066846,인텔i5-8600k/1060/16G/신품 케이스 게이밍 컴퓨터,400000,판매중,,https://media.bunjang.co.kr/product/128066846_1_1777771662_w{res}.jpg,https://m.bunjang.co.kr/products/128066846,2026-05-08 14:15,인텔i5-8600k/1060/16g/신품 케이스 게이밍 컴퓨터,,,CASE,Y,,SALE,I5-8600K,,,,UNKNOWN
본체,번개장터,406738742,사무용/게임용 최저가 컴퓨터 조립식PC,150000,판매중,,https://media.bunjang.co.kr/product/406738742_1_1778217273_w{res}.jpg,https://m.bunjang.co.kr/products/406738742,2026-05-08 14:14,사무용/게임용 최저가 컴퓨터 조립식pc,,,desktop,N,,SALE,,,,,UNKNOWN
본체,번개장터,406738620,여름 맞이 파격 할인! 게임용 컴퓨터 49만원 부터 판매합니다 pc 본체,630000,판매중,,https://media.bunjang.co.kr/product/406738620_1_1778217236_w{res}.jpg,https://m.bunjang.co.kr/products/406738620,2026-05-08 14:13,여름 맞이 파격 할인! 게임용 컴퓨터 49만원 부터 pc 본체,,,desktop,N,,SALE,,,,,UNKNOWN
본체,번개장터,406738553,(가성비끝판왕) 사무용/게이밍 총집합 괴물 컴퓨터 데스크탑,150000,판매중,,https://media.bunjang.co.kr/product/406738553_1_1778217214_w{res}.jpg,https://m.bunjang.co.kr/products/406738553,2026-05-08 14:13,(가성비끝판왕) 사무용/게이밍 총집합 괴물 컴퓨터 데스크탑,,,desktop,N,,SALE,,,,,UNKNOWN
본체,번개장터,406738312,i5 9400F GTX1060 3G 롤 메이플 피파 던파 서든 상옵,460000,판매중,,https://media.bunjang.co.kr/product/406738312_1_1778217132_w{res}.jpg,https://m.bunjang.co.kr/products/406738312,2026-05-08 14:12,i5 9400f gtx1060 3g 롤 메이플 피파 던파 서든 상옵,,,UNKNOWN,N,,SALE,I5 9400F,GTX1060,,,LOW
본체,번개장터,406738309,롤 메이플 피파 던파 서든 상옵 i5 9400F GTX1060 3G,460000,판매중,,https://media.bunjang.co.kr/product/406738309_1_1778217131_w{res}.jpg,https://m.bunjang.co.kr/products/406738309,2026-05-08 14:12,롤 메이플 피파 던파 서든 상옵 i5 9400f gtx1060 3g,,,UNKNOWN,N,,SALE,I5 9400F,GTX1060,,,LOW
본체,번개장터,406738281,간단한 업무용 사무용 조립 PC 컴퓨터 본체,270000,판매중,,https://media.bunjang.co.kr/product/406738281_1_1778217123_w{res}.jpg,https://m.bunjang.co.kr/products/406738281,2026-05-08 14:12,간단한 업무용 사무용 조립 pc 컴퓨터 본체,,,desktop,N,,SALE,,,,,UNKNOWN
본체,번개장터,406738273,가성비 본체 싹 다 여기있습니다컴퓨터본체pc데스크탑조립식최저가PC,270000,판매중,,https://media.bunjang.co.kr/product/406738273_1_1778217120_w{res}.jpg,https://m.bunjang.co.kr/products/406738273,2026-05-08 14:12,가성비 본체 싹 다 여기있습니다컴퓨터본체pc데스크탑조립식최저가pc,,,desktop,N,,SALE,,,,,UNKNOWN
본체,번개장터,406738259,게이밍용과 간단한 사무용까지!컴퓨터본체데스크탑PC조립식컴퓨터,440000,판매중,,https://media.bunjang.co.kr/product/406738259_1_1778217114_w{res}.jpg,https://m.bunjang.co.kr/products/406738259,2026-05-08 14:11,게이밍용과 간단한 사무용까지!컴퓨터본체데스크탑pc조립식컴퓨터,,,desktop,N,,SALE,,,,,UNKNOWN
본체,번개장터,406738249,사무용부터 게이밍용까지!컴퓨터본체데스크탑PC조립식컴퓨터,440000,판매중,,https://media.bunjang.co.kr/product/406738249_1_1778217111_w{res}.jpg,https://m.bunjang.co.kr/products/406738249,2026-05-08 14:11,사무용부터 게이밍용까지!컴퓨터본체데스크탑pc조립식컴퓨터,,,desktop,N,,SALE,,,,,UNKNOWN
본체,번개장터,406738191,아직도 현역! 갓성비 RTX2060 조합 컴퓨터 56만원 부터 판매합니다,910000,판매중,,https://media.bunjang.co.kr/product/406738191_1_1778217093_w{res}.jpg,https://m.bunjang.co.kr/products/406738191,2026-05-08 14:11,아직도 현역! 갓성비 rtx2060 조합 컴퓨터 56만원 부터,,,desktop,N,,SALE,,RTX2060,,,MID
본체,번개장터,406738189,라이젠고사양 게임용조립PC컴퓨터본체추천 게이밍,490000,판매중,,https://media.bunjang.co.kr/product/406738189_1_1778217092_w{res}.jpg,https://m.bunjang.co.kr/products/406738189,2026-05-08 14:11,라이젠고사양 게임용조립pc컴퓨터본체추천 게이밍,,,desktop,N,,SALE,,,,,UNKNOWN
본체,번개장터,406738179,컴퓨터 최저가로 구매하자최저가보장컴퓨터본체데스크탑pc조립식컴퓨터,280000,판매중,,https://media.bunjang.co.kr/product/406738179_1_1778217089_w{res}.jpg,https://m.bunjang.co.kr/products/406738179,2026-05-08 14:11,컴퓨터 최저가로 구매하자최저가보장컴퓨터본체데스크탑pc조립식컴퓨터,,,desktop,N,,SALE,,,,,UNKNOWN
본체,번개장터,406738172,고사양RTX2060 6G 최저가컴퓨터본체pc데스크탑조립식컴퓨터,600000,판매중,,https://media.bunjang.co.kr/product/406738172_1_1778217086_w{res}.jpg,https://m.bunjang.co.kr/products/406738172,2026-05-08 14:11,고사양rtx2060 6g 최저가컴퓨터본체pc데스크탑조립식컴퓨터,,,desktop,N,,SALE,,RTX2060,,,MID
본체,번개장터,406738103,번장1위컴퓨터!최저가pc비교불가!!컴퓨터pc본체데스크탑조립식컴퓨터사무용,270000,판매중,,https://media.bunjang.co.kr/product/406738103_1_1778217063_w{res}.jpg,https://m.bunjang.co.kr/products/406738103,2026-05-08 14:11,번장1위컴퓨터!최저가pc비교불가!!컴퓨터pc본체데스크탑조립식컴퓨터사무용,,,desktop,N,,SALE,,,,,UNKNOWN
본체,번개장터,355503532,롤 오버워치 잘돌아가는 본체 판매합니다.,369000,판매중,,https://media.bunjang.co.kr/product/355503532_1_1758073543_w{res}.jpg,https://m.bunjang.co.kr/products/355503532,2026-05-08 14:11,롤 오버워치 잘돌아가는 본체 .,,,desktop,N,,SALE,,,,,UNKNOWN
본체,번개장터,405131026,7500F+RTX 4060 Ti 게이밍 본체 / 그래픽&RAM 무상수리O,1150000,판매중,,https://media.bunjang.co.kr/product/405131026_1_1778216966_w{res}.jpg,https://m.bunjang.co.kr/products/405131026,2026-05-08 14:09,7500f+rtx 4060 ti 게이밍 본체 / 그래픽&ram 무상수리o,,,SERVICE,Y,,SALE,,RTX4060TI,,,MID
본체,번개장터,385923091,버즈2 본체+왼쪽이어폰,38000,판매중,,https://media.bunjang.co.kr/product/385923091_1_1775645337_w{res}.jpg,https://m.bunjang.co.kr/products/385923091,2026-05-08 14:09,버즈2 본체+왼쪽이어폰,,,desktop,N,,SALE,,,,,UNKNOWN
본체,번개장터,406737492,인기 pc RTX2070 게임용 조립식 컴퓨터 최저가 판매합니다!,1150000,판매중,,https://media.bunjang.co.kr/product/406737492_1_1778216854_w{res}.jpg,https://m.bunjang.co.kr/products/406737492,2026-05-08 14:07,인기 pc rtx2070 게임용 조립식 컴퓨터 최저가 !,,,desktop,N,,SALE,,RTX2070,,,MID
본체,번개장터,378998868,라이젠 7950x3d 게이밍본체 하이엔드,1400000,판매중,,https://media.bunjang.co.kr/product/378998868_1_1776609809_w{res}.jpg,https://m.bunjang.co.kr/products/378998868,2026-05-08 14:06,라이젠 7950x3d 게이밍본체 하이엔드,,,desktop,N,,SALE,RYZEN 7950X,,,,UNKNOWN
본체,번개장터,406737323,5점 만점 후기! 최저가로 판매합니다 조립식 게이밍 컴퓨터 pc 모음,1010000,판매중,,https://media.bunjang.co.kr/product/406737323_1_1778216789_w{res}.jpg,https://m.bunjang.co.kr/products/406737323,2026-05-08 14:06,5점 만점 후기! 최저가로 조립식 게이밍 컴퓨터 pc 모음,,,desktop,N,,SALE,,,,,UNKNOWN
본체,번개장터,287749311,디월트 드릴본체/정품,75000,판매중,,https://media.bunjang.co.kr/product/287749311_1_1759151167_w{res}.jpg,https://m.bunjang.co.kr/products/287749311,2026-05-08 14:06,디월트 드릴본체/,,,desktop,N,,SALE,,,,,UNKNOWN
본체,번개장터,406599675,판매1위 RTX5060 8GB장착! 인기가성비 게이밍컴퓨터 데스크탑본체,1520000,판매중,,https://media.bunjang.co.kr/product/406599675_1_1778149807_w{res}.jpg,https://m.bunjang.co.kr/products/406599675,2026-05-08 14:04,1위 rtx5060 8gb장착! 인기가성비 게이밍컴퓨터 데스크탑본체,,,desktop,N,,SALE,,RTX5060,,,UNKNOWN
본체,번개장터,406736843,7500 사무용컴퓨터 사무용본체 사무실컴퓨터 데크스탑,280000,판매중,,https://media.bunjang.co.kr/product/406736843_1_1778216615_w{res}.jpg,https://m.bunjang.co.kr/products/406736843,2026-05-08 14:03,7500 사무용컴퓨터 사무용본체 사무실컴퓨터 데크스탑,,,desktop,N,,SALE,,,,,UNKNOWN
본체,번개장터,406736811,한정특가! 성인PC방 맞춤 전용 가성비 컴퓨터 본체 모니터 풀세트 팝니다,150000,판매중,,https://media.bunjang.co.kr/product/406736811_1_1778216600_w{res}.jpg,https://m.bunjang.co.kr/products/406736811,2026-05-08 14:03,한정특가! 성인pc방 맞춤 전용 가성비 컴퓨터 본체 모니터 풀세트,,,desktop,N,,SALE,,,,,UNKNOWN
본체,번개장터,406736776,성인 PC방 프리미엄 맞춤 전용 가성비 컴퓨터 본체 모니터 풀세트 팝니다,150000,판매중,,https://media.bunjang.co.kr/product/406736776_1_1778216588_w{res}.jpg,https://m.bunjang.co.kr/products/406736776,2026-05-08 14:03,성인 pc방 프리미엄 맞춤 전용 가성비 컴퓨터 본체 모니터 풀세트,,,desktop,N,,SALE,,,,,UNKNOWN
본체,번개장터,406599139,사무용본체 완벽셋팅! 사무실 중고사무용컴퓨터 부모님선물용 데스크탑,280000,판매중,,https://media.bunjang.co.kr/product/406599139_1_1778149643_w{res}.jpg,https://m.bunjang.co.kr/products/406599139,2026-05-08 14:02,사무용본체 완벽셋팅! 사무실 중고사무용컴퓨터 부모님선물용 데스크탑,,,desktop,N,,SALE,,,,,UNKNOWN
본체,번개장터,405807621,소니 PS2 플레이스테이션2 본체 풀세트+정품8메가메모리,150000,판매중,,https://media.bunjang.co.kr/product/405807621_1_1778169331_w{res}.jpg,https://m.bunjang.co.kr/products/405807621,2026-05-08 14:00,소니 ps2 플레이스테이션2 본체 풀세트+8메가메모리,,,desktop,N,,SALE,,,,,UNKNOWN
본체,번개장터,405697388,소니 PS3 500GB 블랙 본체 + 컨트롤러 풀박스,250000,판매중,,https://media.bunjang.co.kr/product/405697388_1_1777824150_w{res}.jpg,https://m.bunjang.co.kr/products/405697388,2026-05-08 14:00,소니 ps3 500gb 블랙 본체 + 컨트롤러 스,,,desktop,N,500.0,SALE,,,,,UNKNOWN
본체,번개장터,406736013,택포) 에어팟 프로 2세대 본체 8핀,63000,판매중,,https://media.bunjang.co.kr/product/406736013_1_1778216303_w{res}.jpg,https://m.bunjang.co.kr/products/406736013,2026-05-08 13:58,) 에어팟 프로 2세대 본체 8핀,애플,에어팟 프로,earphone,N,,SALE,,,,,UNKNOWN
본체,번개장터,406735683,RTX3060 게이밍 게임용컴퓨터 중고 조립식컴퓨터본체,750000,판매중,,https://media.bunjang.co.kr/product/406735683_1_1778216176_w{res}.jpg,https://m.bunjang.co.kr/products/406735683,2026-05-08 13:56,rtx3060 게이밍 게임용컴퓨터 중고 조립식컴퓨터본체,,,desktop,N,,SALE,,RTX3060,,,MID
본체,번개장터,328067794,정식프로상점)에어팟 프로 2세대 8핀라이트닝 본체 s급,62000,판매중,,https://media.bunjang.co.kr/product/328067794_1_1778142206_w{res}.jpg,https://m.bunjang.co.kr/products/328067794,2026-05-08 13:55,정식프로상점)에어팟 프로 2세대 8핀라이트닝 본체 s급,애플,에어팟 프로,earphone,N,,SALE,,,,,UNKNOWN
본체,번개장터,385087319,에어팟 프로1세대 본체 신품급,45000,판매중,,https://media.bunjang.co.kr/product/385087319_1_1777773031_w{res}.jpg,https://m.bunjang.co.kr/products/385087319,2026-05-08 13:55,에어팟 프로1세대 본체 신품급,애플,에어팟 프로,earphone,N,,SALE,,,,,UNKNOWN
본체,번개장터,406501086,네오지오 미니 본체 + 패드 세트 미개봉 새상품,150000,판매중,,https://media.bunjang.co.kr/product/406501086_1_1778114905_w{res}.jpg,https://m.bunjang.co.kr/products/406501086,2026-05-08 13:55,네오지오 미니 본체 + 패드 세트,,,desktop,N,,SALE,,,,,UNKNOWN
본체,번개장터,406735478,판매1위 RTX5060 8GB장착! 인기가성비 게이밍컴퓨터 데스크탑본체,1520000,판매중,,https://media.bunjang.co.kr/product/406735478_1_1778216089_w{res}.jpg,https://m.bunjang.co.kr/products/406735478,2026-05-08 13:54,1위 rtx5060 8gb장착! 인기가성비 게이밍컴퓨터 데스크탑본체,,,desktop,N,,SALE,,RTX5060,,,UNKNOWN
본체,번개장터,406735476,[번장1등 컴퓨터 풀셋트 본체]한정수량 초특가 이벤트 판매 합니다,285000,판매중,,https://media.bunjang.co.kr/product/406735476_1_1778216088_w{res}.jpg,https://m.bunjang.co.kr/products/406735476,2026-05-08 13:54,[번장1등 컴퓨터 풀셋트 본체]한정수량 초특가 이벤트 합니다,,,desktop,N,,SALE,,,,,UNKNOWN
본체,번개장터,406735417,"[가격파괴범]가성비 게이밍,사무용 컴퓨터!",150000,판매중,,https://media.bunjang.co.kr/product/406735417_1_1778216069_w{res}.jpg,https://m.bunjang.co.kr/products/406735417,2026-05-08 13:54,"[가격파괴범]가성비 게이밍,사무용 컴퓨터!",,,desktop,N,,SALE,,,,,UNKNOWN
본체,번개장터,405922627,게이밍 PC 본체 풀세트 9800x3D 5070ti,3100000,판매중,,https://media.bunjang.co.kr/product/405922627_1_1777961952_w{res}.jpg,https://m.bunjang.co.kr/products/405922627,2026-05-08 13:54,게이밍 pc 본체 풀세트 9800x3d 5070ti,,,desktop,N,,SALE,,,,,UNKNOWN
본체,번개장터,173480704,(게이밍) 데스크탑 i5 9세대 16기가 500기가 본체 5대 팝니다,650000,판매중,,https://media.bunjang.co.kr/product/173480704_1_1771499282_w{res}.jpg,https://m.bunjang.co.kr/products/173480704,2026-05-08 13:53,(게이밍) 데스크탑 i5 9세대 16기가 500기가 본체 5대,,,desktop,N,16.0,SALE,,,,,UNKNOWN
본체,번개장터,403611506,dyson V6 다이슨 무선청소기 본체,35000,판매중,,https://media.bunjang.co.kr/product/403611506_1_1777342351_w{res}.jpg,https://m.bunjang.co.kr/products/403611506,2026-05-08 13:53,dyson v6 다이슨 무선청소기 본체,,,desktop,N,,SALE,,,,,UNKNOWN
본체,번개장터,206820520,대구조립컴퓨터 대구중고컴퓨터 i3 i5 사무용 게이밍 게임용 PC 본체,820000,판매중,,https://media.bunjang.co.kr/product/206820520_1_1776058766_w{res}.jpg,https://m.bunjang.co.kr/products/206820520,2026-05-08 13:52,대구조립컴퓨터 대구중고컴퓨터 i3 i5 사무용 게이밍 게임용 pc 본체,,,desktop,N,,SALE,,,,,UNKNOWN
본체,번개장터,406735018,i5 6500 GTX 1060 3G 게이밍 컴퓨터 본체 사무용 듀얼모니터,420000,판매중,,https://media.bunjang.co.kr/product/406735018_1_1778215931_w{res}.jpg,https://m.bunjang.co.kr/products/406735018,2026-05-08 13:52,i5 6500 gtx 1060 3g 게이밍 컴퓨터 본체 사무용 듀얼모니터,,,desktop,N,,SALE,I5 6500,GTX1060,,,LOW
본체,번개장터,206819938,대구조립컴퓨터 i5 9400 16G 2060 게임용 게이밍 PC 본체,704000,판매중,,https://media.bunjang.co.kr/product/206819938_1_1776059586_w{res}.jpg,https://m.bunjang.co.kr/products/206819938,2026-05-08 13:52,대구조립컴퓨터 i5 9400 16g 2060 게임용 게이밍 pc 본체,,,desktop,N,,SALE,I5 9400,,,,UNKNOWN
본체,번개장터,406735005,i5 6500/GTX 1060 메이플 롤 피파 던파 게이밍 컴퓨터 본체,420000,판매중,,https://media.bunjang.co.kr/product/406735005_1_1778215927_w{res}.jpg,https://m.bunjang.co.kr/products/406735005,2026-05-08 13:52,i5 6500/gtx 1060 메이플 롤 피파 던파 게이밍 컴퓨터 본체,,,desktop,N,,SALE,I5 6500,GTX1060,,,LOW
본체,번개장터,406734994,구매율1위컴퓨터!최저가pc비교불가!!컴퓨터pc본체데스크탑조립식컴퓨터사무용,420000,판매중,,https://media.bunjang.co.kr/product/406734994_1_1778215923_w{res}.jpg,https://m.bunjang.co.kr/products/406734994,2026-05-08 13:52,구매율1위컴퓨터!최저가pc비교불가!!컴퓨터pc본체데스크탑조립식컴퓨터사무용,,,desktop,N,,SALE,,,,,UNKNOWN
본체,번개장터,406734981,롤 메이플 피파 던파 서든 상옵 i5 9400F GTX1060 3G,460000,판매중,,https://media.bunjang.co.kr/product/406734981_1_1778215919_w{res}.jpg,https://m.bunjang.co.kr/products/406734981,2026-05-08 13:51,롤 메이플 피파 던파 서든 상옵 i5 9400f gtx1060 3g,,,UNKNOWN,N,,SALE,I5 9400F,GTX1060,,,LOW
본체,번개장터,406734970,고사양 게이밍 컴퓨터 본체/i5 9400F/RTX 2060,680000,판매중,,https://media.bunjang.co.kr/product/406734970_1_1778215914_w{res}.jpg,https://m.bunjang.co.kr/products/406734970,2026-05-08 13:51,고사양 게이밍 컴퓨터 본체/i5 9400f/rtx 2060,,,desktop,N,,SALE,I5 9400F,RTX2060,,,MID
본체,번개장터,406734942,저사양 온라인게임 본체 가성비 컴퓨터 i5 6500 GTX 1060 3G,420000,판매중,,https://media.bunjang.co.kr/product/406734942_1_1778215906_w{res}.jpg,https://m.bunjang.co.kr/products/406734942,2026-05-08 13:51,저사양 온라인게임 본체 가성비 컴퓨터 i5 6500 gtx 1060 3g,,,desktop,N,,SALE,I5 6500,GTX1060,,,LOW
본체,번개장터,406734936,i5 6500 GTX 1060 3G 저사양 온라인게임 본체 가성비 컴퓨터,420000,판매중,,https://media.bunjang.co.kr/product/406734936_1_1778215905_w{res}.jpg,https://m.bunjang.co.kr/products/406734936,2026-05-08 13:51,i5 6500 gtx 1060 3g 저사양 온라인게임 본체 가성비 컴퓨터,,,desktop,N,,SALE,I5 6500,GTX1060,,,LOW
본체,번개장터,406734935,i5 6500 GTX 1060 3G 저사양 온라인게임 본체 가성비 컴퓨터,420000,판매중,,https://media.bunjang.co.kr/product/406734935_1_1778215905_w{res}.jpg,https://m.bunjang.co.kr/products/406734935,2026-05-08 13:51,i5 6500 gtx 1060 3g 저사양 온라인게임 본체 가성비 컴퓨터,,,desktop,N,,SALE,I5 6500,GTX1060,,,LOW
본체,번개장터,406734927,조립식 게이밍 컴퓨터 본체/i5 9400F/RTX 2060,600000,판매중,,https://media.bunjang.co.kr/product/406734927_1_1778215902_w{res}.jpg,https://m.bunjang.co.kr/products/406734927,2026-05-08 13:51,조립식 게이밍 컴퓨터 본체/i5 9400f/rtx 2060,,,desktop,N,,SALE,I5 9400F,RTX2060,,,MID
본체,번개장터,206819735,대구조립컴퓨터 i5 7500 16G 1060 게임용 PC 본체 신품케이스,528000,판매중,,https://media.bunjang.co.kr/product/206819735_1_1776058613_w{res}.jpg,https://m.bunjang.co.kr/products/206819735,2026-05-08 13:51,대구조립컴퓨터 i5 7500 16g 1060 게임용 pc 본체 신품케이스,,,CASE,Y,,SALE,I5 7500,,,,UNKNOWN
본체,번개장터,406734895,사무용 사무실 컴퓨터는 꼭 여기서!본체컴퓨터데스크탑pc조립식컴퓨터,270000,판매중,,https://media.bunjang.co.kr/product/406734895_1_1778215892_w{res}.jpg,https://m.bunjang.co.kr/products/406734895,2026-05-08 13:51,사무용 사무실 컴퓨터는 꼭 여기서!본체컴퓨터데스크탑pc조립식컴퓨터,,,desktop,N,,SALE,,,,,UNKNOWN
본체,번개장터,406734887,가성비 본체 싹 다 여기있습니다컴퓨터본체pc데스크탑조립식최저가PC,270000,판매중,,https://media.bunjang.co.kr/product/406734887_1_1778215889_w{res}.jpg,https://m.bunjang.co.kr/products/406734887,2026-05-08 13:51,가성비 본체 싹 다 여기있습니다컴퓨터본체pc데스크탑조립식최저가pc,,,desktop,N,,SALE,,,,,UNKNOWN
본체,번개장터,206819407,대구조립컴퓨터 i5 7500 16G GTX1060 게이밍 PC 본체 중고,484000,판매중,,https://media.bunjang.co.kr/product/206819407_1_1776058628_w{res}.jpg,https://m.bunjang.co.kr/products/206819407,2026-05-08 13:50,대구조립컴퓨터 i5 7500 16g gtx1060 게이밍 pc 본체 중고,,,desktop,N,,SALE,I5 7500,GTX1060,,,LOW
본체,번개장터,406734706,번장 이벤트 사무용 주식 TM 메신저업무 컴퓨터 본체 최저가 판매!,150000,판매중,,https://media.bunjang.co.kr/product/406734706_1_1778215829_w{res}.jpg,https://m.bunjang.co.kr/products/406734706,2026-05-08 13:50,번장 이벤트 사무용 주식 tm 메신저업무 컴퓨터 본체 최저가 !,,,desktop,N,,SALE,,,,,UNKNOWN
본체,번개장터,406461178,세가 메가 드라이브 미니 2 본체 60타이틀 내장 미개봉 새상품,400000,판매중,,https://media.bunjang.co.kr/product/406461178_1_1778083806_w{res}.jpg,https://m.bunjang.co.kr/products/406461178,2026-05-08 13:50,세가 메가 드라이브 미니 2 본체 60타이틀 내장,,,desktop,N,,SALE,,,,,UNKNOWN
본체,번개장터,406691428,닌텐도 스위치 구구형 본체 단품,180000,판매중,,https://media.bunjang.co.kr/product/406691428_1_1778196255_w{res}.jpg,https://m.bunjang.co.kr/products/406691428,2026-05-08 13:47,닌텐도 스위치 구구형 본체 단품,,,desktop,N,,SALE,,,,,UNKNOWN
본체,번개장터,400382230,HPI SABAGE XS FLUX (미니세비지) RC 본체+송수신기,130000,판매중,,https://media.bunjang.co.kr/product/400382230_1_1778217498_w{res}.jpg,https://m.bunjang.co.kr/products/400382230,2026-05-08 13:47,hpi sabage xs flux (미니세비지) rc 본체+송수신기,,,desktop,N,,SALE,,,,,UNKNOWN
본체,번개장터,394129936,타미야 탐텍기어 버기챔프 블루 GB-02 (본체+송수신기) RC카,240000,판매중,,https://media.bunjang.co.kr/product/394129936_1_1778217506_w{res}.jpg,https://m.bunjang.co.kr/products/394129936,2026-05-08 13:47,타미야 탐텍기어 버기챔프 블루 gb-02 (본체+송수신기) rc카,,,desktop,N,,SALE,,,,,UNKNOWN
본체,번개장터,406455704,뉴 닌텐도 3DS XL 본체 + 게임 2,400000,판매중,,https://media.bunjang.co.kr/product/406455704_1_1778081652_w{res}.jpg,https://m.bunjang.co.kr/products/406455704,2026-05-08 13:47,뉴 닌텐도 3ds xl 본체 + 게임 2,,,desktop,N,,SALE,,,,,UNKNOWN
본체,번개장터,254746999,탑싱크 E-200FHD 블랙박스 (본체단품),50000,판매중,,https://media.bunjang.co.kr/product/254746999_1_1708981693_w{res}.jpg,https://m.bunjang.co.kr/products/254746999,2026-05-08 13:46,탑싱크 e-200fhd 블랙박스 (본체단품),,,BOX,Y,,SALE,,,,,UNKNOWN
본체,번개장터,227579047,엠피온 MDR-H230 블낵박스 (본체단품),40000,판매중,,https://media.bunjang.co.kr/product/227579047_1_1687236582_w{res}.jpg,https://m.bunjang.co.kr/products/227579047,2026-05-08 13:46,엠피온 mdr-h230 블낵박스 (본체단품),,,BOX,Y,,SALE,,,,,UNKNOWN
본체,번개장터,406691528,닌텐도 스위치 본체 풀세트,230000,판매중,,https://media.bunjang.co.kr/product/406691528_1_1778196346_w{res}.jpg,https://m.bunjang.co.kr/products/406691528,2026-05-08 13:45,닌텐도 스위치 본체 풀세트,,,desktop,N,,SALE,,,,,UNKNOWN
본체,번개장터,98233334,[원컴방송 및 게임용] 게이밍 컴퓨터 풀세트 / 후기참고 / 본체 모니터,380000,판매중,,https://media.bunjang.co.kr/product/98233334_1_1771761057_w{res}.jpg,https://m.bunjang.co.kr/products/98233334,2026-05-08 13:45,[원컴방송 및 게임용] 게이밍 컴퓨터 풀세트 / 후기참고 / 본체 모니터,,,desktop,N,,SALE,,,,,UNKNOWN
본체,번개장터,406733785,가성비 중고컴퓨터 본체 조립식 게이밍 게임용컴퓨터 가격 추천,190000,판매중,,https://media.bunjang.co.kr/product/406733785_1_1778215501_w{res}.jpg,https://m.bunjang.co.kr/products/406733785,2026-05-08 13:45,가성비 중고컴퓨터 본체 조립식 게이밍 게임용컴퓨터 가격 추천,,,desktop,N,,SALE,,,,,UNKNOWN
본체,번개장터,401102427,"(새제품 반본체 공랭화이트)9800X3D,B850M,방송게이밍컴퓨터본체",2050000,판매중,,https://media.bunjang.co.kr/product/401102427_1_1778124467_w{res}.jpg,https://m.bunjang.co.kr/products/401102427,2026-05-08 13:43,"(새제품 반본체 공랭화이트)9800x3d,b850m,방송게이밍컴퓨터본체",,,desktop,N,,SALE,,,,,UNKNOWN
본체,번개장터,406733304,컴퓨터본체 i5-4570/램8GB/지포스730/SSD128GB,300000,판매중,,https://media.bunjang.co.kr/product/406733304_1_1778215334_w{res}.jpg,https://m.bunjang.co.kr/products/406733304,2026-05-08 13:42,컴퓨터본체 i5-4570/램8gb/지포스730/ssd128gb,,,desktop,N,128.0,SALE,I5-4570,,8.0,128.0,UNKNOWN
본체,번개장터,406733290,7500 사무용컴퓨터 사무용본체 사무실컴퓨터 데크스탑,280000,판매중,,https://media.bunjang.co.kr/product/406733290_1_1778215328_w{res}.jpg,https://m.bunjang.co.kr/products/406733290,2026-05-08 13:42,7500 사무용컴퓨터 사무용본체 사무실컴퓨터 데크스탑,,,desktop,N,,SALE,,,,,UNKNOWN
본체,번개장터,406732971,에어팟 2 세대 유선충전 본체,15000,판매중,,https://media.bunjang.co.kr/product/406732971_1_1778215211_w{res}.jpg,https://m.bunjang.co.kr/products/406732971,2026-05-08 13:40,에어팟 2 세대 유선충전 본체,애플,에어팟,earphone,N,,SALE,,,,,UNKNOWN
본체,번개장터,406732880,[전부새제품] RTX50시리즈 파격 할인 특가 판매 조립식 컴퓨터,1590000,판매중,,https://media.bunjang.co.kr/product/406732880_1_1778215170_w{res}.jpg,https://m.bunjang.co.kr/products/406732880,2026-05-08 13:39,[전부새제품] rtx50시리즈 파격 할인 특가 조립식 컴퓨터,,,desktop,N,,SALE,,,,,UNKNOWN
본체,번개장터,406732748,28만원! 사무용 업무용 컴퓨터 여기서 구매하세요! 조립식 컴퓨터 본체,280000,판매중,,https://media.bunjang.co.kr/product/406732748_1_1778215118_w{res}.jpg,https://m.bunjang.co.kr/products/406732748,2026-05-08 13:38,28만원! 사무용 업무용 컴퓨터 여기서 구매하세요! 조립식 컴퓨터 본체,,,desktop,N,,SALE,,,,,UNKNOWN
본체,번개장터,406536298,닌텐도 DSi 한국판 국내판 블랙 본체 + 충전기,129000,판매중,,https://media.bunjang.co.kr/product/406536298_1_1778215044_w{res}.jpg,https://m.bunjang.co.kr/products/406536298,2026-05-08 13:37,닌텐도 dsi 한국판 국내판 블랙 본체 + 충전기,,,CHARGER,Y,,SALE,,,,,UNKNOWN
본체,번개장터,406732380,선착순판매! 성인PC방 맞춤 전용 가성비 컴퓨터 본체 모니터 풀세트 판매,150000,판매중,,https://media.bunjang.co.kr/product/406732380_1_1778214974_w{res}.jpg,https://m.bunjang.co.kr/products/406732380,2026-05-08 13:36,선착순! 성인pc방 맞춤 전용 가성비 컴퓨터 본체 모니터 풀세트,,,desktop,N,,SALE,,,,,UNKNOWN
본체,번개장터,406732148,게임은 역시 라이젠! 가성비 초특가 판매 라이젠 7500F 게이밍 컴퓨터,1130000,판매중,,https://media.bunjang.co.kr/product/406732148_1_1778214891_w{res}.jpg,https://m.bunjang.co.kr/products/406732148,2026-05-08 13:34,게임은 역시 라이젠! 가성비 초특가 라이젠 7500f 게이밍 컴퓨터,,,desktop,N,,SALE,RYZEN 7500F,,,,UNKNOWN
본체,번개장터,406732081,게이밍컴퓨터/무료배송/이벤트진행중 고사양PC 부럽지않은 나만의 컴퓨터,150000,판매중,,https://media.bunjang.co.kr/product/406732081_1_1778214865_w{res}.jpg,https://m.bunjang.co.kr/products/406732081,2026-05-08 13:34,게이밍컴퓨터/무료배송/이벤트진행중 고사양pc 부럽지않은 나만의 컴퓨터,,,desktop,N,,SALE,,,,,UNKNOWN
본체,번개장터,406731895,i5 6500 SSD240 조립식 컴퓨터 pc 모음 윈도우 포함 빠른택배,560000,판매중,,https://media.bunjang.co.kr/product/406731895_1_1778214794_w{res}.jpg,https://m.bunjang.co.kr/products/406731895,2026-05-08 13:33,i5 6500 ssd240 조립식 컴퓨터 pc 모음 윈도우 포함 빠른,,,desktop,N,,SALE,I5 6500,,,,UNKNOWN
본체,번개장터,405816680,에어팟 프로3 본체 S+,80000,판매중,,https://media.bunjang.co.kr/product/405816680_1_1778149896_w{res}.jpg,https://m.bunjang.co.kr/products/405816680,2026-05-08 13:32,에어팟 프로3 본체 s+,애플,에어팟 프로,earphone,N,,SALE,,,,,UNKNOWN
본체,번개장터,406731712,GTX 게임용 중고컴퓨터 조립식 컴퓨터본체 게이밍,190000,판매중,,https://media.bunjang.co.kr/product/406731712_1_1778214720_w{res}.jpg,https://m.bunjang.co.kr/products/406731712,2026-05-08 13:32,gtx 게임용 중고컴퓨터 조립식 컴퓨터본체 게이밍,,,desktop,N,,SALE,,,,,UNKNOWN
본체,번개장터,406731664,PC방급 사양 가성비 게이밍 컴퓨터본체 i5 9400F/GTX 1060,460000,판매중,,https://media.bunjang.co.kr/product/406731664_1_1778214704_w{res}.jpg,https://m.bunjang.co.kr/products/406731664,2026-05-08 13:31,pc방급 사양 가성비 게이밍 컴퓨터본체 i5 9400f/gtx 1060,,,desktop,N,,SALE,I5 9400F,GTX1060,,,LOW
본체,번개장터,406731611,번장 이벤트 사무용 주식 TM 카톡업무 컴퓨터 본체 최저가 판매!,150000,판매중,,https://media.bunjang.co.kr/product/406731611_1_1778214685_w{res}.jpg,https://m.bunjang.co.kr/products/406731611,2026-05-08 13:31,번장 이벤트 사무용 주식 tm 카톡업무 컴퓨터 본체 최저가 !,,,desktop,N,,SALE,,,,,UNKNOWN
본체,번개장터,406731605,"i5 9400F GTX1060 3G 롤,메이플,피파,던파,서든 상옵",460000,판매중,,https://media.bunjang.co.kr/product/406731605_1_1778214684_w{res}.jpg,https://m.bunjang.co.kr/products/406731605,2026-05-08 13:31,"i5 9400f gtx1060 3g 롤,메이플,피파,던파,서든 상옵",,,UNKNOWN,N,,SALE,I5 9400F,GTX1060,,,LOW
본체,번개장터,406731592,저사양 온라인게임 본체 가성비 컴퓨터 i5 6500 GTX 1060 3G,420000,판매중,,https://media.bunjang.co.kr/product/406731592_1_1778214680_w{res}.jpg,https://m.bunjang.co.kr/products/406731592,2026-05-08 13:31,저사양 온라인게임 본체 가성비 컴퓨터 i5 6500 gtx 1060 3g,,,desktop,N,,SALE,I5 6500,GTX1060,,,LOW
본체,번개장터,406731570,i5 9400F GTX1060 3G 롤 메이플 피파 던파 서든 상옵,460000,판매중,,https://media.bunjang.co.kr/product/406731570_1_1778214675_w{res}.jpg,https://m.bunjang.co.kr/products/406731570,2026-05-08 13:31,i5 9400f gtx1060 3g 롤 메이플 피파 던파 서든 상옵,,,UNKNOWN,N,,SALE,I5 9400F,GTX1060,,,LOW
본체,번개장터,406731550,조립식컴퓨터 사무용 사무실 컴퓨터 업무용PC,270000,판매중,,https://media.bunjang.co.kr/product/406731550_1_1778214666_w{res}.jpg,https://m.bunjang.co.kr/products/406731550,2026-05-08 13:31,조립식컴퓨터 사무용 사무실 컴퓨터 업무용pc,,,desktop,N,,SALE,,,,,UNKNOWN
본체,번개장터,406731509,가성비 본체 싹 다 여기있습니다컴퓨터본체pc데스크탑조립식최저가PC,270000,판매중,,https://media.bunjang.co.kr/product/406731509_1_1778214653_w{res}.jpg,https://m.bunjang.co.kr/products/406731509,2026-05-08 13:30,가성비 본체 싹 다 여기있습니다컴퓨터본체pc데스크탑조립식최저가pc,,,desktop,N,,SALE,,,,,UNKNOWN
본체,번개장터,406731481,사무용부터 게이밍용까지!컴퓨터본체데스크탑PC조립식컴퓨터,440000,판매중,,https://media.bunjang.co.kr/product/406731481_1_1778214644_w{res}.jpg,https://m.bunjang.co.kr/products/406731481,2026-05-08 13:30,사무용부터 게이밍용까지!컴퓨터본체데스크탑pc조립식컴퓨터,,,desktop,N,,SALE,,,,,UNKNOWN
본체,번개장터,406731443,컴퓨터 최저가로 구매하자최저가보장컴퓨터본체데스크탑pc조립식컴퓨터,280000,판매중,,https://media.bunjang.co.kr/product/406731443_1_1778214626_w{res}.jpg,https://m.bunjang.co.kr/products/406731443,2026-05-08 13:30,컴퓨터 최저가로 구매하자최저가보장컴퓨터본체데스크탑pc조립식컴퓨터,,,desktop,N,,SALE,,,,,UNKNOWN
본체,번개장터,406731396,고사양 게이밍 라이젠 게임용 중고컴퓨터 조립식컴퓨터본체,780000,판매중,,https://media.bunjang.co.kr/product/406731396_1_1778214610_w{res}.jpg,https://m.bunjang.co.kr/products/406731396,2026-05-08 13:30,고사양 게이밍 라이젠 게임용 중고컴퓨터 조립식컴퓨터본체,,,desktop,N,,SALE,,,,,UNKNOWN
본체,번개장터,382760741,아이나비 ST100 중고 네비게이션 본체,40000,판매중,,https://media.bunjang.co.kr/product/382760741_1_1778214571_w{res}.jpg,https://m.bunjang.co.kr/products/382760741,2026-05-08 13:29,아이나비 st100 중고 네비게이션 본체,,,desktop,N,,SALE,,,,,UNKNOWN
본체,번개장터,406731122,I7 CPU 깨끗한 사무용 본체,200000,판매중,,https://media.bunjang.co.kr/product/406731122_1_1778214509_w{res}.jpg,https://m.bunjang.co.kr/products/406731122,2026-05-08 13:28,i7 cpu 한 사무용 본체,,,desktop,N,,SALE,,,,,UNKNOWN
본체,번개장터,406730996,"i7 13700k, 4070ti 컴퓨터 본체 팝니다",2300000,판매중,,https://media.bunjang.co.kr/product/406730996_1_1778214453_w{res}.jpg,https://m.bunjang.co.kr/products/406730996,2026-05-08 13:27,"i7 13700k, 4070ti 컴퓨터 본체",,,desktop,N,,SALE,I7 13700K,,,,UNKNOWN
본체,번개장터,406730764,에어팟 프로1 본체 + 오른쪽 한쪽 유닛,50000,판매중,,https://media.bunjang.co.kr/product/406730764_1_1778214368_w{res}.jpg,https://m.bunjang.co.kr/products/406730764,2026-05-08 13:26,에어팟 프로1 본체 + 오른쪽 한쪽 유닛,애플,에어팟 프로,earphone,N,,SALE,,,,,UNKNOWN
본체,번개장터,406730729,게이밍 게임용 조립식PC 컴퓨터추천 데스크탑 중고컴퓨터본체,420000,판매중,,https://media.bunjang.co.kr/product/406730729_1_1778214351_w{res}.jpg,https://m.bunjang.co.kr/products/406730729,2026-05-08 13:25,게이밍 게임용 조립식pc 컴퓨터추천 데스크탑 중고컴퓨터본체,,,desktop,N,,SALE,,,,,UNKNOWN
본체,번개장터,301062070,레노버 컴퓨터 슬림본체 ThinkCentre M710s i3-6100,170000,판매중,,https://media.bunjang.co.kr/product/301062070_1_1778214324_w{res}.jpg,https://m.bunjang.co.kr/products/301062070,2026-05-08 13:25,레노버 컴퓨터 슬림본체 thinkcentre m710s i3-6100,,,desktop,N,,SALE,I3-6100,,,,LOW
본체,번개장터,406730575,RTX2060 게이밍게임용컴퓨터 데스크탑 가성비 조립pc 중고컴퓨터본체,560000,판매중,,https://media.bunjang.co.kr/product/406730575_1_1778214299_w{res}.jpg,https://m.bunjang.co.kr/products/406730575,2026-05-08 13:24,rtx2060 게이밍게임용컴퓨터 데스크탑 가성비 조립pc 중고컴퓨터본체,,,desktop,N,,SALE,,RTX2060,,,MID
본체,번개장터,406730419,사무용본체 완벽셋팅! 사무실 중고사무용컴퓨터 부모님선물용 데스크탑,280000,판매중,,https://media.bunjang.co.kr/product/406730419_1_1778214233_w{res}.jpg,https://m.bunjang.co.kr/products/406730419,2026-05-08 13:23,사무용본체 완벽셋팅! 사무실 중고사무용컴퓨터 부모님선물용 데스크탑,,,desktop,N,,SALE,,,,,UNKNOWN
본체,번개장터,406730173,초특가본체 RTX2060 6GB 중고가성비 인기게이밍 컴퓨터 데스크탑,610000,판매중,,https://media.bunjang.co.kr/product/406730173_1_1778214135_w{res}.jpg,https://m.bunjang.co.kr/products/406730173,2026-05-08 13:22,초특가본체 rtx2060 6gb 중고가성비 인기게이밍 컴퓨터 데스크탑,,,desktop,N,,SALE,,RTX2060,,,MID
본체,번개장터,406729737,게임전용 조립PC 조립식컴퓨터 본체가격 게이밍,780000,판매중,,https://media.bunjang.co.kr/product/406729737_1_1778213963_w{res}.jpg,https://m.bunjang.co.kr/products/406729737,2026-05-08 13:19,게임전용 조립pc 조립식컴퓨터 본체가격 게이밍,,,desktop,N,,SALE,,,,,UNKNOWN
본체,번개장터,324804612,조이콘 본체 인식 불량 접촉 접속 슬라이드 레일 교체 수리 닌텐도 스위치,12000,판매중,,https://media.bunjang.co.kr/product/324804612_1_1778194539_w{res}.jpg,https://m.bunjang.co.kr/products/324804612,2026-05-08 13:17,조이콘 본체 인식 불량 접촉 접속 슬라이드 레일 교체 수리 닌텐도 스위치,,,SERVICE,Y,,SALE,,,,,UNKNOWN
본체,번개장터,406729452,[번장인증] 에어팟 낱개 1 2 3 4 프로 한쪽 낱개 왼쪽 오른쪽 본체,53000,판매중,,https://media.bunjang.co.kr/product/406729452_1_1778213840_w{res}.jpg,https://m.bunjang.co.kr/products/406729452,2026-05-08 13:17,[번장인증] 에어팟 낱개 1 2 3 4 프로 한쪽 낱개 왼쪽 오른쪽 본체,애플,에어팟 프로,earphone,N,,SALE,,,,,UNKNOWN
본체,번개장터,404782233,라이젠 5600 gtx970 16GB  본체,550000,판매중,,https://media.bunjang.co.kr/product/404782233_1_1777797048_w{res}.jpg,https://m.bunjang.co.kr/products/404782233,2026-05-08 13:15,라이젠 5600 gtx970 16gb 본체,,,desktop,N,16.0,SALE,RYZEN 5600,,,,UNKNOWN
본체,번개장터,406324172,인텔 250KF Plus 15세대 최신사양! 디자인작업용 게이밍컴퓨터본체,1270000,판매중,,https://media.bunjang.co.kr/product/406324172_1_1778045352_w{res}.jpg,https://m.bunjang.co.kr/products/406324172,2026-05-08 13:15,인텔 250kf plus 15세대 최신사양! 디자인작업용 게이밍컴퓨터본체,,,desktop,N,,SALE,,,,,UNKNOWN
본체,번개장터,399946575,에어팟 프로2 본체 8핀 A급,50000,판매중,,https://media.bunjang.co.kr/product/399946575_1_1778072486_w{res}.jpg,https://m.bunjang.co.kr/products/399946575,2026-05-08 13:13,에어팟 프로2 본체 8핀 a급,애플,에어팟 프로,earphone,N,,SALE,,,,,UNKNOWN
본체,번개장터,405086350,닌텐도 DSi 핑크 게임기 본체+충전선,100000,판매중,,https://media.bunjang.co.kr/product/405086350_1_1777932818_w{res}.jpg,https://m.bunjang.co.kr/products/405086350,2026-05-08 13:12,닌텐도 dsi 핑크 게임기 본체+충전선,,,CABLE,Y,,SALE,,,,,UNKNOWN
본체,번개장터,401596913,ITX 본체 AMD 라이젠5 5600,750000,판매중,,https://media.bunjang.co.kr/product/401596913_1_1776605956_w{res}.jpg,https://m.bunjang.co.kr/products/401596913,2026-05-08 13:12,itx 본체 amd 라이젠5 5600,,,desktop,N,,SALE,RYZEN5 5600,,,,UNKNOWN
본체,번개장터,406728517,고사양RTX2060 6G 최저가컴퓨터본체pc데스크탑조립식컴퓨터,600000,판매중,,https://media.bunjang.co.kr/product/406728517_1_1778213481_w{res}.jpg,https://m.bunjang.co.kr/products/406728517,2026-05-08 13:11,고사양rtx2060 6g 최저가컴퓨터본체pc데스크탑조립식컴퓨터,,,desktop,N,,SALE,,RTX2060,,,MID
본체,번개장터,406728492,번장1위컴퓨터!최저가pc비교불가!!컴퓨터pc본체데스크탑조립식컴퓨터사무용,270000,판매중,,https://media.bunjang.co.kr/product/406728492_1_1778213474_w{res}.jpg,https://m.bunjang.co.kr/products/406728492,2026-05-08 13:11,번장1위컴퓨터!최저가pc비교불가!!컴퓨터pc본체데스크탑조립식컴퓨터사무용,,,desktop,N,,SALE,,,,,UNKNOWN
본체,번개장터,406728490,번장1위컴퓨터!최저가pc비교불가!!컴퓨터pc본체데스크탑조립식컴퓨터사무용,270000,판매중,,https://media.bunjang.co.kr/product/406728490_1_1778213474_w{res}.jpg,https://m.bunjang.co.kr/products/406728490,2026-05-08 13:11,번장1위컴퓨터!최저가pc비교불가!!컴퓨터pc본체데스크탑조립식컴퓨터사무용,,,desktop,N,,SALE,,,,,UNKNOWN
본체,번개장터,406728459,컴퓨터 본체 사무용 듀얼모니터 강추 i5 6500 GTX 1060 3G,420000,판매중,,https://media.bunjang.co.kr/product/406728459_1_1778213465_w{res}.jpg,https://m.bunjang.co.kr/products/406728459,2026-05-08 13:11,컴퓨터 본체 사무용 듀얼모니터 강추 i5 6500 gtx 1060 3g,,,desktop,N,,SALE,I5 6500,GTX1060,,,LOW
본체,번개장터,406728441,구매율1위컴퓨터!최저가pc비교불가!!컴퓨터pc본체데스크탑조립식컴퓨터사무용,420000,판매중,,https://media.bunjang.co.kr/product/406728441_1_1778213459_w{res}.jpg,https://m.bunjang.co.kr/products/406728441,2026-05-08 13:10,구매율1위컴퓨터!최저가pc비교불가!!컴퓨터pc본체데스크탑조립식컴퓨터사무용,,,desktop,N,,SALE,,,,,UNKNOWN
본체,번개장터,406728390,i5 6500 GTX 1060 3G 저사양 온라인게임 본체 가성비 컴퓨터,420000,판매중,,https://media.bunjang.co.kr/product/406728390_1_1778213440_w{res}.jpg,https://m.bunjang.co.kr/products/406728390,2026-05-08 13:10,i5 6500 gtx 1060 3g 저사양 온라인게임 본체 가성비 컴퓨터,,,desktop,N,,SALE,I5 6500,GTX1060,,,LOW
본체,번개장터,406728029,택포) 에어팟 프로 1세대 본체 A급,45000,판매중,,https://media.bunjang.co.kr/product/406728029_1_1778213295_w{res}.jpg,https://m.bunjang.co.kr/products/406728029,2026-05-08 13:08,) 에어팟 프로 1세대 본체 a급,애플,에어팟 프로,earphone,N,,SALE,,,,,UNKNOWN
본체,번개장터,272773091,정품)마끼다임팩본체 호환배터리2충전기1,230000,판매중,,https://media.bunjang.co.kr/product/272773091_1_1726286977_w{res}.jpg,https://m.bunjang.co.kr/products/272773091,2026-05-08 13:08,)마끼다임팩본체 호환배터리2충전기1,,,CHARGER,Y,,SALE,,,,,UNKNOWN
본체,번개장터,406727998,[번장특판 컴퓨터 이벤트]RTX 3060TI 모음 본체 최저가 한정수량,720000,판매중,,https://media.bunjang.co.kr/product/406727998_1_1778213283_w{res}.jpg,https://m.bunjang.co.kr/products/406727998,2026-05-08 13:08,[번장특판 컴퓨터 이벤트]rtx 3060ti 모음 본체 최저가 한정수량,,,desktop,N,,SALE,,RTX3060TI,,,MID
본체,번개장터,406727863,인기 pc RTX2070 게임용 조립식 컴퓨터 최저가 판매합니다!,1150000,판매중,,https://media.bunjang.co.kr/product/406727863_1_1778213236_w{res}.jpg,https://m.bunjang.co.kr/products/406727863,2026-05-08 13:07,인기 pc rtx2070 게임용 조립식 컴퓨터 최저가 !,,,desktop,N,,SALE,,RTX2070,,,MID
본체,번개장터,406727798,5점 만점 후기! 최저가로 판매합니다 조립식 게이밍 컴퓨터 pc 모음,1010000,판매중,,https://media.bunjang.co.kr/product/406727798_1_1778213209_w{res}.jpg,https://m.bunjang.co.kr/products/406727798,2026-05-08 13:06,5점 만점 후기! 최저가로 조립식 게이밍 컴퓨터 pc 모음,,,desktop,N,,SALE,,,,,UNKNOWN
본체,번개장터,406727732,인텔 I5 14400F 최저가 판매 게이밍 본체 게임용 조립식 컴퓨터,1150000,판매중,,https://media.bunjang.co.kr/product/406727732_1_1778213186_w{res}.jpg,https://m.bunjang.co.kr/products/406727732,2026-05-08 13:06,인텔 i5 14400f 최저가 게이밍 본체 게임용 조립식 컴퓨터,,,desktop,N,,SALE,I5 14400F,,,,UNKNOWN
본체,번개장터,406727591,I5 RTX 게이밍 게임용전용 컴퓨터 (중고조립식컴퓨터본체),750000,판매중,,https://media.bunjang.co.kr/product/406727591_1_1778213131_w{res}.jpg,https://m.bunjang.co.kr/products/406727591,2026-05-08 13:05,i5 rtx 게이밍 게임용전용 컴퓨터 (중고조립식컴퓨터본체),,,desktop,N,,SALE,,,,,UNKNOWN
본체,번개장터,406727290,[새제품] RTX50시리즈 컴퓨터 인기 pc 전국 최저가 특가 판매 본체,1580000,판매중,,https://media.bunjang.co.kr/product/406727290_1_1778213012_w{res}.jpg,https://m.bunjang.co.kr/products/406727290,2026-05-08 13:03,[새제품] rtx50시리즈 컴퓨터 인기 pc 전국 최저가 특가 본체,,,desktop,N,,SALE,,,,,UNKNOWN
본체,번개장터,406727014,고사양 게임용 게이밍 조립pc컴퓨터 데스크탑중고컴퓨터본체 조립식,780000,판매중,,https://media.bunjang.co.kr/product/406727014_1_1778212906_w{res}.jpg,https://m.bunjang.co.kr/products/406727014,2026-05-08 13:01,고사양 게임용 게이밍 조립pc컴퓨터 데스크탑중고컴퓨터본체 조립식,,,desktop,N,,SALE,,,,,UNKNOWN
본체,번개장터,406727009,28만원! 사무용 업무용 컴퓨터 여기서 구매하세요! 조립식 컴퓨터 본체,280000,판매중,,https://media.bunjang.co.kr/product/406727009_1_1778212904_w{res}.jpg,https://m.bunjang.co.kr/products/406727009,2026-05-08 13:01,28만원! 사무용 업무용 컴퓨터 여기서 구매하세요! 조립식 컴퓨터 본체,,,desktop,N,,SALE,,,,,UNKNOWN
본체,번개장터,406593194,한정수량! RTX2070 8GB 본체사양 인기가성비 게이밍 컴퓨터데스크탑,630000,판매중,,https://media.bunjang.co.kr/product/406593194_1_1778147711_w{res}.jpg,https://m.bunjang.co.kr/products/406593194,2026-05-08 13:00,한정수량! rtx2070 8gb 본체사양 인기가성비 게이밍 컴퓨터데스크탑,,,desktop,N,,SALE,,RTX2070,,,MID
본체,번개장터,406726859,게이밍컴퓨터 본체 최저가판매 가격비교,470000,판매중,,https://media.bunjang.co.kr/product/406726859_1_1778212849_w{res}.jpg,https://m.bunjang.co.kr/products/406726859,2026-05-08 13:00,게이밍컴퓨터 본체 최저가 가격비교,,,desktop,N,,SALE,,,,,UNKNOWN
본체,번개장터,406726802,아직도 현역! 갓성비 RTX2060 조합 컴퓨터 56만원 부터 판매합니다,910000,판매중,,https://media.bunjang.co.kr/product/406726802_1_1778212825_w{res}.jpg,https://m.bunjang.co.kr/products/406726802,2026-05-08 13:00,아직도 현역! 갓성비 rtx2060 조합 컴퓨터 56만원 부터,,,desktop,N,,SALE,,RTX2060,,,MID
본체,번개장터,385489716,"285k, z890 wifi, rtx 5080 본체 _14900k",4250000,판매중,,https://media.bunjang.co.kr/product/385489716_1_1775892196_w{res}.jpg,https://m.bunjang.co.kr/products/385489716,2026-05-08 12:59,"285k, z890 wifi, rtx 5080 본체 _14900k",,,desktop,N,,SALE,,RTX5080,,,UNKNOWN
본체,번개장터,401843822,"9950x3d, x870e, 64gb, 2tb, 5090 하이엔드 본체",8950000,판매중,,https://media.bunjang.co.kr/product/401843822_1_1776258744_w{res}.jpg,https://m.bunjang.co.kr/products/401843822,2026-05-08 12:59,"9950x3d, x870e, 64gb, 2tb, 5090 하이엔드 본체",,,desktop,N,64.0,SALE,,,,2048.0,UNKNOWN
본체,번개장터,406726559,택포) 에어팟 프로 1세대 본체 A급,45000,판매중,,https://media.bunjang.co.kr/product/406726559_1_1778212732_w{res}.jpg,https://m.bunjang.co.kr/products/406726559,2026-05-08 12:58,) 에어팟 프로 1세대 본체 a급,애플,에어팟 프로,earphone,N,,SALE,,,,,UNKNOWN
본체,번개장터,406726299,"사무용컴퓨터pc 중고컴퓨터, 조립식컴퓨터본체 rtx2070",780000,판매중,,https://media.bunjang.co.kr/product/406726299_1_1778212631_w{res}.jpg,https://m.bunjang.co.kr/products/406726299,2026-05-08 12:57,"사무용컴퓨터pc 중고컴퓨터, 조립식컴퓨터본체 rtx2070",,,desktop,N,,SALE,,RTX2070,,,MID
본체,번개장터,369819471,라이젠7 7800X3D/RTX5070Ti 화이트시스템 본체,3350000,판매중,,https://media.bunjang.co.kr/product/369819471_1_1776556237_w{res}.jpg,https://m.bunjang.co.kr/products/369819471,2026-05-08 12:56,라이젠7 7800x3d/rtx5070ti 화이트시스템 본체,,,desktop,N,,SALE,RYZEN7 7800X,RTX5070TI,,,UNKNOWN
본체,번개장터,389597320,LG 정품 슬림 데스크탑 본체,179000,판매중,,https://media.bunjang.co.kr/product/389597320_1_1771750212_w{res}.jpg,https://m.bunjang.co.kr/products/389597320,2026-05-08 12:55,lg 슬림 데스크탑 본체,,,desktop,N,,SALE,,,,,UNKNOWN
본체,번개장터,389427240,게이밍 데스크탑 본체 i5-12세대 램16GB GTX3060Ti,999000,판매중,,https://media.bunjang.co.kr/product/389427240_1_1774339070_w{res}.jpg,https://m.bunjang.co.kr/products/389427240,2026-05-08 12:55,게이밍 데스크탑 본체 i5-12세대 램16gb gtx3060ti,,,desktop,N,16.0,SALE,,GTX3060TI,16.0,,UNKNOWN
본체,번개장터,379548949,에어팟 프로 2세대 라이트닝 본체 판매합니다,59000,판매중,,https://media.bunjang.co.kr/product/379548949_1_1777792732_w{res}.jpg,https://m.bunjang.co.kr/products/379548949,2026-05-08 12:54,에어팟 프로 2세대 라이트닝 본체,애플,에어팟 프로,earphone,N,,SALE,,,,,UNKNOWN
본체,번개장터,371714667,내용확인 - 브라더미싱 VX-1100 본체만  택포4만,40000,판매중,,https://media.bunjang.co.kr/product/371714667_1_1776831174_w{res}.jpg,https://m.bunjang.co.kr/products/371714667,2026-05-08 12:54,내용확인 - 브라더미싱 vx-1100 본체만 4만,,,desktop,N,,SALE,,,,,UNKNOWN
본체,번개장터,392948452,i5-6500  반본체 판매합니다,75000,판매중,,https://media.bunjang.co.kr/product/392948452_1_1772534295_w{res}.jpg,https://m.bunjang.co.kr/products/392948452,2026-05-08 12:53,i5-6500 반본체,,,desktop,N,,SALE,I5-6500,,,,UNKNOWN
본체,번개장터,383496974,삼성 i7-8700 반본체 판매합니다,250000,판매중,,https://media.bunjang.co.kr/product/383496974_1_1770804190_w{res}.jpg,https://m.bunjang.co.kr/products/383496974,2026-05-08 12:53,삼성 i7-8700 반본체,,,desktop,N,,SALE,I7-8700,,,,UNKNOWN
본체,번개장터,406725762,[번장특판 컴퓨터 이벤트]RTX 3060TI 모음 본체 최저가 한정수량,720000,판매중,,https://media.bunjang.co.kr/product/406725762_1_1778212427_w{res}.jpg,https://m.bunjang.co.kr/products/406725762,2026-05-08 12:53,[번장특판 컴퓨터 이벤트]rtx 3060ti 모음 본체 최저가 한정수량,,,desktop,N,,SALE,,RTX3060TI,,,MID
본체,번개장터,406725731,특가본체! RTX5060Ti 8G 인기구성! 고사양 게이밍컴퓨터 데스크탑,1550000,판매중,,https://media.bunjang.co.kr/product/406725731_1_1778212413_w{res}.jpg,https://m.bunjang.co.kr/products/406725731,2026-05-08 12:53,특가본체! rtx5060ti 8g 인기구성! 고사양 게이밍컴퓨터 데스크탑,,,desktop,N,,SALE,,RTX5060TI,,,UNKNOWN
본체,번개장터,404908099,에어팟 프로2 8핀 본체,39000,판매중,,https://media.bunjang.co.kr/product/404908099_1_1777514696_w{res}.jpg,https://m.bunjang.co.kr/products/404908099,2026-05-08 12:53,에어팟 프로2 8핀 본체,애플,에어팟 프로,earphone,N,,SALE,,,,,UNKNOWN
본체,번개장터,406725489,인텔 250KF Plus 15세대 최신사양! 디자인작업용 게이밍컴퓨터본체,1270000,판매중,,https://media.bunjang.co.kr/product/406725489_1_1778212320_w{res}.jpg,https://m.bunjang.co.kr/products/406725489,2026-05-08 12:52,인텔 250kf plus 15세대 최신사양! 디자인작업용 게이밍컴퓨터본체,,,desktop,N,,SALE,,,,,UNKNOWN
본체,번개장터,406725392,한정수량! RTX2070 8GB 본체사양 인기가성비 게이밍 컴퓨터데스크탑,630000,판매중,,https://media.bunjang.co.kr/product/406725392_1_1778212283_w{res}.jpg,https://m.bunjang.co.kr/products/406725392,2026-05-08 12:51,한정수량! rtx2070 8gb 본체사양 인기가성비 게이밍 컴퓨터데스크탑,,,desktop,N,,SALE,,RTX2070,,,MID
본체,번개장터,252700080,"마이딘 LUX3W, MP150 블랙박스 (본체단품)",55000,판매중,,https://media.bunjang.co.kr/product/252700080_1_1707543824_w{res}.jpg,https://m.bunjang.co.kr/products/252700080,2026-05-08 12:50,"마이딘 lux3w, mp150 블랙박스 (본체단품)",,,BOX,Y,,SALE,,,,,UNKNOWN
본체,번개장터,237812874,아이나비 QXD900view plus 블랙박스 (본체단품),55000,판매중,,https://media.bunjang.co.kr/product/237812874_1_1703710236_w{res}.jpg,https://m.bunjang.co.kr/products/237812874,2026-05-08 12:50,아이나비 qxd900view plus 블랙박스 (본체단품),,,BOX,Y,,SALE,,,,,UNKNOWN
본체,번개장터,406725226,컴퓨터 본체 사무용 듀얼모니터 강추 i5 6500 GTX 1060 3G,420000,판매중,,https://media.bunjang.co.kr/product/406725226_1_1778212231_w{res}.jpg,https://m.bunjang.co.kr/products/406725226,2026-05-08 12:50,컴퓨터 본체 사무용 듀얼모니터 강추 i5 6500 gtx 1060 3g,,,desktop,N,,SALE,I5 6500,GTX1060,,,LOW
본체,번개장터,406725221,가성비 사무용 업무용 조립 PC 컴퓨터 본체,270000,판매중,,https://media.bunjang.co.kr/product/406725221_1_1778212230_w{res}.jpg,https://m.bunjang.co.kr/products/406725221,2026-05-08 12:50,가성비 사무용 업무용 조립 pc 컴퓨터 본체,,,desktop,N,,SALE,,,,,UNKNOWN
본체,번개장터,406724343,번장 이벤트 사무용 주식 TM 카톡업무 컴퓨터 본체 최저가 판매!,150000,판매중,,https://media.bunjang.co.kr/product/406724343_1_1778211880_w{res}.jpg,https://m.bunjang.co.kr/products/406724343,2026-05-08 12:44,번장 이벤트 사무용 주식 tm 카톡업무 컴퓨터 본체 최저가 !,,,desktop,N,,SALE,,,,,UNKNOWN
본체,번개장터,405846390,닌텐도 위 본체,15000,판매중,,https://media.bunjang.co.kr/product/405846390_1_1778211870_w{res}.jpg,https://m.bunjang.co.kr/products/405846390,2026-05-08 12:43,닌텐도 위 본체,,,desktop,N,,SALE,,,,,UNKNOWN
본체,번개장터,406723748,택포) 에어팟 2 무선 본체 (1세대 가능) 무선충전 충전케이스,23000,판매중,,https://media.bunjang.co.kr/product/406723748_1_1778211625_w{res}.jpg,https://m.bunjang.co.kr/products/406723748,2026-05-08 12:40,) 에어팟 2 무선 본체 (1세대 가능) 무선충전 충전케이스,애플,에어팟,CASE,Y,,SALE,,,,,UNKNOWN
본체,번개장터,399935590,6세대 사무용 롤 컴퓨터 pc본체 팜!,276600,판매중,,https://media.bunjang.co.kr/product/399935590_1_1775544034_w{res}.jpg,https://m.bunjang.co.kr/products/399935590,2026-05-08 12:39,6세대 사무용 롤 컴퓨터 pc본체 팜!,,,desktop,N,,SALE,,,,,UNKNOWN
본체,번개장터,389276237,라이젠 게이밍 미니 조립 새 컴퓨터 pc 본체,595000,판매중,,https://media.bunjang.co.kr/product/389276237_1_1774424895_w{res}.jpg,https://m.bunjang.co.kr/products/389276237,2026-05-08 12:38,라이젠 게이밍 미니 조립 새 컴퓨터 pc 본체,,,desktop,N,,SALE,,,,,UNKNOWN
본체,번개장터,406723443,컴퓨터본체추천! 데스크탑 중고 게이밍게임용조립식PC,390000,판매중,,https://media.bunjang.co.kr/product/406723443_1_1778211510_w{res}.jpg,https://m.bunjang.co.kr/products/406723443,2026-05-08 12:38,컴퓨터본체추천! 데스크탑 중고 게이밍게임용조립식pc,,,desktop,N,,SALE,,,,,UNKNOWN
본체,번개장터,399116607,i5 8400 ram16g gtx1050 ssd250g 신품케이스 본체,390000,판매중,,https://media.bunjang.co.kr/product/399116607_1_1775776381_w{res}.jpg,https://m.bunjang.co.kr/products/399116607,2026-05-08 12:37,i5 8400 ram16g gtx1050 ssd250g 신품케이스 본체,,,CASE,Y,,SALE,I5 8400,GTX1050,,,UNKNOWN
본체,번개장터,380151493,삼성 컴퓨터 본체와 일반모니터까지 구성품 다 가져가세요~,190000,판매중,,https://media.bunjang.co.kr/product/380151493_1_1767506186_w{res}.jpg,https://m.bunjang.co.kr/products/380151493,2026-05-08 12:37,삼성 컴퓨터 본체와 일반모니터까지 구성품 다 가져가세요~,,,desktop,N,,SALE,,,,,UNKNOWN
본체,번개장터,406723116,라이젠 7 3700X / 1660슈퍼 / 16G / SSD 500G 본체,600000,판매중,,https://media.bunjang.co.kr/product/406723116_1_1778211392_w{res}.jpg,https://m.bunjang.co.kr/products/406723116,2026-05-08 12:36,라이젠 7 3700x / 1660슈퍼 / 16g / ssd 500g 본체,,,desktop,N,,SALE,RYZEN 7 3700X,,,,UNKNOWN
본체,번개장터,406722856,게임은 역시 라이젠! 가성비 초특가 판매 라이젠 7500F 게이밍 컴퓨터,1130000,판매중,,https://media.bunjang.co.kr/product/406722856_1_1778211260_w{res}.jpg,https://m.bunjang.co.kr/products/406722856,2026-05-08 12:34,게임은 역시 라이젠! 가성비 초특가 라이젠 7500f 게이밍 컴퓨터,,,desktop,N,,SALE,RYZEN 7500F,,,,UNKNOWN
본체,번개장터,406043855,i5 12600kf rtx3060ti 게이밍 pc 데스크탑 컴퓨터 본체,950000,판매중,,https://media.bunjang.co.kr/product/406043855_1_1777941630_w{res}.jpg,https://m.bunjang.co.kr/products/406043855,2026-05-08 12:33,i5 12600kf rtx3060ti 게이밍 pc 데스크탑 컴퓨터 본체,,,desktop,N,,SALE,I5 12600KF,RTX3060TI,,,MID
본체,번개장터,406043400,i7 11700f rtx3060 게이밍 pc 데스크탑 컴퓨터 공랭 본체,900000,판매중,,https://media.bunjang.co.kr/product/406043400_1_1777941343_w{res}.jpg,https://m.bunjang.co.kr/products/406043400,2026-05-08 12:33,i7 11700f rtx3060 게이밍 pc 데스크탑 컴퓨터 공랭 본체,,,desktop,N,,SALE,I7 11700F,RTX3060,,,MID
본체,번개장터,404833679,라이젠7 5800x rtx3060 게이밍 pc 데스크탑 컴퓨터 공랭 본체,850000,판매중,,https://media.bunjang.co.kr/product/404833679_1_1777470621_w{res}.jpg,https://m.bunjang.co.kr/products/404833679,2026-05-08 12:33,라이젠7 5800x rtx3060 게이밍 pc 데스크탑 컴퓨터 공랭 본체,,,desktop,N,,SALE,RYZEN7 5800X,RTX3060,,,MID
본체,번개장터,404831955,i9 11900f rtx3070 게이밍 pc 데스크탑 컴퓨터 수랭 본체,1200000,판매중,,https://media.bunjang.co.kr/product/404831955_1_1777470079_w{res}.jpg,https://m.bunjang.co.kr/products/404831955,2026-05-08 12:33,i9 11900f rtx3070 게이밍 pc 데스크탑 컴퓨터 수랭 본체,,,desktop,N,,SALE,I9 11900F,RTX3070,,,MID
본체,번개장터,400448666,라이젠5 5600g rtx4060 게이밍 pc 데스크탑 컴퓨터 본체(공랭,900000,판매중,,https://media.bunjang.co.kr/product/400448666_1_1775721318_w{res}.jpg,https://m.bunjang.co.kr/products/400448666,2026-05-08 12:33,라이젠5 5600g rtx4060 게이밍 pc 데스크탑 컴퓨터 본체(공랭,,,desktop,N,,SALE,RYZEN5 5600G,RTX4060,,,MID
본체,번개장터,406722769,i5 6500 SSD240 조립식 컴퓨터 pc 모음 윈도우 포함 빠른택배,560000,판매중,,https://media.bunjang.co.kr/product/406722769_1_1778211219_w{res}.jpg,https://m.bunjang.co.kr/products/406722769,2026-05-08 12:33,i5 6500 ssd240 조립식 컴퓨터 pc 모음 윈도우 포함 빠른,,,desktop,N,,SALE,I5 6500,,,,UNKNOWN
본체,번개장터,406722403,인기 pc RTX2070 게임용 조립식 컴퓨터 최저가 판매합니다!,1150000,판매중,,https://media.bunjang.co.kr/product/406722403_1_1778211073_w{res}.jpg,https://m.bunjang.co.kr/products/406722403,2026-05-08 12:31,인기 pc rtx2070 게임용 조립식 컴퓨터 최저가 !,,,desktop,N,,SALE,,RTX2070,,,MID
본체,번개장터,406722309,i5 9400F/RTX 2060 블랙&화이트 공냉 게이밍 컴퓨터 본체,680000,판매중,,https://media.bunjang.co.kr/product/406722309_1_1778211033_w{res}.jpg,https://m.bunjang.co.kr/products/406722309,2026-05-08 12:30,i5 9400f/rtx 2060 블랙&화이트 공냉 게이밍 컴퓨터 본체,,,desktop,N,,SALE,I5 9400F,RTX2060,,,MID
본체,번개장터,406722256,게이밍용과 간단한 사무용까지!컴퓨터본체데스크탑PC조립식컴퓨터,440000,판매중,,https://media.bunjang.co.kr/product/406722256_1_1778211015_w{res}.jpg,https://m.bunjang.co.kr/products/406722256,2026-05-08 12:30,게이밍용과 간단한 사무용까지!컴퓨터본체데스크탑pc조립식컴퓨터,,,desktop,N,,SALE,,,,,UNKNOWN
본체,번개장터,406722250,컴퓨터 최저가로 구매하자최저가보장컴퓨터본체데스크탑pc조립식컴퓨터,280000,판매중,,https://media.bunjang.co.kr/product/406722250_1_1778211013_w{res}.jpg,https://m.bunjang.co.kr/products/406722250,2026-05-08 12:30,컴퓨터 최저가로 구매하자최저가보장컴퓨터본체데스크탑pc조립식컴퓨터,,,desktop,N,,SALE,,,,,UNKNOWN
본체,번개장터,406722226,i5 9400F/RTX2060 6G 컴퓨터 본체,600000,판매중,,https://media.bunjang.co.kr/product/406722226_1_1778211005_w{res}.jpg,https://m.bunjang.co.kr/products/406722226,2026-05-08 12:30,i5 9400f/rtx2060 6g 컴퓨터 본체,,,desktop,N,,SALE,I5 9400F,RTX2060,,,MID
본체,번개장터,406722215,번장1위컴퓨터!최저가pc비교불가!!컴퓨터pc본체데스크탑조립식컴퓨터사무용,270000,판매중,,https://media.bunjang.co.kr/product/406722215_1_1778210998_w{res}.jpg,https://m.bunjang.co.kr/products/406722215,2026-05-08 12:29,번장1위컴퓨터!최저가pc비교불가!!컴퓨터pc본체데스크탑조립식컴퓨터사무용,,,desktop,N,,SALE,,,,,UNKNOWN
본체,번개장터,406722180,컴퓨터 본체 사무용 듀얼모니터 강추 i5 6500 GTX 1060 3G,420000,판매중,,https://media.bunjang.co.kr/product/406722180_1_1778210985_w{res}.jpg,https://m.bunjang.co.kr/products/406722180,2026-05-08 12:29,컴퓨터 본체 사무용 듀얼모니터 강추 i5 6500 gtx 1060 3g,,,desktop,N,,SALE,I5 6500,GTX1060,,,LOW
본체,번개장터,406722168,인텔 I5 14400F 최저가 판매 게이밍 본체 게임용 조립식 컴퓨터,1150000,판매중,,https://media.bunjang.co.kr/product/406722168_1_1778210979_w{res}.jpg,https://m.bunjang.co.kr/products/406722168,2026-05-08 12:29,인텔 i5 14400f 최저가 게이밍 본체 게임용 조립식 컴퓨터,,,desktop,N,,SALE,I5 14400F,,,,UNKNOWN
본체,번개장터,406721484,[번장1등 컴퓨터 풀셋트 본체]한정수량 초특가 이벤트 판매 합니다,285000,판매중,,https://media.bunjang.co.kr/product/406721484_1_1778210725_w{res}.jpg,https://m.bunjang.co.kr/products/406721484,2026-05-08 12:25,[번장1등 컴퓨터 풀셋트 본체]한정수량 초특가 이벤트 합니다,,,desktop,N,,SALE,,,,,UNKNOWN
본체,번개장터,406153807,에어팟프로2 8핀 본체,22000,판매중,,https://media.bunjang.co.kr/product/406153807_1_1777974268_w{res}.jpg,https://m.bunjang.co.kr/products/406153807,2026-05-08 12:24,에어팟프로2 8핀 본체,애플,에어팟 프로,earphone,N,,SALE,,,,,UNKNOWN
본체,번개장터,406721268,"[리니지 클래식 컴퓨터, 아이온 본체. 수량 및 소량 납품 전문]",170000,판매중,,https://media.bunjang.co.kr/product/406721268_1_1778210625_w{res}.jpg,https://m.bunjang.co.kr/products/406721268,2026-05-08 12:23,"[리니지 클래식 컴퓨터, 아이온 본체. 수량 및 소량 납품 전문]",,,desktop,N,,SALE,,,,,UNKNOWN
본체,번개장터,404947535,고프로7 (본체+배터리2개+악세사리),129000,판매중,,https://media.bunjang.co.kr/product/404947535_1_1778153437_w{res}.jpg,https://m.bunjang.co.kr/products/404947535,2026-05-08 12:23,고프로7 (본체+배터리2개+악세사리),,,desktop,N,,SALE,,,,,UNKNOWN
본체,번개장터,406720869,[번장특판 컴퓨터 이벤트]RTX 3060TI 모음 본체 최저가 한정수량,720000,판매중,,https://media.bunjang.co.kr/product/406720869_1_1778210477_w{res}.jpg,https://m.bunjang.co.kr/products/406720869,2026-05-08 12:21,[번장특판 컴퓨터 이벤트]rtx 3060ti 모음 본체 최저가 한정수량,,,desktop,N,,SALE,,RTX3060TI,,,MID
본체,번개장터,172303465,[후기3400개] i7-8700+GTX1660슈퍼 컴퓨터 본체 특가 판매,660000,판매중,,https://media.bunjang.co.kr/product/172303465_1_1774442096_w{res}.jpg,https://m.bunjang.co.kr/products/172303465,2026-05-08 12:20,[후기3400개] i7-8700+gtx1660슈퍼 컴퓨터 본체 특가,,,desktop,N,,SALE,I7-8700,GTX1660,,,LOW
본체,번개장터,406720717,7500 사무용컴퓨터 사무용본체 사무실컴퓨터 데크스탑,280000,판매중,,https://media.bunjang.co.kr/product/406720717_1_1778210422_w{res}.jpg,https://m.bunjang.co.kr/products/406720717,2026-05-08 12:20,7500 사무용컴퓨터 사무용본체 사무실컴퓨터 데크스탑,,,desktop,N,,SALE,,,,,UNKNOWN
본체,번개장터,135533363,[후기3400개] 괴물 성능 속도 PC 게이밍 컴퓨터 본체 세트,250000,판매중,,https://media.bunjang.co.kr/product/135533363_1_1775543700_w{res}.jpg,https://m.bunjang.co.kr/products/135533363,2026-05-08 12:20,[후기3400개] 괴물 성능 속도 pc 게이밍 컴퓨터 본체 세트,,,desktop,N,,SALE,,,,,UNKNOWN
본체,번개장터,406499338,APEX 그래픽 카드 본체 AF210,20000,판매중,,https://media.bunjang.co.kr/product/406499338_1_1778113883_w{res}.jpg,https://m.bunjang.co.kr/products/406499338,2026-05-08 12:20,apex 그래픽 카드 본체 af210,,,desktop,N,,SALE,,,,,UNKNOWN
본체,번개장터,226500853,배그상옵/게임용/영상편집/고사양게임 컴퓨터본체pc데스크탑조립식중고컴퓨터,600000,판매중,,https://media.bunjang.co.kr/product/226500853_1_1776172211_w{res}.jpg,https://m.bunjang.co.kr/products/226500853,2026-05-08 12:19,배그상옵/게임용/영상편집/고사양게임 컴퓨터본체pc데스크탑조립식중고컴퓨터,,,desktop,N,,SALE,,,,,UNKNOWN
본체,번개장터,226499851,"[배그중옵/롤,GTA5,오버워치,로아,피파]컴퓨터본체pc데스크탑중고컴퓨터",490000,판매중,,https://media.bunjang.co.kr/product/226499851_1_1776172233_w{res}.jpg,https://m.bunjang.co.kr/products/226499851,2026-05-08 12:19,"[배그중옵/롤,gta5,오버워치,로아,피파]컴퓨터본체pc데스크탑중고컴퓨터",,,desktop,N,,SALE,,,,,UNKNOWN
본체,번개장터,406530514,고사양 컴퓨터 본체 모니터 장비 각개 판매합니다,999999,판매중,,https://media.bunjang.co.kr/product/406530514_1_1778127776_w{res}.jpg,https://m.bunjang.co.kr/products/406530514,2026-05-08 12:18,고사양 컴퓨터 본체 모니터 장비 각개,,,desktop,N,,SALE,,,,,UNKNOWN
본체,번개장터,406720204,판매1위 RTX5060 8GB장착! 인기가성비 게이밍컴퓨터 데스크탑본체,1520000,판매중,,https://media.bunjang.co.kr/product/406720204_1_1778210232_w{res}.jpg,https://m.bunjang.co.kr/products/406720204,2026-05-08 12:17,1위 rtx5060 8gb장착! 인기가성비 게이밍컴퓨터 데스크탑본체,,,desktop,N,,SALE,,RTX5060,,,UNKNOWN
본체,번개장터,406719819,닌탠도 스위치 젤다의전설 본체. 컬랙터즈에디션 팔아요,480000,판매중,,https://media.bunjang.co.kr/product/406719819_1_1778210074_w{res}.jpg,https://m.bunjang.co.kr/products/406719819,2026-05-08 12:14,닌탠도 스위치 젤다의전설 본체. 컬랙터즈에디션,,,desktop,N,,SALE,,,,,UNKNOWN
본체,번개장터,406719692,택포) 에어팟 프로 1세대 본체 A급,45000,판매중,,https://media.bunjang.co.kr/product/406719692_1_1778210017_w{res}.jpg,https://m.bunjang.co.kr/products/406719692,2026-05-08 12:13,) 에어팟 프로 1세대 본체 a급,애플,에어팟 프로,earphone,N,,SALE,,,,,UNKNOWN
본체,번개장터,404656457,i5 3570 CPU 8G RAM 본체 칠 만 원에 팝니다,70000,판매중,,https://media.bunjang.co.kr/product/404656457_1_1778133953_w{res}.jpg,https://m.bunjang.co.kr/products/404656457,2026-05-08 12:10,i5 3570 cpu 8g ram 본체 칠 만 원에,,,desktop,N,,SALE,I5 3570,,,,UNKNOWN
본체,번개장터,406358530,세가 새턴 본체 박스셋,130000,판매중,,https://media.bunjang.co.kr/product/406358530_1_1778055475_w{res}.jpg,https://m.bunjang.co.kr/products/406358530,2026-05-08 12:09,세가 새턴 본체 박스셋,,,BOX,Y,,SALE,,,,,UNKNOWN
본체,번개장터,406719180,조립식컴퓨터 사무용 사무실 컴퓨터 업무용PC,270000,판매중,,https://media.bunjang.co.kr/product/406719180_1_1778209793_w{res}.jpg,https://m.bunjang.co.kr/products/406719180,2026-05-08 12:09,조립식컴퓨터 사무용 사무실 컴퓨터 업무용pc,,,desktop,N,,SALE,,,,,UNKNOWN
본체,번개장터,406719164,가성비 본체 싹 다 여기있습니다컴퓨터본체pc데스크탑조립식최저가PC,270000,판매중,,https://media.bunjang.co.kr/product/406719164_1_1778209787_w{res}.jpg,https://m.bunjang.co.kr/products/406719164,2026-05-08 12:09,가성비 본체 싹 다 여기있습니다컴퓨터본체pc데스크탑조립식최저가pc,,,desktop,N,,SALE,,,,,UNKNOWN
본체,번개장터,405195962,"Ram, ssd제외 고사양 반본체pc",500000,판매중,,https://media.bunjang.co.kr/product/405195962_1_1778148429_w{res}.jpg,https://m.bunjang.co.kr/products/405195962,2026-05-08 12:09,"ram, ssd제외 고사양 반본체pc",,,desktop,N,,SALE,,,,,UNKNOWN
본체,번개장터,406719040,택포) 에어팟 2 무선 본체 (1세대 가능) 무선충전 충전케이스,26900,판매중,,https://media.bunjang.co.kr/product/406719040_1_1778209735_w{res}.jpg,https://m.bunjang.co.kr/products/406719040,2026-05-08 12:08,) 에어팟 2 무선 본체 (1세대 가능) 무선충전 충전케이스,애플,에어팟,CASE,Y,,SALE,,,,,UNKNOWN
본체,번개장터,402455246,닌텐도 DSi 민트 본체 A급이상 풀세트 / 사진구성,129000,판매중,,https://media.bunjang.co.kr/product/402455246_1_1776509351_w{res}.jpg,https://m.bunjang.co.kr/products/402455246,2026-05-08 12:08,닌텐도 dsi 민트 본체 a급이상 풀세트 / 사진구성,,,desktop,N,,SALE,,,,,UNKNOWN
본체,번개장터,405178318,특별한 나만의 닌텐도 스위치 초기형 본체 S급 +정품조이콘 + 악세사리,215000,판매중,,https://media.bunjang.co.kr/product/405178318_1_1777726521_w{res}.jpg,https://m.bunjang.co.kr/products/405178318,2026-05-08 12:08,특별한 나만의 닌텐도 스위치 초기형 본체 s급 +조이콘 + 악세사리,,,desktop,N,,SALE,,,,,UNKNOWN
본체,번개장터,405857360,특별한 닌텐도 스위치 초기형 본체S급 풀세트 팝니다.,279000,판매중,,https://media.bunjang.co.kr/product/405857360_1_1777871015_w{res}.jpg,https://m.bunjang.co.kr/products/405857360,2026-05-08 12:07,특별한 닌텐도 스위치 초기형 본체s급 풀세트 .,,,desktop,N,,SALE,,,,,UNKNOWN
본체,번개장터,403837425,초 고사양 게이밍 pc 본체 i9-13900K Rtx5080 64g,3550000,판매중,,https://media.bunjang.co.kr/product/403837425_1_1777891522_w{res}.jpg,https://m.bunjang.co.kr/products/403837425,2026-05-08 12:07,초 고사양 게이밍 pc 본체 i9-13900k rtx5080 64g,,,desktop,N,,SALE,I9-13900K,RTX5080,,,UNKNOWN
본체,번개장터,406718514,게이밍컴퓨터 게임용조립식 PC컴퓨터 본체추천 데스크탑중고,470000,판매중,,https://media.bunjang.co.kr/product/406718514_1_1778209505_w{res}.jpg,https://m.bunjang.co.kr/products/406718514,2026-05-08 12:05,게이밍컴퓨터 게임용조립식 pc컴퓨터 본체추천 데스크탑중고,,,desktop,N,,SALE,,,,,UNKNOWN
본체,번개장터,406718395,라이젠7 7800X3D Rtx5070Ti 게이밍 pc 본체,2800000,판매중,,https://media.bunjang.co.kr/product/406718395_1_1778209443_w{res}.jpg,https://m.bunjang.co.kr/products/406718395,2026-05-08 12:04,라이젠7 7800x3d rtx5070ti 게이밍 pc 본체,,,desktop,N,,SALE,RYZEN7 7800X,RTX5070TI,,,UNKNOWN
본체,번개장터,404915326,반본체 )  9800X3D  / 983D 게이밍 컴퓨터,2050000,판매중,,https://media.bunjang.co.kr/product/404915326_1_1777884596_w{res}.jpg,https://m.bunjang.co.kr/products/404915326,2026-05-08 12:02,반본체 ) 9800x3d / 983d 게이밍 컴퓨터,,,desktop,N,,SALE,,,,,UNKNOWN
본체,번개장터,403017794,삼성 제트 본체 + 필터 + 먼지통 (새것),60000,판매중,,https://media.bunjang.co.kr/product/403017794_1_1776731717_w{res}.jpg,https://m.bunjang.co.kr/products/403017794,2026-05-08 12:01,삼성 제트 본체 + 필터 + 먼지통 (새것),,,desktop,N,,SALE,,,,,UNKNOWN
본체,번개장터,406717991,28만원! 사무용 업무용 컴퓨터 여기서 구매하세요! 조립식 컴퓨터 본체,280000,판매중,,https://media.bunjang.co.kr/product/406717991_1_1778209265_w{res}.jpg,https://m.bunjang.co.kr/products/406717991,2026-05-08 12:01,28만원! 사무용 업무용 컴퓨터 여기서 구매하세요! 조립식 컴퓨터 본체,,,desktop,N,,SALE,,,,,UNKNOWN
본체,번개장터,403281443,수이돌 바다 USD 본체 노멀 팝니다.,220000,판매중,,https://media.bunjang.co.kr/product/403281443_1_1777794523_w{res}.jpg,https://m.bunjang.co.kr/products/403281443,2026-05-08 12:01,수이돌 바다 usd 본체 노멀 .,,,desktop,N,,SALE,,,,,UNKNOWN
본체,번개장터,404862999,LG 코드제로 무선 청소기 본체,40000,판매중,,https://media.bunjang.co.kr/product/404862999_1_1777481335_w{res}.jpg,https://m.bunjang.co.kr/products/404862999,2026-05-08 12:01,lg 코드제로 무선 청소기 본체,,,desktop,N,,SALE,,,,,UNKNOWN
본체,번개장터,395225165,"7950x3d, b650, rx 9070xt  고사양 본체",2650000,판매중,,https://media.bunjang.co.kr/product/395225165_1_1775958720_w{res}.jpg,https://m.bunjang.co.kr/products/395225165,2026-05-08 12:00,"7950x3d, b650, rx 9070xt 고사양 본체",,,desktop,N,,SALE,,RX9070XT,,,UNKNOWN
본체,번개장터,406630101,"9950x3d, x870e wifi, 2tb, 5080 하이엔드급 본체",4250000,판매중,,https://media.bunjang.co.kr/product/406630101_1_1778159286_w{res}.jpg,https://m.bunjang.co.kr/products/406630101,2026-05-08 12:00,"9950x3d, x870e wifi, 2tb, 5080 하이엔드급 본체",,,desktop,N,,SALE,,,,2048.0,UNKNOWN
본체,번개장터,402415414,화이트 조립 컴퓨터 본체,250000,판매중,,https://media.bunjang.co.kr/product/402415414_1_1776498119_w{res}.jpg,https://m.bunjang.co.kr/products/402415414,2026-05-08 11:59,화이트 조립 컴퓨터 본체,,,desktop,N,,SALE,,,,,UNKNOWN
본체,번개장터,406717846,라이젠 AMD 3700x rtx 2070 super 게이밍 pc본체 팝다,630000,판매중,,https://media.bunjang.co.kr/product/406717846_1_1778209195_w{res}.jpg,https://m.bunjang.co.kr/products/406717846,2026-05-08 11:59,라이젠 amd 3700x rtx 2070 super 게이밍 pc본체 팝다,,,desktop,N,,SALE,,RTX2070,,,MID
본체,번개장터,398884922,다이슨 V6,30000,판매중,,https://media.bunjang.co.kr/product/398884922_1_1776943150_w{res}.jpg,https://m.bunjang.co.kr/products/398884922,2026-05-08 11:59,다이슨 v6,,,UNKNOWN,N,,SALE,,,,,UNKNOWN
본체,번개장터,401921607,버즈 플러스 블루 충전기 본체 판매합니다,22000,판매중,,https://media.bunjang.co.kr/product/401921607_1_1776301130_w{res}.jpg,https://m.bunjang.co.kr/products/401921607,2026-05-08 11:59,버즈 플러스 블루 충전기 본체,,,CHARGER,Y,,SALE,,,,,UNKNOWN
본체,번개장터,393491208,버즈 1 화이트 충전기 본체 판매합니다,19000,판매중,,https://media.bunjang.co.kr/product/393491208_1_1772887590_w{res}.jpg,https://m.bunjang.co.kr/products/393491208,2026-05-08 11:59,버즈 1 화이트 충전기 본체,,,CHARGER,Y,,SALE,,,,,UNKNOWN
본체,번개장터,406717690,9800X3D 5080 초고사양 완본체,3850000,판매중,,https://media.bunjang.co.kr/product/406717690_1_1778211889_w{res}.jpg,https://m.bunjang.co.kr/products/406717690,2026-05-08 11:58,9800x3d 5080 초고사양 완본체,,,desktop,N,,SALE,,,,,UNKNOWN
본체,번개장터,406717614,[번장1등 컴퓨터 풀셋트 본체]한정수량 초특가 이벤트 판매 합니다,285000,판매중,,https://media.bunjang.co.kr/product/406717614_1_1778209074_w{res}.jpg,https://m.bunjang.co.kr/products/406717614,2026-05-08 11:57,[번장1등 컴퓨터 풀셋트 본체]한정수량 초특가 이벤트 합니다,,,desktop,N,,SALE,,,,,UNKNOWN
본체,번개장터,406717605,게임은 역시 라이젠! 가성비 초특가 판매 라이젠 7500F 게이밍 컴퓨터,1130000,판매중,,https://media.bunjang.co.kr/product/406717605_1_1778209070_w{res}.jpg,https://m.bunjang.co.kr/products/406717605,2026-05-08 11:57,게임은 역시 라이젠! 가성비 초특가 라이젠 7500f 게이밍 컴퓨터,,,desktop,N,,SALE,RYZEN 7500F,,,,UNKNOWN
본체,번개장터,406717518,번장 이벤트 사무용 주식 TM 메신저업무 컴퓨터 본체 최저가 판매!,150000,판매중,,https://media.bunjang.co.kr/product/406717518_1_1778209023_w{res}.jpg,https://m.bunjang.co.kr/products/406717518,2026-05-08 11:57,번장 이벤트 사무용 주식 tm 메신저업무 컴퓨터 본체 최저가 !,,,desktop,N,,SALE,,,,,UNKNOWN
본체,번개장터,406717411,최저가 컴퓨터 pc 모음 컴퓨터 여기서 안전하게 구매하세요! 안산 본체,1010000,판매중,,https://media.bunjang.co.kr/product/406717411_1_1778208961_w{res}.jpg,https://m.bunjang.co.kr/products/406717411,2026-05-08 11:56,최저가 컴퓨터 pc 모음 컴퓨터 여기서 안전하게 구매하세요! 안산 본체,,,desktop,N,,SALE,,,,,UNKNOWN
본체,번개장터,406717383,인기 pc RTX2070 게임용 조립식 컴퓨터 최저가 판매합니다!,1150000,판매중,,https://media.bunjang.co.kr/product/406717383_1_1778208942_w{res}.jpg,https://m.bunjang.co.kr/products/406717383,2026-05-08 11:55,인기 pc rtx2070 게임용 조립식 컴퓨터 최저가 !,,,desktop,N,,SALE,,RTX2070,,,MID
본체,번개장터,406717293,5점 만점 후기! 최저가로 판매합니다 조립식 게이밍 컴퓨터 pc 모음,1010000,판매중,,https://media.bunjang.co.kr/product/406717293_1_1778208895_w{res}.jpg,https://m.bunjang.co.kr/products/406717293,2026-05-08 11:54,5점 만점 후기! 최저가로 조립식 게이밍 컴퓨터 pc 모음,,,desktop,N,,SALE,,,,,UNKNOWN
본체,번개장터,405975049,7500F 5060ti 게이밍 본체 데스크탑,1320000,판매중,,https://media.bunjang.co.kr/product/405975049_1_1777902429_w{res}.jpg,https://m.bunjang.co.kr/products/405975049,2026-05-08 11:51,7500f 5060ti 게이밍 본체 데스크탑,,,desktop,N,,SALE,,,,,UNKNOWN
본체,번개장터,393241106,게이밍 데스크탑 14400F 9060 8G 본체 미개봉 새상품,1100000,판매중,,https://media.bunjang.co.kr/product/393241106_1_1777429144_w{res}.jpg,https://m.bunjang.co.kr/products/393241106,2026-05-08 11:51,게이밍 데스크탑 14400f 9060 8g 본체,,,desktop,N,,SALE,,,,,UNKNOWN
본체,번개장터,406716637,갤럭시 버즈1 2 3 플러스 라이브 프로 한쪽 왼쪽 오른쪽 본체 충전,29000,판매중,,https://media.bunjang.co.kr/product/406716637_1_1778208648_w{res}.jpg,https://m.bunjang.co.kr/products/406716637,2026-05-08 11:50,갤럭시 버즈1 2 3 플러스 라이브 프로 한쪽 왼쪽 오른쪽 본체 충전,삼성,,smartphone,N,,SALE,,,,,UNKNOWN
본체,번개장터,402092604,라이젠 9600x rtx5050 컴퓨터 본체,1490000,판매중,,https://media.bunjang.co.kr/product/402092604_1_1777782162_w{res}.jpg,https://m.bunjang.co.kr/products/402092604,2026-05-08 11:50,라이젠 9600x rtx5050 컴퓨터 본체,,,desktop,N,,SALE,RYZEN 9600X,RTX5050,,,UNKNOWN
본체,번개장터,405481968,인텔 i5 9600kf rtx2080super 컴퓨터 본체,750000,판매중,,https://media.bunjang.co.kr/product/405481968_1_1777741904_w{res}.jpg,https://m.bunjang.co.kr/products/405481968,2026-05-08 11:50,인텔 i5 9600kf rtx2080super 컴퓨터 본체,,,desktop,N,,SALE,I5 9600KF,RTX2080,,,MID
본체,번개장터,405038705,라이젠 9800x3d rtx5070ti 컴퓨터 본체,3350000,판매중,,https://media.bunjang.co.kr/product/405038705_1_1777558241_w{res}.jpg,https://m.bunjang.co.kr/products/405038705,2026-05-08 11:50,라이젠 9800x3d rtx5070ti 컴퓨터 본체,,,desktop,N,,SALE,RYZEN 9800X,RTX5070TI,,,UNKNOWN
본체,번개장터,400518779,라이젠 9600x rtx5060ti 컴퓨터 본체,1800000,판매중,,https://media.bunjang.co.kr/product/400518779_1_1778043631_w{res}.jpg,https://m.bunjang.co.kr/products/400518779,2026-05-08 11:50,라이젠 9600x rtx5060ti 컴퓨터 본체,,,desktop,N,,SALE,RYZEN 9600X,RTX5060TI,,,UNKNOWN
본체,번개장터,399004549,라이젠 7800x3d rtx5070 컴퓨터 본체,2600000,판매중,,https://media.bunjang.co.kr/product/399004549_1_1778055060_w{res}.jpg,https://m.bunjang.co.kr/products/399004549,2026-05-08 11:50,라이젠 7800x3d rtx5070 컴퓨터 본체,,,desktop,N,,SALE,RYZEN 7800X,RTX5070,,,UNKNOWN
본체,번개장터,289200140,[게이밍 컴퓨터] RTX 5060/9600X/1TB 데스크탑 PC 본체,1690000,판매중,,https://media.bunjang.co.kr/product/289200140_1_1778056983_w{res}.jpg,https://m.bunjang.co.kr/products/289200140,2026-05-08 11:50,[게이밍 컴퓨터] rtx 5060/9600x/1tb 데스크탑 pc 본체,,,desktop,N,,SALE,,RTX5060,,1024.0,UNKNOWN
본체,번개장터,406716432,구매율1위컴퓨터!최저가pc비교불가!!컴퓨터pc본체데스크탑조립식컴퓨터사무용,420000,판매중,,https://media.bunjang.co.kr/product/406716432_1_1778208575_w{res}.jpg,https://m.bunjang.co.kr/products/406716432,2026-05-08 11:49,구매율1위컴퓨터!최저가pc비교불가!!컴퓨터pc본체데스크탑조립식컴퓨터사무용,,,desktop,N,,SALE,,,,,UNKNOWN
본체,번개장터,406716327,사무용 사무실 컴퓨터는 꼭 여기서!본체컴퓨터데스크탑pc조립식컴퓨터,270000,판매중,,https://media.bunjang.co.kr/product/406716327_1_1778208544_w{res}.jpg,https://m.bunjang.co.kr/products/406716327,2026-05-08 11:49,사무용 사무실 컴퓨터는 꼭 여기서!본체컴퓨터데스크탑pc조립식컴퓨터,,,desktop,N,,SALE,,,,,UNKNOWN
본체,번개장터,397369497,컴퓨터본체 i7-3700,150000,판매중,,https://media.bunjang.co.kr/product/397369497_1_1774436414_w{res}.jpg,https://m.bunjang.co.kr/products/397369497,2026-05-08 11:48,컴퓨터본체 i7-3700,,,desktop,N,,SALE,I7-3700,,,,UNKNOWN
본체,번개장터,406716262,에어팟 프로2 c타입 본체,70000,판매중,,https://media.bunjang.co.kr/product/406716262_1_1778208522_w{res}.jpg,https://m.bunjang.co.kr/products/406716262,2026-05-08 11:48,에어팟 프로2 c타입 본체,애플,에어팟 프로,earphone,N,,SALE,,,,,UNKNOWN
본체,번개장터,377079099,오비츠11 호환 B612 구바디 및 레몬 헤드 본체 일괄,140000,판매중,,https://media.bunjang.co.kr/product/377079099_1_1776154119_w{res}.jpg,https://m.bunjang.co.kr/products/377079099,2026-05-08 11:46,오비츠11 호환 b612 구바디 및 레몬 헤드 본체 일괄,,,desktop,N,,SALE,,,,,UNKNOWN
본체,번개장터,406715928,사무용본체 완벽셋팅! 사무실 중고사무용컴퓨터 부모님선물용 데스크탑,280000,판매중,,https://media.bunjang.co.kr/product/406715928_1_1778208399_w{res}.jpg,https://m.bunjang.co.kr/products/406715928,2026-05-08 11:46,사무용본체 완벽셋팅! 사무실 중고사무용컴퓨터 부모님선물용 데스크탑,,,desktop,N,,SALE,,,,,UNKNOWN
본체,번개장터,406715779,3060 게이밍 게임용 조립식PC 중고컴퓨터추천 데스크탑 사무용본체,750000,판매중,,https://media.bunjang.co.kr/product/406715779_1_1778208333_w{res}.jpg,https://m.bunjang.co.kr/products/406715779,2026-05-08 11:45,3060 게이밍 게임용 조립식pc 중고컴퓨터추천 데스크탑 사무용본체,,,desktop,N,,SALE,,,,,UNKNOWN
본체,번개장터,402158193,에어팟프로 2세대 8핀 본체,48000,판매중,,https://media.bunjang.co.kr/product/402158193_1_1777213384_w{res}.jpg,https://m.bunjang.co.kr/products/402158193,2026-05-08 11:43,에어팟프로 2세대 8핀 본체,애플,에어팟 프로,earphone,N,,SALE,,,,,UNKNOWN
본체,번개장터,405305018,9800x3d rtx5080 아스트랄 리안리 완본체,4500000,판매중,,https://media.bunjang.co.kr/product/405305018_1_1778034328_w{res}.jpg,https://m.bunjang.co.kr/products/405305018,2026-05-08 11:42,9800x3d rtx5080 아스트랄 리안리 완본체,,,desktop,N,,SALE,,RTX5080,,,UNKNOWN
본체,번개장터,398270570,7800x3d 9070xt 리안리 풀세팅 하이엔드 PC 컴퓨터 본체,3250000,판매중,,https://media.bunjang.co.kr/product/398270570_1_1777078903_w{res}.jpg,https://m.bunjang.co.kr/products/398270570,2026-05-08 11:42,7800x3d 9070xt 리안리 풀세팅 하이엔드 pc 컴퓨터 본체,,,SERVICE,Y,,SALE,,,,,UNKNOWN
본체,번개장터,406715192,갤럭시 버즈1 2 3 플러스 라이브 프로 한쪽 왼쪽 오른쪽 본체 충전,29000,판매중,,https://media.bunjang.co.kr/product/406715192_1_1778208113_w{res}.jpg,https://m.bunjang.co.kr/products/406715192,2026-05-08 11:41,갤럭시 버즈1 2 3 플러스 라이브 프로 한쪽 왼쪽 오른쪽 본체 충전,삼성,,smartphone,N,,SALE,,,,,UNKNOWN
본체,번개장터,406714875,10400f RTX2060 중고게임용본체 조립PC 데스크탑 게이밍컴퓨터,630000,판매중,,https://media.bunjang.co.kr/product/406714875_1_1778207980_w{res}.jpg,https://m.bunjang.co.kr/products/406714875,2026-05-08 11:39,10400f rtx2060 중고게임용본체 조립pc 데스크탑 게이밍컴퓨터,,,desktop,N,,SALE,,RTX2060,,,MID
본체,번개장터,406698972,게임은 역시 라이젠! 가성비 초특가 판매 라이젠 7500F 게이밍 컴퓨터,1130000,판매중,,https://media.bunjang.co.kr/product/406698972_1_1778201179_w{res}.jpg,https://m.bunjang.co.kr/products/406698972,2026-05-08 11:38,게임은 역시 라이젠! 가성비 초특가 라이젠 7500f 게이밍 컴퓨터,,,desktop,N,,SALE,RYZEN 7500F,,,,UNKNOWN
본체,번개장터,241396548,(새제품)인텔 울트라5 225 RTX5070.개인본체.영상편집,1850000,판매중,,https://media.bunjang.co.kr/product/241396548_1_1778082062_w{res}.jpg,https://m.bunjang.co.kr/products/241396548,2026-05-08 11:37,(새제품)인텔 울트라5 225 rtx5070.개인본체.영상편집,,,desktop,N,,SALE,,RTX5070,,,UNKNOWN
본체,번개장터,406714482,갤럭시 버즈1 2 3 플러스 라이브 프로 한쪽 왼쪽 오른쪽 본체 충전,29000,판매중,,https://media.bunjang.co.kr/product/406714482_1_1778207834_w{res}.jpg,https://m.bunjang.co.kr/products/406714482,2026-05-08 11:37,갤럭시 버즈1 2 3 플러스 라이브 프로 한쪽 왼쪽 오른쪽 본체 충전,삼성,,smartphone,N,,SALE,,,,,UNKNOWN
본체,번개장터,406714438,데스크탑 추천!! 게이밍 게임용 조립식PC 중고컴퓨터본체,460000,판매중,,https://media.bunjang.co.kr/product/406714438_1_1778207814_w{res}.jpg,https://m.bunjang.co.kr/products/406714438,2026-05-08 11:36,데스크탑 추천!! 게이밍 게임용 조립식pc 중고컴퓨터본체,,,desktop,N,,SALE,,,,,UNKNOWN
본체,번개장터,406714045,[번장1등 컴퓨터 풀셋트 본체]한정수량 초특가 이벤트 판매 합니다,285000,판매중,,https://media.bunjang.co.kr/product/406714045_1_1778207671_w{res}.jpg,https://m.bunjang.co.kr/products/406714045,2026-05-08 11:34,[번장1등 컴퓨터 풀셋트 본체]한정수량 초특가 이벤트 합니다,,,desktop,N,,SALE,,,,,UNKNOWN
본체,번개장터,406713903,닌텐도 스위치2 본체 + 포코피아 팝니다,700000,판매중,,https://media.bunjang.co.kr/product/406713903_1_1778207614_w{res}.jpg,https://m.bunjang.co.kr/products/406713903,2026-05-08 11:33,닌텐도 스위치2 본체 + 포코피아,,,desktop,N,,SALE,,,,,UNKNOWN
본체,번개장터,404397317,소니 PS4 Pro 본체 + 컨트롤러,210000,판매중,,https://media.bunjang.co.kr/product/404397317_1_1777292790_w{res}.jpg,https://m.bunjang.co.kr/products/404397317,2026-05-08 11:32,소니 ps4 pro 본체 + 컨트롤러,,,desktop,N,,SALE,,,,,UNKNOWN
본체,번개장터,406271546,닌텐도 스위치2 본체 팝니다,630000,판매중,,https://media.bunjang.co.kr/product/406271546_1_1778024993_w{res}.jpg,https://m.bunjang.co.kr/products/406271546,2026-05-08 11:31,닌텐도 스위치2 본체,,,desktop,N,,SALE,,,,,UNKNOWN
본체,번개장터,406533690,인텔 게이밍/작업용 본체 (gtx1060),200000,판매중,,https://media.bunjang.co.kr/product/406533690_1_1778207370_w{res}.jpg,https://m.bunjang.co.kr/products/406533690,2026-05-08 11:31,인텔 게이밍/작업용 본체 (gtx1060),,,desktop,N,,SALE,,GTX1060,,,LOW
본체,번개장터,404839628,에어팟 프로 2세대 본체 S급,45000,판매중,,https://media.bunjang.co.kr/product/404839628_1_1777532744_w{res}.jpg,https://m.bunjang.co.kr/products/404839628,2026-05-08 11:31,에어팟 프로 2세대 본체 s급,애플,에어팟 프로,earphone,N,,SALE,,,,,UNKNOWN
본체,번개장터,406713488,I5 게임용게이밍 조립pc 컴퓨터본체 데스크탑 사무용,420000,판매중,,https://media.bunjang.co.kr/product/406713488_1_1778207470_w{res}.jpg,https://m.bunjang.co.kr/products/406713488,2026-05-08 11:31,i5 게임용게이밍 조립pc 컴퓨터본체 데스크탑 사무용,,,desktop,N,,SALE,,,,,UNKNOWN
본체,번개장터,406713198,i5 7500/GTX 1060 배그중상옵 게이밍 컴퓨터 본체,440000,판매중,,https://media.bunjang.co.kr/product/406713198_1_1778207362_w{res}.jpg,https://m.bunjang.co.kr/products/406713198,2026-05-08 11:29,i5 7500/gtx 1060 배그중상옵 게이밍 컴퓨터 본체,,,desktop,N,,SALE,I5 7500,GTX1060,,,LOW
본체,번개장터,406713187,컴퓨터 최저가로 구매하자최저가보장컴퓨터본체데스크탑pc조립식컴퓨터,280000,판매중,,https://media.bunjang.co.kr/product/406713187_1_1778207357_w{res}.jpg,https://m.bunjang.co.kr/products/406713187,2026-05-08 11:29,컴퓨터 최저가로 구매하자최저가보장컴퓨터본체데스크탑pc조립식컴퓨터,,,desktop,N,,SALE,,,,,UNKNOWN
본체,번개장터,406713159,번장1위컴퓨터!최저가pc비교불가!!컴퓨터pc본체데스크탑조립식컴퓨터사무용,270000,판매중,,https://media.bunjang.co.kr/product/406713159_1_1778207347_w{res}.jpg,https://m.bunjang.co.kr/products/406713159,2026-05-08 11:29,번장1위컴퓨터!최저가pc비교불가!!컴퓨터pc본체데스크탑조립식컴퓨터사무용,,,desktop,N,,SALE,,,,,UNKNOWN
본체,번개장터,406713075,롤 메이플 피파 던파 서든 상옵 i5 9400F GTX1060 3G,460000,판매중,,https://media.bunjang.co.kr/product/406713075_1_1778207323_w{res}.jpg,https://m.bunjang.co.kr/products/406713075,2026-05-08 11:28,롤 메이플 피파 던파 서든 상옵 i5 9400f gtx1060 3g,,,UNKNOWN,N,,SALE,I5 9400F,GTX1060,,,LOW
본체,번개장터,406713043,에어팟프로2 C타입 본체. 무료배송,60000,판매중,,https://media.bunjang.co.kr/product/406713043_1_1778207312_w{res}.jpg,https://m.bunjang.co.kr/products/406713043,2026-05-08 11:28,에어팟프로2 c타입 본체. 무료배송,애플,에어팟 프로,earphone,N,,SALE,,,,,UNKNOWN
본체,번개장터,406713038,i5 6500 GTX 1060 3G 저사양 온라인게임 본체 가성비 컴퓨터,420000,판매중,,https://media.bunjang.co.kr/product/406713038_1_1778207311_w{res}.jpg,https://m.bunjang.co.kr/products/406713038,2026-05-08 11:28,i5 6500 gtx 1060 3g 저사양 온라인게임 본체 가성비 컴퓨터,,,desktop,N,,SALE,I5 6500,GTX1060,,,LOW
본체,번개장터,402974830,보증O) 화이트감성 i7 윈도우11 게이밍 고사양컴퓨터 본체,1633000,판매중,,https://media.bunjang.co.kr/product/402974830_1_1778065641_w{res}.jpg,https://m.bunjang.co.kr/products/402974830,2026-05-08 11:27,보증o) 화이트감성 i7 윈도우11 게이밍 고사양컴퓨터 본체,,,desktop,N,,SALE,,,,,UNKNOWN
본체,번개장터,406712782,[새제품] RTX50시리즈 컴퓨터 인기 pc 전국 최저가 특가 판매 본체,1580000,판매중,,https://media.bunjang.co.kr/product/406712782_1_1778207218_w{res}.jpg,https://m.bunjang.co.kr/products/406712782,2026-05-08 11:26,[새제품] rtx50시리즈 컴퓨터 인기 pc 전국 최저가 특가 본체,,,desktop,N,,SALE,,,,,UNKNOWN
본체,번개장터,406712762,[전부새제품] RTX50시리즈 파격 할인 특가 판매 조립식 컴퓨터,1590000,판매중,,https://media.bunjang.co.kr/product/406712762_1_1778207209_w{res}.jpg,https://m.bunjang.co.kr/products/406712762,2026-05-08 11:26,[전부새제품] rtx50시리즈 파격 할인 특가 조립식 컴퓨터,,,desktop,N,,SALE,,,,,UNKNOWN
본체,번개장터,406712757,[HILTI]힐티충전타정기 BX3 힐티타정기 논가스타정기 본체만,770000,판매중,,https://media.bunjang.co.kr/product/406712757_1_1778207455_w{res}.jpg,https://m.bunjang.co.kr/products/406712757,2026-05-08 11:26,[hilti]힐티충전타정기 bx3 힐티타정기 논가스타정기 본체만,,,desktop,N,,SALE,,,,,UNKNOWN
본체,번개장터,403202348,닌텐도 슈퍼패미컴 본체 + 컨트롤러2개,110000,판매중,,https://media.bunjang.co.kr/product/403202348_1_1776816086_w{res}.jpg,https://m.bunjang.co.kr/products/403202348,2026-05-08 11:25,닌텐도 슈퍼패미컴 본체 + 컨트롤러2개,,,desktop,N,,SALE,,,,,UNKNOWN
본체,번개장터,406712068,게임은 역시 라이젠! 가성비 초특가 판매 라이젠 7500F 게이밍 컴퓨터,1130000,판매중,,https://media.bunjang.co.kr/product/406712068_1_1778206967_w{res}.jpg,https://m.bunjang.co.kr/products/406712068,2026-05-08 11:22,게임은 역시 라이젠! 가성비 초특가 라이젠 7500f 게이밍 컴퓨터,,,desktop,N,,SALE,RYZEN 7500F,,,,UNKNOWN
본체,번개장터,374092522,[7인치] 이도 AMS G7000 네비게이션 (본체단품),55000,판매중,,https://media.bunjang.co.kr/product/374092522_1_1765010092_w{res}.jpg,https://m.bunjang.co.kr/products/374092522,2026-05-08 11:22,[7인치] 이도 ams g7000 네비게이션 (본체단품),,,desktop,N,,SALE,,,,,UNKNOWN
본체,번개장터,401923699,에어팟2 본체만~~  무료배송,9000,판매중,,https://media.bunjang.co.kr/product/401923699_1_1778213602_w{res}.jpg,https://m.bunjang.co.kr/products/401923699,2026-05-08 11:20,에어팟2 본체만~~ 무료배송,애플,에어팟,earphone,N,,SALE,,,,,UNKNOWN
본체,번개장터,252033526,애플 에어팟2세대 본체 왼쪽 무선충전 사진보셔요,22000,판매중,,https://media.bunjang.co.kr/product/252033526_1_1777245122_w{res}.jpg,https://m.bunjang.co.kr/products/252033526,2026-05-08 11:17,애플 에어팟2세대 본체 왼쪽 무선충전 사진보셔요,애플,에어팟 2세대,earphone,N,,SALE,,,,,UNKNOWN
본체,번개장터,406711003,버즈2 본체만~ 무료배송,20000,판매중,,https://media.bunjang.co.kr/product/406711003_1_1778206589_w{res}.jpg,https://m.bunjang.co.kr/products/406711003,2026-05-08 11:16,버즈2 본체만~ 무료배송,,,desktop,N,,SALE,,,,,UNKNOWN
본체,번개장터,405865419,고성능 rx9070xt 게이밍 pc 본체 라이젠 5900x 팝니다,1500000,판매중,,https://media.bunjang.co.kr/product/405865419_1_1778157686_w{res}.jpg,https://m.bunjang.co.kr/products/405865419,2026-05-08 11:16,고성능 rx9070xt 게이밍 pc 본체 라이젠 5900x,,,desktop,N,,SALE,RYZEN 5900X,RX9070XT,,,UNKNOWN
본체,번개장터,406710953,"게이밍 게임용컴퓨터, 중고 조립식컴퓨터, 컴퓨터본체",470000,판매중,,https://media.bunjang.co.kr/product/406710953_1_1778206568_w{res}.jpg,https://m.bunjang.co.kr/products/406710953,2026-05-08 11:16,"게이밍 게임용컴퓨터, 중고 조립식컴퓨터, 컴퓨터본체",,,desktop,N,,SALE,,,,,UNKNOWN
본체,번개장터,405123378,리안리 풀세팅 고급PC,2800000,판매중,,https://media.bunjang.co.kr/product/405123378_1_1778206549_w{res}.jpg,https://m.bunjang.co.kr/products/405123378,2026-05-08 11:15,리안리 풀세팅 고급pc,,,SERVICE,Y,,SALE,,,,,UNKNOWN
본체,번개장터,406710646,"사무용,게임용 조립식PC 컴퓨터추천 데스크탑 중고컴퓨터본체 피파서든배그",180000,판매중,,https://media.bunjang.co.kr/product/406710646_1_1778206451_w{res}.jpg,https://m.bunjang.co.kr/products/406710646,2026-05-08 11:14,"사무용,게임용 조립식pc 컴퓨터추천 데스크탑 중고컴퓨터본체 피파서든배그",,,desktop,N,,SALE,,,,,UNKNOWN
본체,번개장터,406710354,소니 WF-LS900N 블루투스 무선 이어폰 본체,100000,판매중,,https://media.bunjang.co.kr/product/406710354_1_1778206341_w{res}.jpg,https://m.bunjang.co.kr/products/406710354,2026-05-08 11:12,소니 wf-ls900n 블루투스 무선 이어폰 본체,,,desktop,N,,SALE,,,,,UNKNOWN
본체,번개장터,406710194,버즈FE 본체.무료배송 ^^,22000,판매중,,https://media.bunjang.co.kr/product/406710194_1_1778206373_w{res}.jpg,https://m.bunjang.co.kr/products/406710194,2026-05-08 11:11,버즈fe 본체.무료배송 ^^,,,desktop,N,,SALE,,,,,UNKNOWN
본체,번개장터,406710175,가성비 사무용컴퓨터! 조립식PC 중고컴퓨터 데스크탑 컴퓨터본체 추천부품,180000,판매중,,https://media.bunjang.co.kr/product/406710175_1_1778206275_w{res}.jpg,https://m.bunjang.co.kr/products/406710175,2026-05-08 11:11,가성비 사무용컴퓨터! 조립식pc 중고컴퓨터 데스크탑 컴퓨터본체 추천부품,,,PARTS,Y,,SALE,,,,,UNKNOWN
본체,번개장터,406710161,번장 이벤트 사무용 주식 TM 카톡업무 컴퓨터 본체 최저가 판매!,150000,판매중,,https://media.bunjang.co.kr/product/406710161_1_1778206268_w{res}.jpg,https://m.bunjang.co.kr/products/406710161,2026-05-08 11:11,번장 이벤트 사무용 주식 tm 카톡업무 컴퓨터 본체 최저가 !,,,desktop,N,,SALE,,,,,UNKNOWN
본체,번개장터,397269428,최저가(내일도착)에어팟프로3본체만,94999,판매중,,https://media.bunjang.co.kr/product/397269428_1_1777512829_w{res}.jpg,https://m.bunjang.co.kr/products/397269428,2026-05-08 11:10,최저가(내일도착)에어팟프로3본체만,애플,에어팟 프로,earphone,N,,SALE,,,,,UNKNOWN
본체,번개장터,406709889,롤 메이플 피파 던파 서든 상옵 i5 9400F GTX1060 3G,460000,판매중,,https://media.bunjang.co.kr/product/406709889_1_1778206146_w{res}.jpg,https://m.bunjang.co.kr/products/406709889,2026-05-08 11:09,롤 메이플 피파 던파 서든 상옵 i5 9400f gtx1060 3g,,,UNKNOWN,N,,SALE,I5 9400F,GTX1060,,,LOW
본체,번개장터,406709846,게이밍용과 간단한 사무용까지!컴퓨터본체데스크탑PC조립식컴퓨터,440000,판매중,,https://media.bunjang.co.kr/product/406709846_1_1778206130_w{res}.jpg,https://m.bunjang.co.kr/products/406709846,2026-05-08 11:08,게이밍용과 간단한 사무용까지!컴퓨터본체데스크탑pc조립식컴퓨터,,,desktop,N,,SALE,,,,,UNKNOWN
본체,번개장터,406709507,"에어팟 3,4세대 본체 왼쪽 오른쪽 유닛 노캔 일반 ANC (케이스)",40000,판매중,,https://media.bunjang.co.kr/product/406709507_1_1778205995_w{res}.jpg,https://m.bunjang.co.kr/products/406709507,2026-05-08 11:06,"에어팟 3,4세대 본체 왼쪽 오른쪽 유닛 노캔 일반 anc (케이스)",애플,에어팟,CASE,Y,,SALE,,,,,UNKNOWN
본체,번개장터,406709154,버즈2프로 화이트.본체.무료배송,40000,판매중,,https://media.bunjang.co.kr/product/406709154_1_1778213993_w{res}.jpg,https://m.bunjang.co.kr/products/406709154,2026-05-08 11:04,버즈2프로 화이트.본체.무료배송,,,desktop,N,,SALE,,,,,UNKNOWN
본체,번개장터,398032369,컴퓨터   본체 사무용  듀열모니터,130000,판매중,,https://media.bunjang.co.kr/product/398032369_1_1777868896_w{res}.jpg,https://m.bunjang.co.kr/products/398032369,2026-05-08 11:03,컴퓨터 본체 사무용 듀열모니터,,,desktop,N,,SALE,,,,,UNKNOWN
본체,번개장터,404895731,중고컴퓨터  사무용대량  게임용본체  모니터,100000,판매중,,https://media.bunjang.co.kr/product/404895731_1_1777508853_w{res}.jpg,https://m.bunjang.co.kr/products/404895731,2026-05-08 11:03,중고컴퓨터 사무용대량 게임용본체 모니터,,,desktop,N,,SALE,,,,,UNKNOWN
본체,번개장터,400598234,AMD라이젠5 5600G 조립 사무용 컴퓨터 본체,460000,판매중,,https://media.bunjang.co.kr/product/400598234_1_1776220278_w{res}.jpg,https://m.bunjang.co.kr/products/400598234,2026-05-08 11:02,amd라이젠5 5600g 조립 사무용 컴퓨터 본체,,,desktop,N,,SALE,RYZEN5 5600G,,,,UNKNOWN
본체,번개장터,406608179,에어팟프로 2세대 본체와 오른쪽유닛 8핀 풀박스,83000,판매중,,https://media.bunjang.co.kr/product/406608179_1_1778205733_w{res}.jpg,https://m.bunjang.co.kr/products/406608179,2026-05-08 11:01,에어팟프로 2세대 본체와 오른쪽유닛 8핀 스,애플,에어팟 프로,earphone,N,,SALE,,,,,UNKNOWN
본체,번개장터,406708742,"에어팟3,4 프로2,3 본체 왼쪽 오른쪽 유닛 C타입 라이트닝 미개봉",73000,판매중,,https://media.bunjang.co.kr/product/406708742_1_1778205686_w{res}.jpg,https://m.bunjang.co.kr/products/406708742,2026-05-08 11:01,"에어팟3,4 프로2,3 본체 왼쪽 오른쪽 유닛 c타입 라이트닝",애플,에어팟 프로,earphone,N,,SALE,,,,,UNKNOWN
본체,번개장터,406708590,[번장특판 컴퓨터 이벤트]RTX 3060TI 모음 본체 최저가 한정수량,720000,판매중,,https://media.bunjang.co.kr/product/406708590_1_1778205621_w{res}.jpg,https://m.bunjang.co.kr/products/406708590,2026-05-08 11:00,[번장특판 컴퓨터 이벤트]rtx 3060ti 모음 본체 최저가 한정수량,,,desktop,N,,SALE,,RTX3060TI,,,MID
본체,번개장터,406708529,택포) 에어팟 2 무선 본체 (1세대 가능) 무선충전 충전케이스,26900,판매중,,https://media.bunjang.co.kr/product/406708529_1_1778205599_w{res}.jpg,https://m.bunjang.co.kr/products/406708529,2026-05-08 10:59,) 에어팟 2 무선 본체 (1세대 가능) 무선충전 충전케이스,애플,에어팟,CASE,Y,,SALE,,,,,UNKNOWN
본체,번개장터,401508296,14600K 5060TI 조합 고사양 게이밍 컴퓨터 본체,1700000,판매중,,https://media.bunjang.co.kr/product/401508296_1_1777362179_w{res}.jpg,https://m.bunjang.co.kr/products/401508296,2026-05-08 10:58,14600k 5060ti 조합 고사양 게이밍 컴퓨터 본체,,,desktop,N,,SALE,,,,,UNKNOWN
본체,번개장터,406708073,버즈 플러스 레드 충전기 본체 판매합니다,22000,판매중,,https://media.bunjang.co.kr/product/406708073_1_1778205414_w{res}.jpg,https://m.bunjang.co.kr/products/406708073,2026-05-08 10:56,버즈 플러스 레드 충전기 본체,,,CHARGER,Y,,SALE,,,,,UNKNOWN
본체,번개장터,406580698,초특가본체 RTX2060 6GB 중고가성비 인기게이밍 컴퓨터 데스크탑,610000,판매중,,https://media.bunjang.co.kr/product/406580698_1_1778143760_w{res}.jpg,https://m.bunjang.co.kr/products/406580698,2026-05-08 10:56,초특가본체 rtx2060 6gb 중고가성비 인기게이밍 컴퓨터 데스크탑,,,desktop,N,,SALE,,RTX2060,,,MID
본체,번개장터,406707973,최저가 컴퓨터 pc 모음 컴퓨터 여기서 안전하게 구매하세요! 안산 본체,1010000,판매중,,https://media.bunjang.co.kr/product/406707973_1_1778205372_w{res}.jpg,https://m.bunjang.co.kr/products/406707973,2026-05-08 10:56,최저가 컴퓨터 pc 모음 컴퓨터 여기서 안전하게 구매하세요! 안산 본체,,,desktop,N,,SALE,,,,,UNKNOWN
본체,번개장터,406524520,i5 9600k gtx 1080ti 게이밍 pc본체 팝니다,630000,판매중,,https://media.bunjang.co.kr/product/406524520_1_1778125410_w{res}.jpg,https://m.bunjang.co.kr/products/406524520,2026-05-08 10:55,i5 9600k gtx 1080ti 게이밍 pc본체,,,desktop,N,,SALE,I5 9600K,GTX1080TI,,,UNKNOWN
본체,번개장터,396471536,i7 11700k rtx3070 fe 32g 고사양게임 pc 본체 팝니다,980000,판매중,,https://media.bunjang.co.kr/product/396471536_1_1777684639_w{res}.jpg,https://m.bunjang.co.kr/products/396471536,2026-05-08 10:55,i7 11700k rtx3070 fe 32g 고사양게임 pc 본체,,,desktop,N,,SALE,I7 11700K,RTX3070,,,MID
본체,번개장터,256317074,"인켈 톨보이 스피커 (Max 100w +100w, 본체 제외)",150000,판매중,,https://media.bunjang.co.kr/product/256317074_1_1772927928_w{res}.jpg,https://m.bunjang.co.kr/products/256317074,2026-05-08 10:52,"인켈 톨보이 스피커 (max 100w +100w, 본체 제외)",,,desktop,N,,SALE,,,,,UNKNOWN
본체,번개장터,406707470,시놀로지 DS216play NAS 본체+어댑터,150000,판매중,,https://media.bunjang.co.kr/product/406707470_1_1778205132_w{res}.jpg,https://m.bunjang.co.kr/products/406707470,2026-05-08 10:52,시놀로지 ds216play nas 본체+어댑터,,,ADAPTER,Y,,SALE,,,,,UNKNOWN
본체,번개장터,406707466,"애플 비츠 A2870 스튜디오 블루투스 무선 이어폰 오른쪽, 왼쪽, 본체",38000,판매중,,https://media.bunjang.co.kr/product/406707466_1_1778205130_w{res}.jpg,https://m.bunjang.co.kr/products/406707466,2026-05-08 10:52,"애플 비츠 a2870 스튜디오 블루투스 무선 이어폰 오른쪽, 왼쪽, 본체",,,desktop,N,,SALE,,,,,UNKNOWN
본체,번개장터,406707212,[전부새제품] RTX50시리즈 파격 할인 특가 판매 조립식 컴퓨터,1590000,판매중,,https://media.bunjang.co.kr/product/406707212_1_1778205020_w{res}.jpg,https://m.bunjang.co.kr/products/406707212,2026-05-08 10:50,[전부새제품] rtx50시리즈 파격 할인 특가 조립식 컴퓨터,,,desktop,N,,SALE,,,,,UNKNOWN
본체,번개장터,405270435,게임용 컴퓨터 본체 i7 6700,450000,판매중,,https://media.bunjang.co.kr/product/405270435_1_1777658170_w{res}.jpg,https://m.bunjang.co.kr/products/405270435,2026-05-08 10:48,게임용 컴퓨터 본체 i7 6700,,,desktop,N,,SALE,I7 6700,,,,UNKNOWN
본체,번개장터,405270252,게임용 컴퓨터 본체 i7 7700,500000,판매중,,https://media.bunjang.co.kr/product/405270252_1_1777658190_w{res}.jpg,https://m.bunjang.co.kr/products/405270252,2026-05-08 10:48,게임용 컴퓨터 본체 i7 7700,,,desktop,N,,SALE,I7 7700,,,,UNKNOWN
본체,번개장터,405270069,게임용 컴퓨터 본체 i7 7700k,550000,판매중,,https://media.bunjang.co.kr/product/405270069_1_1777657952_w{res}.jpg,https://m.bunjang.co.kr/products/405270069,2026-05-08 10:48,게임용 컴퓨터 본체 i7 7700k,,,desktop,N,,SALE,I7 7700K,,,,UNKNOWN
본체,번개장터,404022543,라이젠5600 게이밍 컴퓨터 본체 PC,800000,판매중,,https://media.bunjang.co.kr/product/404022543_1_1777657810_w{res}.jpg,https://m.bunjang.co.kr/products/404022543,2026-05-08 10:48,라이젠5600 게이밍 컴퓨터 본체 pc,,,desktop,N,,SALE,RYZEN5600,,,,UNKNOWN
본체,번개장터,406706956,i5 6500 GTX 1060 3G 저사양 온라인게임 본체 가성비 컴퓨터,420000,판매중,,https://media.bunjang.co.kr/product/406706956_1_1778204915_w{res}.jpg,https://m.bunjang.co.kr/products/406706956,2026-05-08 10:48,i5 6500 gtx 1060 3g 저사양 온라인게임 본체 가성비 컴퓨터,,,desktop,N,,SALE,I5 6500,GTX1060,,,LOW
본체,번개장터,406706953,저사양 온라인게임 본체 가성비 컴퓨터 i5 6500 GTX 1060 3G,420000,판매중,,https://media.bunjang.co.kr/product/406706953_1_1778204913_w{res}.jpg,https://m.bunjang.co.kr/products/406706953,2026-05-08 10:48,저사양 온라인게임 본체 가성비 컴퓨터 i5 6500 gtx 1060 3g,,,desktop,N,,SALE,I5 6500,GTX1060,,,LOW
본체,번개장터,406706938,I5 4690 가성비 사무용중고컴퓨터 컴퓨터본체 부품,180000,판매중,,https://media.bunjang.co.kr/product/406706938_1_1778204908_w{res}.jpg,https://m.bunjang.co.kr/products/406706938,2026-05-08 10:48,i5 4690 가성비 사무용중고컴퓨터 컴퓨터본체 부품,,,PARTS,Y,,SALE,I5 4690,,,,UNKNOWN
본체,번개장터,406706931,고사양 게이밍 컴퓨터 본체/i5 9400F/RTX 2060,680000,판매중,,https://media.bunjang.co.kr/product/406706931_1_1778204905_w{res}.jpg,https://m.bunjang.co.kr/products/406706931,2026-05-08 10:48,고사양 게이밍 컴퓨터 본체/i5 9400f/rtx 2060,,,desktop,N,,SALE,I5 9400F,RTX2060,,,MID
본체,번개장터,406706897,i5 9400F/GTX 1060 PC방급 사양 가성비 게이밍 컴퓨터본체,460000,판매중,,https://media.bunjang.co.kr/product/406706897_1_1778204895_w{res}.jpg,https://m.bunjang.co.kr/products/406706897,2026-05-08 10:48,i5 9400f/gtx 1060 pc방급 사양 가성비 게이밍 컴퓨터본체,,,desktop,N,,SALE,I5 9400F,GTX1060,,,LOW
본체,번개장터,406706805,[번장특판 컴퓨터 이벤트]RTX 3060TI 모음 본체 최저가 한정수량,720000,판매중,,https://media.bunjang.co.kr/product/406706805_1_1778204866_w{res}.jpg,https://m.bunjang.co.kr/products/406706805,2026-05-08 10:47,[번장특판 컴퓨터 이벤트]rtx 3060ti 모음 본체 최저가 한정수량,,,desktop,N,,SALE,,RTX3060TI,,,MID
본체,번개장터,390846909,사무용 데스크탑 컴퓨터 본체,160000,판매중,,https://media.bunjang.co.kr/product/390846909_1_1777591060_w{res}.jpg,https://m.bunjang.co.kr/products/390846909,2026-05-08 10:47,사무용 데스크탑 컴퓨터 본체,,,desktop,N,,SALE,,,,,UNKNOWN
본체,번개장터,406519342,라이젠7 7800X3D RTX4060 겜본체,1335000,판매중,,https://media.bunjang.co.kr/product/406519342_1_1778131549_w{res}.jpg,https://m.bunjang.co.kr/products/406519342,2026-05-08 10:43,라이젠7 7800x3d rtx4060 겜본체,,,desktop,N,,SALE,RYZEN7 7800X,RTX4060,,,MID
본체,번개장터,406706086,(정품) (SAMSUNG) 삼성 컴퓨터 본체/슬림형 컴퓨터/데스크탑/PC,60000,판매중,,https://media.bunjang.co.kr/product/406706086_1_1778204562_w{res}.jpg,https://m.bunjang.co.kr/products/406706086,2026-05-08 10:42,() (samsung) 삼성 컴퓨터 본체/슬림형 컴퓨터/데스크탑/pc,,,desktop,N,,SALE,,,,,UNKNOWN
본체,번개장터,406705945,에어팟4세대 본체 노캔 ANC 일반 케이스 노이즈캔슬링 미개봉 중고,62900,판매중,,https://media.bunjang.co.kr/product/406705945_1_1778204508_w{res}.jpg,https://m.bunjang.co.kr/products/406705945,2026-05-08 10:41,에어팟4세대 본체 노캔 anc 일반 케이스 노이즈캔슬링 중고,애플,에어팟,CASE,Y,,SALE,,,,,UNKNOWN
본체,번개장터,406705918,택포) 에어팟 프로 1세대 본체 A급,45000,판매중,,https://media.bunjang.co.kr/product/406705918_1_1778204500_w{res}.jpg,https://m.bunjang.co.kr/products/406705918,2026-05-08 10:41,) 에어팟 프로 1세대 본체 a급,애플,에어팟 프로,earphone,N,,SALE,,,,,UNKNOWN
본체,번개장터,399838324,컴퓨터본체 i5 4690 + GTX960,210000,판매중,,https://media.bunjang.co.kr/product/399838324_1_1775462782_w{res}.jpg,https://m.bunjang.co.kr/products/399838324,2026-05-08 10:41,컴퓨터본체 i5 4690 + gtx960,,,desktop,N,,SALE,I5 4690,,,,UNKNOWN
본체,번개장터,406705807,기어아이콘 X SM-R140 블루투스 무선 이어폰 본체,38000,판매중,,https://media.bunjang.co.kr/product/406705807_1_1778204457_w{res}.jpg,https://m.bunjang.co.kr/products/406705807,2026-05-08 10:40,기어아이콘 x sm-r140 블루투스 무선 이어폰 본체,,,desktop,N,,SALE,,,,,UNKNOWN
본체,번개장터,397653753,"OKPOS 포스기 세트 (본체, 모니터, 프린터, 카드단말기.금고)",100000,판매중,,https://media.bunjang.co.kr/product/397653753_1_1776821294_w{res}.jpg,https://m.bunjang.co.kr/products/397653753,2026-05-08 10:40,"okpos 포스기 세트 (본체, 모니터, 프린터, 카드단말기.금고)",,,desktop,N,,SALE,,,,,UNKNOWN
본체,번개장터,372359332,"게이밍 최고급 pc본체 라이젠7600,rtx4070 super셋",1700000,판매중,,https://media.bunjang.co.kr/product/372359332_1_1777367144_w{res}.jpg,https://m.bunjang.co.kr/products/372359332,2026-05-08 10:39,"게이밍 최고급 pc본체 라이젠7600,rtx4070 super셋",,,desktop,N,,SALE,RYZEN7600,RTX4070,,,HIGH
본체,번개장터,406365234,사무용 인강용 4세대 G3260 컴퓨터본체 GTX560,79000,판매중,,https://media.bunjang.co.kr/product/406365234_1_1778056769_w{res}.jpg,https://m.bunjang.co.kr/products/406365234,2026-05-08 10:39,사무용 인강용 4세대 g3260 컴퓨터본체 gtx560,,,desktop,N,,SALE,,,,,UNKNOWN
본체,번개장터,140666074,인텔i5/8G/GTX750/신품 케이스 컴퓨터,150000,판매중,,https://media.bunjang.co.kr/product/140666074_1_1777449590_w{res}.jpg,https://m.bunjang.co.kr/products/140666074,2026-05-08 10:38,인텔i5/8g/gtx750/신품 케이스 컴퓨터,,,CASE,Y,,SALE,,,,,UNKNOWN
본체,번개장터,404843023,가성비i3 2100 컴퓨터 본체 GTS250,51900,판매중,,https://media.bunjang.co.kr/product/404843023_1_1777642668_w{res}.jpg,https://m.bunjang.co.kr/products/404843023,2026-05-08 10:37,가성비i3 2100 컴퓨터 본체 gts250,,,desktop,N,,SALE,I3 2100,,,,UNKNOWN
본체,번개장터,401764122,가성비i3컴퓨터 본체 GTS250,49000,판매중,,https://media.bunjang.co.kr/product/401764122_1_1778024289_w{res}.jpg,https://m.bunjang.co.kr/products/401764122,2026-05-08 10:37,가성비i3컴퓨터 본체 gts250,,,desktop,N,,SALE,,,,,UNKNOWN
본체,번개장터,405325084,G2020 컴퓨터 반본체 지포스210,44900,판매중,,https://media.bunjang.co.kr/product/405325084_1_1777693153_w{res}.jpg,https://m.bunjang.co.kr/products/405325084,2026-05-08 10:36,g2020 컴퓨터 반본체 지포스210,,,desktop,N,,SALE,,,,,UNKNOWN
본체,번개장터,406705174,qcy t13본체만. 무료배송,9000,판매중,,https://media.bunjang.co.kr/product/406705174_1_1778204161_w{res}.jpg,https://m.bunjang.co.kr/products/406705174,2026-05-08 10:36,qcy t13본체만. 무료배송,,,desktop,N,,SALE,,,,,UNKNOWN
본체,번개장터,397138311,[HILTI]힐티충전함마드릴TE6A22ATC뉴런2026 미사용본체 S급,800000,판매중,,https://media.bunjang.co.kr/product/397138311_1_1774337929_w{res}.jpg,https://m.bunjang.co.kr/products/397138311,2026-05-08 10:35,[hilti]힐티충전함마드릴te6a22atc뉴런2026 미사용본체 s급,,,desktop,N,,SALE,,,,,UNKNOWN
본체,번개장터,397122789,밀워키전산볼트카타기M18BLTLC 컷팅기 전산볼트커터기 절단기 본체만,320000,판매중,,https://media.bunjang.co.kr/product/397122789_1_1774332795_w{res}.jpg,https://m.bunjang.co.kr/products/397122789,2026-05-08 10:35,밀워키전산볼트카타기m18bltlc 컷팅기 전산볼트커터기 절단기 본체만,,,desktop,N,,SALE,,,,,UNKNOWN
본체,번개장터,390811022,[정품]마끼다충전임팩드라이버TD001G40VMAX충전임팩드릴미사용본체만,220000,판매중,,https://media.bunjang.co.kr/product/390811022_1_1773102426_w{res}.jpg,https://m.bunjang.co.kr/products/390811022,2026-05-08 10:35,[]마끼다충전임팩드라이버td001g40vmax충전임팩드릴미사용본체만,,,desktop,N,,SALE,,,,,UNKNOWN
본체,번개장터,390797202,마끼다충전함마드릴HR001G 40VMAX마끼다함마드릴 미사용제품 본체만,358000,판매중,,https://media.bunjang.co.kr/product/390797202_1_1773102439_w{res}.jpg,https://m.bunjang.co.kr/products/390797202,2026-05-08 10:35,마끼다충전함마드릴hr001g 40vmax마끼다함마드릴 미사용제품 본체만,,,desktop,N,,SALE,,,,,UNKNOWN
본체,번개장터,405319102,슬림e5800본체 컴퓨터 데스크탑 pc,44900,판매중,,https://media.bunjang.co.kr/product/405319102_1_1778033461_w{res}.jpg,https://m.bunjang.co.kr/products/405319102,2026-05-08 10:35,슬림e5800본체 컴퓨터 데스크탑 pc,,,desktop,N,,SALE,,,,,UNKNOWN
본체,번개장터,396656019,MAKITA마끼다충전함마드릴HR001G40VMAX마끼다함마드릴 S급본체만,270000,판매중,,https://media.bunjang.co.kr/product/396656019_1_1774144566_w{res}.jpg,https://m.bunjang.co.kr/products/396656019,2026-05-08 10:35,makita마끼다충전함마드릴hr001g40vmax마끼다함마드릴 s급본체만,,,desktop,N,,SALE,,,,,UNKNOWN
본체,번개장터,390354791,[정품]마끼다충전원형톱RS001G웜쏘40VMAX7인치충전스킬본체만 미사용,250000,판매중,,https://media.bunjang.co.kr/product/390354791_1_1771560421_w{res}.jpg,https://m.bunjang.co.kr/products/390354791,2026-05-08 10:35,[]마끼다충전원형톱rs001g웜쏘40vmax7인치충전스킬본체만 미사용,,,desktop,N,,SALE,,,,,UNKNOWN
본체,번개장터,390342520,[정품]MAKITA마끼다충전타카FN001G일자타카충전F30본체만 미사용,495000,판매중,,https://media.bunjang.co.kr/product/390342520_1_1771556356_w{res}.jpg,https://m.bunjang.co.kr/products/390342520,2026-05-08 10:35,[]makita마끼다충전타카fn001g일자타카충전f30본체만 미사용,,,desktop,N,,SALE,,,,,UNKNOWN
본체,번개장터,351361627,디월트충전함마드릴DCH333본체만,270000,판매중,,https://media.bunjang.co.kr/product/351361627_1_1755496072_w{res}.jpg,https://m.bunjang.co.kr/products/351361627,2026-05-08 10:35,디월트충전함마드릴dch333본체만,,,desktop,N,,SALE,,,,,UNKNOWN
본체,번개장터,290649140,디월트충전함마드릴DCH333본체만,270000,판매중,,https://media.bunjang.co.kr/product/290649140_1_1734124520_w{res}.jpg,https://m.bunjang.co.kr/products/290649140,2026-05-08 10:35,디월트충전함마드릴dch333본체만,,,desktop,N,,SALE,,,,,UNKNOWN
본체,번개장터,329247354,디월트충전그라인더DCG440 7인치그라인더 플렉스볼트 본체만 쌔거,255000,판매중,,https://media.bunjang.co.kr/product/329247354_1_1755503359_w{res}.jpg,https://m.bunjang.co.kr/products/329247354,2026-05-08 10:35,디월트충전그라인더dcg440 7인치그라인더 플렉스볼트 본체만 쌔거,,,desktop,N,,SALE,,,,,UNKNOWN
본체,번개장터,396433125,아밈삭충전드릴드라이버 AD414R3G 14.4V 본체만 개당가격,45000,판매중,,https://media.bunjang.co.kr/product/396433125_1_1774057409_w{res}.jpg,https://m.bunjang.co.kr/products/396433125,2026-05-08 10:34,아밈삭충전드릴드라이버 ad414r3g 14.4v 본체만 개당가격,,,desktop,N,,SALE,,,,,UNKNOWN
본체,번개장터,405208520,가성비 슬림 컴퓨터 본체(콘로 울프데일E6700/지포스9300),45900,판매중,,https://media.bunjang.co.kr/product/405208520_1_1777642585_w{res}.jpg,https://m.bunjang.co.kr/products/405208520,2026-05-08 10:34,가성비 슬림 컴퓨터 본체(콘로 울프데일e6700/지포스9300),,,desktop,N,,SALE,,,,,UNKNOWN
본체,번개장터,406704891,뱅앤올룹슨 e8 블루투스 무선 이어폰 본체,50000,판매중,,https://media.bunjang.co.kr/product/406704891_1_1778204059_w{res}.jpg,https://m.bunjang.co.kr/products/406704891,2026-05-08 10:34,뱅앤올룹슨 e8 블루투스 무선 이어폰 본체,,,desktop,N,,SALE,,,,,UNKNOWN
본체,번개장터,345658931,보쉬충전직쏘 GST18VLI B 직소 JIGSAW.본체만.독일,190000,판매중,,https://media.bunjang.co.kr/product/345658931_1_1753934887_w{res}.jpg,https://m.bunjang.co.kr/products/345658931,2026-05-08 10:34,보쉬충전직쏘 gst18vli b 직소 jigsaw.본체만.독일,,,desktop,N,,SALE,,,,,UNKNOWN
본체,번개장터,403567686,중고 컴퓨터 데스크탑 본체 최고가 매입 맥북 노트북 아이패드 프로 에어,5000000,판매중,,https://media.bunjang.co.kr/product/403567686_1_1776957712_w{res}.jpg,https://m.bunjang.co.kr/products/403567686,2026-05-08 10:34,중고 컴퓨터 데스크탑 본체 최고가 매입 맥북 노트북 아이패드 프로 에어,애플,맥북 프로,laptop,N,,SALE,,,,,UNKNOWN
본체,번개장터,404390200,캐논 EOS 1500D DSLR 카메라 본체 창고정리 급처,260000,판매중,,https://media.bunjang.co.kr/product/404390200_1_1777908795_w{res}.jpg,https://m.bunjang.co.kr/products/404390200,2026-05-08 10:33,캐논 eos 1500d dslr 카메라 본체 창고정리,,,desktop,N,,SALE,,,,,UNKNOWN
본체,번개장터,396590510,닌텐도 스위치1 본체제외 구성품 팔아요,60000,판매중,,https://media.bunjang.co.kr/product/396590510_1_1774100459_w{res}.jpg,https://m.bunjang.co.kr/products/396590510,2026-05-08 10:33,닌텐도 스위치1 본체제외 구성품,,,desktop,N,,SALE,,,,,UNKNOWN
본체,번개장터,327716372,보쉬충전함마드릴 GBH36V LI 본체만. 독일,120000,판매중,,https://media.bunjang.co.kr/product/327716372_1_1777157682_w{res}.jpg,https://m.bunjang.co.kr/products/327716372,2026-05-08 10:33,보쉬충전함마드릴 gbh36v li 본체만. 독일,,,desktop,N,,SALE,,,,,UNKNOWN
본체,번개장터,277709278,보쉬충전그라인더 GWS 18V-7브러쉬리스모터 본체만,85000,판매중,,https://media.bunjang.co.kr/product/277709278_1_1762504774_w{res}.jpg,https://m.bunjang.co.kr/products/277709278,2026-05-08 10:33,보쉬충전그라인더 gws 18v-7브러쉬리스모터 본체만,,,desktop,N,,SALE,,,,,UNKNOWN
본체,번개장터,406576938,바워스앤윌킨스 Pi8 무선이어폰 양쪽 유닛(본체x),247950,판매중,,https://media.bunjang.co.kr/product/406576938_1_1778142775_w{res}.jpg,https://m.bunjang.co.kr/products/406576938,2026-05-08 10:32,바워스앤윌킨스 pi8 무선이어폰 양쪽 유닛(본체x),,,desktop,N,,SALE,,,,,UNKNOWN
본체,번개장터,288737122,[HILTI]힐티충전함마드릴TE6A36AVR 4세대신형.본체만,400000,판매중,,https://media.bunjang.co.kr/product/288737122_1_1751182204_w{res}.jpg,https://m.bunjang.co.kr/products/288737122,2026-05-08 10:31,[hilti]힐티충전함마드릴te6a36avr 4세대신형.본체만,,,desktop,N,,SALE,,,,,UNKNOWN
본체,번개장터,286946331,[HILTI]힐티충전함마드릴TE6A36AVR 4세대신형 본체만,400000,판매중,,https://media.bunjang.co.kr/product/286946331_1_1751182459_w{res}.jpg,https://m.bunjang.co.kr/products/286946331,2026-05-08 10:31,[hilti]힐티충전함마드릴te6a36avr 4세대신형 본체만,,,desktop,N,,SALE,,,,,UNKNOWN
본체,번개장터,406704560,[번장1등 컴퓨터 풀셋트 본체]한정수량 초특가 이벤트 판매 합니다,285000,판매중,,https://media.bunjang.co.kr/product/406704560_1_1778203919_w{res}.jpg,https://m.bunjang.co.kr/products/406704560,2026-05-08 10:31,[번장1등 컴퓨터 풀셋트 본체]한정수량 초특가 이벤트 합니다,,,desktop,N,,SALE,,,,,UNKNOWN
본체,번개장터,293430607,[HILTI]힐티충전임팩렌치 SIW6AT A22 본체만,145000,판매중,,https://media.bunjang.co.kr/product/293430607_1_1770615505_w{res}.jpg,https://m.bunjang.co.kr/products/293430607,2026-05-08 10:31,[hilti]힐티충전임팩렌치 siw6at a22 본체만,,,desktop,N,,SALE,,,,,UNKNOWN
본체,번개장터,282677249,[HILTI]힐티충전임팩렌치SIW6AT A22 본체만 힐티충전임팩,150000,판매중,,https://media.bunjang.co.kr/product/282677249_1_1770615854_w{res}.jpg,https://m.bunjang.co.kr/products/282677249,2026-05-08 10:31,[hilti]힐티충전임팩렌치siw6at a22 본체만 힐티충전임팩,,,desktop,N,,SALE,,,,,UNKNOWN
본체,번개장터,387250905,[HILTI]힐티충전컷쏘 WSR22A AVR힐티컷쏘 본체만 충전톱전기톱,200000,판매중,,https://media.bunjang.co.kr/product/387250905_1_1770278390_w{res}.jpg,https://m.bunjang.co.kr/products/387250905,2026-05-08 10:31,[hilti]힐티충전컷쏘 wsr22a avr힐티컷쏘 본체만 충전톱전기톱,,,desktop,N,,SALE,,,,,UNKNOWN
본체,번개장터,406704520,새상품) 에어팟 3세대 유닛 왼쪽 오른쪽 낱개 유닛 본체,75000,판매중,,https://media.bunjang.co.kr/product/406704520_1_1778203902_w{res}.jpg,https://m.bunjang.co.kr/products/406704520,2026-05-08 10:31,) 에어팟 3세대 유닛 왼쪽 오른쪽 낱개 유닛 본체,애플,에어팟 3세대,earphone,N,,SALE,,,,,UNKNOWN
본체,번개장터,396267805,밀워키충전함마드릴M18FHM밀워키함마드릴본체만 미사용제품 60급 케이스,950000,판매중,,https://media.bunjang.co.kr/product/396267805_1_1773986521_w{res}.jpg,https://m.bunjang.co.kr/products/396267805,2026-05-08 10:31,밀워키충전함마드릴m18fhm밀워키함마드릴본체만 미사용제품 60급 케이스,,,CASE,Y,,SALE,,,,,UNKNOWN
본체,번개장터,282615307,[HILTI]힐티충전임팩렌치 SIW22TA 450N 하이토크임본체만 A급,200000,판매중,,https://media.bunjang.co.kr/product/282615307_1_1773902029_w{res}.jpg,https://m.bunjang.co.kr/products/282615307,2026-05-08 10:31,[hilti]힐티충전임팩렌치 siw22ta 450n 하이토크임본체만 a급,,,desktop,N,,SALE,,,,,UNKNOWN
본체,번개장터,406704430,인텔 i7 10700 Rtx3080 게이밍 pc 본체,1150000,판매중,,https://media.bunjang.co.kr/product/406704430_1_1778203866_w{res}.jpg,https://m.bunjang.co.kr/products/406704430,2026-05-08 10:31,인텔 i7 10700 rtx3080 게이밍 pc 본체,,,desktop,N,,SALE,I7 10700,RTX3080,,,HIGH
본체,번개장터,386809315,디월트충전원형톱 DCS575 플렉스볼트충전스킬 본체만 디월트원형톱 A급,175000,판매중,,https://media.bunjang.co.kr/product/386809315_1_1770101054_w{res}.jpg,https://m.bunjang.co.kr/products/386809315,2026-05-08 10:31,디월트충전원형톱 dcs575 플렉스볼트충전스킬 본체만 디월트원형톱 a급,,,desktop,N,,SALE,,,,,UNKNOWN
본체,번개장터,394672226,"(새제품 화이트)9800X3D,5070ti,수랭쿨러,방송게이밍컴퓨터본체",3600000,판매중,,https://media.bunjang.co.kr/product/394672226_1_1778123963_w{res}.jpg,https://m.bunjang.co.kr/products/394672226,2026-05-08 10:31,"(새제품 화이트)9800x3d,5070ti,수랭쿨러,방송게이밍컴퓨터본체",,,PARTS,Y,,SALE,,,,,UNKNOWN
본체,번개장터,346406031,디월트충전원형톱DCS577X1 충전스킬 웜쏘본체만 미사용제품,300000,판매중,,https://media.bunjang.co.kr/product/346406031_1_1769984710_w{res}.jpg,https://m.bunjang.co.kr/products/346406031,2026-05-08 10:30,디월트충전원형톱dcs577x1 충전스킬 웜쏘본체만 미사용제품,,,desktop,N,,SALE,,,,,UNKNOWN
본체,번개장터,296187406,디월트충전원형톱 DCS575 플렉스볼트충전스킬 본체만 디월트원형톱,175000,판매중,,https://media.bunjang.co.kr/product/296187406_1_1770100900_w{res}.jpg,https://m.bunjang.co.kr/products/296187406,2026-05-08 10:30,디월트충전원형톱 dcs575 플렉스볼트충전스킬 본체만 디월트원형톱,,,desktop,N,,SALE,,,,,UNKNOWN
본체,번개장터,268687829,[HILTI]힐티충전매거진SD5000A22.2세대신형 본체만,250000,판매중,,https://media.bunjang.co.kr/product/268687829_1_1743666101_w{res}.jpg,https://m.bunjang.co.kr/products/268687829,2026-05-08 10:30,[hilti]힐티충전매거진sd5000a22.2세대신형 본체만,,,desktop,N,,SALE,,,,,UNKNOWN
본체,번개장터,264250409,[HILTI]힐티충전매거진SD5000A22본체.드라이월스크류드라이버.최상,190000,판매중,,https://media.bunjang.co.kr/product/264250409_1_1734214618_w{res}.jpg,https://m.bunjang.co.kr/products/264250409,2026-05-08 10:30,[hilti]힐티충전매거진sd5000a22본체.드라이월스크류드라이버.최상,,,desktop,N,,SALE,,,,,UNKNOWN
본체,번개장터,295538573,깔끔한 마끼다수퍼토크충전함마드릴 DDF458 본체만.2번,90000,판매중,,https://media.bunjang.co.kr/product/295538573_1_1734084339_w{res}.jpg,https://m.bunjang.co.kr/products/295538573,2026-05-08 10:30,깔끔한 마끼다수퍼토크충전함마드릴 ddf458 본체만.2번,,,desktop,N,,SALE,,,,,UNKNOWN
본체,번개장터,338446342,디월트충전그라인더DCG440 7인치그라인더 플렉스볼트 본체만 쌔거,255000,판매중,,https://media.bunjang.co.kr/product/338446342_1_1749471765_w{res}.jpg,https://m.bunjang.co.kr/products/338446342,2026-05-08 10:30,디월트충전그라인더dcg440 7인치그라인더 플렉스볼트 본체만 쌔거,,,desktop,N,,SALE,,,,,UNKNOWN
본체,번개장터,271900818,밀워키충전함마드릴 M18 CHP 18V 본체만 중고반값이하판매,250000,판매중,,https://media.bunjang.co.kr/product/271900818_1_1744323946_w{res}.jpg,https://m.bunjang.co.kr/products/271900818,2026-05-08 10:29,밀워키충전함마드릴 m18 chp 18v 본체만 중고반값이하,,,desktop,N,,SALE,,,,,UNKNOWN
본체,번개장터,268716891,디월트충전함마드릴 DCH333AVR앙카드릴 로타리함마 본체만,270000,판매중,,https://media.bunjang.co.kr/product/268716891_1_1737535434_w{res}.jpg,https://m.bunjang.co.kr/products/268716891,2026-05-08 10:29,디월트충전함마드릴 dch333avr앙카드릴 로타리함마 본체만,,,desktop,N,,SALE,,,,,UNKNOWN
본체,번개장터,325731193,[HILTI]힐티매거진드릴 드라이월스크류드라이버 본체SD5000,195000,판매중,,https://media.bunjang.co.kr/product/325731193_1_1743397829_w{res}.jpg,https://m.bunjang.co.kr/products/325731193,2026-05-08 10:29,[hilti]힐티매거진드릴 드라이월스크류드라이버 본체sd5000,,,desktop,N,,SALE,,,,,UNKNOWN
본체,번개장터,290676250,[HILTI]힐티충전함마드릴TE6A36AVR 3세대신형본체만,300000,판매중,,https://media.bunjang.co.kr/product/290676250_1_1743484872_w{res}.jpg,https://m.bunjang.co.kr/products/290676250,2026-05-08 10:29,[hilti]힐티충전함마드릴te6a36avr 3세대신형본체만,,,desktop,N,,SALE,,,,,UNKNOWN
본체,번개장터,269611682,밀워키충전함마드릴 M18 CHP 18V 본체만 중고반값판매,250000,판매중,,https://media.bunjang.co.kr/product/269611682_1_1751584088_w{res}.jpg,https://m.bunjang.co.kr/products/269611682,2026-05-08 10:28,밀워키충전함마드릴 m18 chp 18v 본체만 중고반값,,,desktop,N,,SALE,,,,,UNKNOWN
본체,번개장터,406703963,고사양RTX2060 6G 최저가컴퓨터본체pc데스크탑조립식컴퓨터,600000,판매중,,https://media.bunjang.co.kr/product/406703963_1_1778203703_w{res}.jpg,https://m.bunjang.co.kr/products/406703963,2026-05-08 10:28,고사양rtx2060 6g 최저가컴퓨터본체pc데스크탑조립식컴퓨터,,,desktop,N,,SALE,,RTX2060,,,MID
본체,번개장터,348065036,보쉬충전직쏘 GST18VLI B 직소 JIGSAW.본체만.독일 미사용제품,235000,판매중,,https://media.bunjang.co.kr/product/348065036_1_1753935168_w{res}.jpg,https://m.bunjang.co.kr/products/348065036,2026-05-08 10:28,보쉬충전직쏘 gst18vli b 직소 jigsaw.본체만.독일 미사용제품,,,desktop,N,,SALE,,,,,UNKNOWN
본체,번개장터,394912825,샤오미 미지아 스마트 로봇청소기2 SDJQR01RR_ 본체만,25000,판매중,,https://media.bunjang.co.kr/product/394912825_1_1777873076_w{res}.jpg,https://m.bunjang.co.kr/products/394912825,2026-05-08 10:27,샤오미 미지아 스마트 로봇청소기2 sdjqr01rr_ 본체만,,,desktop,N,,SALE,,,,,UNKNOWN
본체,번개장터,406703891,i5 6500/GTX 1060 메이플 롤 피파 던파 게이밍 컴퓨터 본체,420000,판매중,,https://media.bunjang.co.kr/product/406703891_1_1778203673_w{res}.jpg,https://m.bunjang.co.kr/products/406703891,2026-05-08 10:27,i5 6500/gtx 1060 메이플 롤 피파 던파 게이밍 컴퓨터 본체,,,desktop,N,,SALE,I5 6500,GTX1060,,,LOW
본체,번개장터,337913963,계양매거진 충전매거진본체N배터리 사진그대로갑니다,120000,판매중,,https://media.bunjang.co.kr/product/337913963_1_1749242552_w{res}.jpg,https://m.bunjang.co.kr/products/337913963,2026-05-08 10:27,계양매거진 충전매거진본체n배터리 사진그대로갑니다,,,desktop,N,,SALE,,,,,UNKNOWN
본체,번개장터,406703875,조립식 게이밍 컴퓨터 본체/i5 9400F/RTX 2060,600000,판매중,,https://media.bunjang.co.kr/product/406703875_1_1778203667_w{res}.jpg,https://m.bunjang.co.kr/products/406703875,2026-05-08 10:27,조립식 게이밍 컴퓨터 본체/i5 9400f/rtx 2060,,,desktop,N,,SALE,I5 9400F,RTX2060,,,MID
본체,번개장터,357678443,밀워키충전임팩드릴 M18 FID3 FUEL GEN4 미사용본체 속도조절,220000,판매중,,https://media.bunjang.co.kr/product/357678443_1_1773529154_w{res}.jpg,https://m.bunjang.co.kr/products/357678443,2026-05-08 10:27,밀워키충전임팩드릴 m18 fid3 fuel gen4 미사용본체 속도조절,,,desktop,N,,SALE,,,,,UNKNOWN
본체,번개장터,305040157,[HILTI]힐티충전그라인더AG4S22뉴런 속도조절.힐티그라인더 본체만,190000,판매중,,https://media.bunjang.co.kr/product/305040157_1_1774003113_w{res}.jpg,https://m.bunjang.co.kr/products/305040157,2026-05-08 10:27,[hilti]힐티충전그라인더ag4s22뉴런 속도조절.힐티그라인더 본체만,,,desktop,N,,SALE,,,,,UNKNOWN
본체,번개장터,406703803,버즈3본체만~ (프로X) 무료배송,50000,판매중,,https://media.bunjang.co.kr/product/406703803_1_1778214008_w{res}.jpg,https://m.bunjang.co.kr/products/406703803,2026-05-08 10:27,버즈3본체만~ (프로x) 무료배송,,,desktop,N,,SALE,,,,,UNKNOWN
본체,번개장터,324547198,[HILTI]힐티매거진드릴SD5000 2세대신형 본체만 힐티충전매거진,235000,판매중,,https://media.bunjang.co.kr/product/324547198_1_1759216885_w{res}.jpg,https://m.bunjang.co.kr/products/324547198,2026-05-08 10:27,[hilti]힐티매거진드릴sd5000 2세대신형 본체만 힐티충전매거진,,,desktop,N,,SALE,,,,,UNKNOWN
본체,번개장터,264244428,[HILTI]힐티매거진드릴 드라이월스크류드라이버 본체SD5000,190000,판매중,,https://media.bunjang.co.kr/product/264244428_1_1759202232_w{res}.jpg,https://m.bunjang.co.kr/products/264244428,2026-05-08 10:27,[hilti]힐티매거진드릴 드라이월스크류드라이버 본체sd5000,,,desktop,N,,SALE,,,,,UNKNOWN
본체,번개장터,384080455,[HILTI]힐티충전함마드릴 TE4A22 앙카드릴 로타리함마드릴 본체만,220000,판매중,,https://media.bunjang.co.kr/product/384080455_1_1770693333_w{res}.jpg,https://m.bunjang.co.kr/products/384080455,2026-05-08 10:27,[hilti]힐티충전함마드릴 te4a22 앙카드릴 로타리함마드릴 본체만,,,desktop,N,,SALE,,,,,UNKNOWN
본체,번개장터,384070160,[정품]디월트충전임팩렌치 DCF894 미드토크 속도조절 본체만,170000,판매중,,https://media.bunjang.co.kr/product/384070160_1_1769064742_w{res}.jpg,https://m.bunjang.co.kr/products/384070160,2026-05-08 10:27,[]디월트충전임팩렌치 dcf894 미드토크 속도조절 본체만,,,desktop,N,,SALE,,,,,UNKNOWN
본체,번개장터,324374129,마끼다충전함마드릴 DDF458 본체만.최강토크4-1번,90000,판매중,,https://media.bunjang.co.kr/product/324374129_1_1742717517_w{res}.jpg,https://m.bunjang.co.kr/products/324374129,2026-05-08 10:26,마끼다충전함마드릴 ddf458 본체만.최강토크4-1번,,,desktop,N,,SALE,,,,,UNKNOWN
본체,번개장터,291645734,디월트충전함마드릴DCH333 AVR.본체만,230000,판매중,,https://media.bunjang.co.kr/product/291645734_1_1734124838_w{res}.jpg,https://m.bunjang.co.kr/products/291645734,2026-05-08 10:26,디월트충전함마드릴dch333 avr.본체만,,,desktop,N,,SALE,,,,,UNKNOWN
본체,번개장터,276776177,마끼다충전원형톱DHS710스킬본체만.민트급.A++급.,225000,판매중,,https://media.bunjang.co.kr/product/276776177_1_1729427342_w{res}.jpg,https://m.bunjang.co.kr/products/276776177,2026-05-08 10:26,마끼다충전원형톱dhs710스킬본체만.민트급.a++급.,,,desktop,N,,SALE,,,,,UNKNOWN
본체,번개장터,382976085,[HILTI]힐티충전컷쏘.SR2A12 원핸드컷쏘 본체,120000,판매중,,https://media.bunjang.co.kr/product/382976085_1_1768636965_w{res}.jpg,https://m.bunjang.co.kr/products/382976085,2026-05-08 10:26,[hilti]힐티충전컷쏘.sr2a12 원핸드컷쏘 본체,,,desktop,N,,SALE,,,,,UNKNOWN
본체,번개장터,264127727,디월트충전함마드릴DCH333.본체만.최상급 앙카드릴,290000,판매중,,https://media.bunjang.co.kr/product/264127727_1_1734124628_w{res}.jpg,https://m.bunjang.co.kr/products/264127727,2026-05-08 10:26,디월트충전함마드릴dch333.본체만.최상급 앙카드릴,,,desktop,N,,SALE,,,,,UNKNOWN
본체,번개장터,357658955,마끼다충전함마드릴 DDF458 본체만 최강토크,95000,판매중,,https://media.bunjang.co.kr/product/357658955_1_1758433257_w{res}.jpg,https://m.bunjang.co.kr/products/357658955,2026-05-08 10:25,마끼다충전함마드릴 ddf458 본체만 최강토크,,,desktop,N,,SALE,,,,,UNKNOWN
본체,번개장터,401808532,에어팟프로2 C타입 S급 본체,70000,판매중,,https://media.bunjang.co.kr/product/401808532_1_1776249609_w{res}.jpg,https://m.bunjang.co.kr/products/401808532,2026-05-08 10:25,에어팟프로2 c타입 s급 본체,애플,에어팟 프로,earphone,N,,SALE,,,,,UNKNOWN
본체,번개장터,375721321,디월트충전함마드릴 DCH283AVR 로타리함마드릴 앙카드릴 본체만,330000,판매중,,https://media.bunjang.co.kr/product/375721321_1_1765617274_w{res}.jpg,https://m.bunjang.co.kr/products/375721321,2026-05-08 10:25,디월트충전함마드릴 dch283avr 로타리함마드릴 앙카드릴 본체만,,,desktop,N,,SALE,,,,,UNKNOWN
본체,번개장터,289030853,디월트충전함마드릴DCH333본체만,270000,판매중,,https://media.bunjang.co.kr/product/289030853_1_1734124466_w{res}.jpg,https://m.bunjang.co.kr/products/289030853,2026-05-08 10:25,디월트충전함마드릴dch333본체만,,,desktop,N,,SALE,,,,,UNKNOWN
본체,번개장터,280972467,디월트충전함마드릴DCH333 AVR.본체만,240000,판매중,,https://media.bunjang.co.kr/product/280972467_1_1734124787_w{res}.jpg,https://m.bunjang.co.kr/products/280972467,2026-05-08 10:25,디월트충전함마드릴dch333 avr.본체만,,,desktop,N,,SALE,,,,,UNKNOWN
본체,번개장터,275132894,디월트충전함마드릴DCH333 A급본체만.,280000,판매중,,https://media.bunjang.co.kr/product/275132894_1_1734124573_w{res}.jpg,https://m.bunjang.co.kr/products/275132894,2026-05-08 10:25,디월트충전함마드릴dch333 a급본체만.,,,desktop,N,,SALE,,,,,UNKNOWN
본체,번개장터,406703550,비츠 스튜디오 버즈 본체,50000,판매중,,https://media.bunjang.co.kr/product/406703550_1_1778203528_w{res}.jpg,https://m.bunjang.co.kr/products/406703550,2026-05-08 10:25,비츠 스튜디오 버즈 본체,,,desktop,N,,SALE,,,,,UNKNOWN
본체,번개장터,374602087,[HILTI]힐티충전함마드릴 TE4A22앙카드릴 로타리함마드릴 본체만,275000,판매중,,https://media.bunjang.co.kr/product/374602087_1_1769067206_w{res}.jpg,https://m.bunjang.co.kr/products/374602087,2026-05-08 10:25,[hilti]힐티충전함마드릴 te4a22앙카드릴 로타리함마드릴 본체만,,,desktop,N,,SALE,,,,,UNKNOWN
본체,번개장터,406703500,2인용 닌텐도 Wii 본체 + 컨트롤러 휠 일괄,60000,판매중,,https://media.bunjang.co.kr/product/406703500_1_1778203562_w{res}.jpg,https://m.bunjang.co.kr/products/406703500,2026-05-08 10:25,2인용 닌텐도 wii 본체 + 컨트롤러 휠 일괄,,,desktop,N,,SALE,,,,,UNKNOWN
본체,번개장터,373999432,디월트충전함마드릴DCD709 본체만 브러쉬리스,70000,판매중,,https://media.bunjang.co.kr/product/373999432_1_1764989208_w{res}.jpg,https://m.bunjang.co.kr/products/373999432,2026-05-08 10:24,디월트충전함마드릴dcd709 본체만 브러쉬리스,,,desktop,N,,SALE,,,,,UNKNOWN
본체,번개장터,269606795,깔끔한 마끼다수퍼토크충전함마드릴 DDF458 본체만.1번,90000,판매중,,https://media.bunjang.co.kr/product/269606795_1_1734084715_w{res}.jpg,https://m.bunjang.co.kr/products/269606795,2026-05-08 10:24,깔끔한 마끼다수퍼토크충전함마드릴 ddf458 본체만.1번,,,desktop,N,,SALE,,,,,UNKNOWN
본체,번개장터,406703403,번장 이벤트 사무용 주식 TM 카톡업무 컴퓨터 본체 최저가 판매!,150000,판매중,,https://media.bunjang.co.kr/product/406703403_1_1778203463_w{res}.jpg,https://m.bunjang.co.kr/products/406703403,2026-05-08 10:24,번장 이벤트 사무용 주식 tm 카톡업무 컴퓨터 본체 최저가 !,,,desktop,N,,SALE,,,,,UNKNOWN
본체,번개장터,400781904,애터미 플로어 크리너(본체/보관함/리필4개),31800,판매중,,https://media.bunjang.co.kr/product/400781904_1_1775866995_w{res}.jpg,https://m.bunjang.co.kr/products/400781904,2026-05-08 10:23,애터미 플로어 크리너(본체/보관함/리필4개),,,desktop,N,,SALE,,,,,UNKNOWN
본체,번개장터,406703194,인텔 I5 사무용컴퓨터본체 추가 게이밍컴퓨터 사용가능,180000,판매중,,https://media.bunjang.co.kr/product/406703194_1_1778203363_w{res}.jpg,https://m.bunjang.co.kr/products/406703194,2026-05-08 10:22,인텔 i5 사무용컴퓨터본체 추가 게이밍컴퓨터 사용가능,,,desktop,N,,SALE,,,,,UNKNOWN
본체,번개장터,406703117,버즈3프로 화이트본체. 무료배송,75000,판매중,,https://media.bunjang.co.kr/product/406703117_1_1778203337_w{res}.jpg,https://m.bunjang.co.kr/products/406703117,2026-05-08 10:22,버즈3프로 화이트본체. 무료배송,,,desktop,N,,SALE,,,,,UNKNOWN
본체,번개장터,406703108,갤럭시 버즈1 2 3 플러스 라이브 프로 한쪽 왼쪽 오른쪽 본체 충전,29000,판매중,,https://media.bunjang.co.kr/product/406703108_1_1778203333_w{res}.jpg,https://m.bunjang.co.kr/products/406703108,2026-05-08 10:22,갤럭시 버즈1 2 3 플러스 라이브 프로 한쪽 왼쪽 오른쪽 본체 충전,삼성,,smartphone,N,,SALE,,,,,UNKNOWN
본체,번개장터,406703059,에어팟 프로2 본체 라이트닝 C타입 8핀 미개봉 중고,49900,판매중,,https://media.bunjang.co.kr/product/406703059_1_1778203309_w{res}.jpg,https://m.bunjang.co.kr/products/406703059,2026-05-08 10:21,에어팟 프로2 본체 라이트닝 c타입 8핀 중고,애플,에어팟 프로,earphone,N,,SALE,,,,,UNKNOWN
본체,번개장터,406702814,버즈3프로 본체~  무료배송,70000,판매중,,https://media.bunjang.co.kr/product/406702814_1_1778203183_w{res}.jpg,https://m.bunjang.co.kr/products/406702814,2026-05-08 10:19,버즈3프로 본체~ 무료배송,,,desktop,N,,SALE,,,,,UNKNOWN
본체,번개장터,404144659,갤럭시북 10.6 본체+케이스,120000,판매중,,https://media.bunjang.co.kr/product/404144659_1_1777194565_w{res}.jpg,https://m.bunjang.co.kr/products/404144659,2026-05-08 10:19,갤럭시북 10.6 본체+케이스,삼성,,CASE,Y,,SALE,,,,,UNKNOWN
본체,번개장터,406702721,소니 WF-C700N 블루투스 무선 이어폰 본체,110000,판매중,,https://media.bunjang.co.kr/product/406702721_1_1778203132_w{res}.jpg,https://m.bunjang.co.kr/products/406702721,2026-05-08 10:18,소니 wf-c700n 블루투스 무선 이어폰 본체,,,desktop,N,,SALE,,,,,UNKNOWN
본체,번개장터,387055263,[정품]밀워키전산볼트카타기 M18BLTLC 전산볼트절단기 본체만,315000,판매중,,https://media.bunjang.co.kr/product/387055263_1_1773198515_w{res}.jpg,https://m.bunjang.co.kr/products/387055263,2026-05-08 10:18,[]밀워키전산볼트카타기 m18bltlc 전산볼트절단기 본체만,,,desktop,N,,SALE,,,,,UNKNOWN
본체,번개장터,406702568,사무용컴퓨터 pc 조립식사무용컴퓨터 본체 중고컴퓨터,180000,판매중,,https://media.bunjang.co.kr/product/406702568_1_1778203055_w{res}.jpg,https://m.bunjang.co.kr/products/406702568,2026-05-08 10:17,사무용컴퓨터 pc 조립식사무용컴퓨터 본체 중고컴퓨터,,,desktop,N,,SALE,,,,,UNKNOWN
본체,번개장터,406702433,사무용부터게임용까지 조립식PC 컴퓨터추천 데스크탑 중고컴퓨터본체,500000,판매중,,https://media.bunjang.co.kr/product/406702433_1_1778202986_w{res}.jpg,https://m.bunjang.co.kr/products/406702433,2026-05-08 10:16,사무용부터게임용까지 조립식pc 컴퓨터추천 데스크탑 중고컴퓨터본체,,,desktop,N,,SALE,,,,,UNKNOWN
본체,번개장터,392863582,컴퓨터 PC 본체 i3-9100F 16GB GT730 사무용 인강용,320000,판매중,,https://media.bunjang.co.kr/product/392863582_1_1772506536_w{res}.jpg,https://m.bunjang.co.kr/products/392863582,2026-05-08 10:15,컴퓨터 pc 본체 i3-9100f 16gb gt730 사무용 인강용,,,desktop,N,16.0,SALE,I3-9100F,,,,UNKNOWN
본체,번개장터,395905429,컴퓨터 PC 본체 i5-8500 16GB GTX1060 게임용 게이밍,410000,판매중,,https://media.bunjang.co.kr/product/395905429_1_1777369296_w{res}.jpg,https://m.bunjang.co.kr/products/395905429,2026-05-08 10:14,컴퓨터 pc 본체 i5-8500 16gb gtx1060 게임용 게이밍,,,desktop,N,16.0,SALE,I5-8500,GTX1060,,,LOW
본체,번개장터,404745763,게이밍 컴퓨터 PC 본체 i5-10600 16GB램 GTX1660s,630000,판매중,,https://media.bunjang.co.kr/product/404745763_1_1777876179_w{res}.jpg,https://m.bunjang.co.kr/products/404745763,2026-05-08 10:11,게이밍 컴퓨터 pc 본체 i5-10600 16gb램 gtx1660s,,,desktop,N,16.0,SALE,I5-10600,GTX1660,16.0,,MID
본체,번개장터,391040278,풀박스 에어팟 프로 2세대 8핀 본체,45000,판매중,,https://media.bunjang.co.kr/product/391040278_1_1777646467_w{res}.jpg,https://m.bunjang.co.kr/products/391040278,2026-05-08 10:11,스 에어팟 프로 2세대 8핀 본체,애플,에어팟 프로,earphone,N,,SALE,,,,,UNKNOWN
본체,번개장터,397477594,컴퓨터본체 7800x3d  64기가 2테라,2500000,판매중,,https://media.bunjang.co.kr/product/397477594_1_1776380984_w{res}.jpg,https://m.bunjang.co.kr/products/397477594,2026-05-08 10:10,컴퓨터본체 7800x3d 64기가 2테라,,,desktop,N,64.0,SALE,,,,,UNKNOWN
본체,번개장터,403215709,블랙 PC 케이스 본체,20000,판매중,,https://media.bunjang.co.kr/product/403215709_1_1776822516_w{res}.jpg,https://m.bunjang.co.kr/products/403215709,2026-05-08 10:10,블랙 pc 케이스 본체,,,CASE,Y,,SALE,,,,,UNKNOWN
본체,번개장터,312418374,애플 맥프로5세대 본체 바로작업가능 ssd로 부팅됨,400000,판매중,,https://media.bunjang.co.kr/product/312418374_1_1773904371_w{res}.jpg,https://m.bunjang.co.kr/products/312418374,2026-05-08 10:08,애플 맥프로5세대 본체 바로작업가능 ssd로 부팅됨,,,desktop,N,,SALE,,,,,UNKNOWN
본체,번개장터,406701397,LG 톤프리 UT60Q 블루투스 무선 이어폰 본체,40000,판매중,,https://media.bunjang.co.kr/product/406701397_1_1778202462_w{res}.jpg,https://m.bunjang.co.kr/products/406701397,2026-05-08 10:07,lg 톤프리 ut60q 블루투스 무선 이어폰 본체,,,desktop,N,,SALE,,,,,UNKNOWN
본체,번개장터,406701362,컴퓨터 최저가로 구매하자최저가보장컴퓨터본체데스크탑pc조립식컴퓨터,280000,판매중,,https://media.bunjang.co.kr/product/406701362_1_1778202450_w{res}.jpg,https://m.bunjang.co.kr/products/406701362,2026-05-08 10:07,컴퓨터 최저가로 구매하자최저가보장컴퓨터본체데스크탑pc조립식컴퓨터,,,desktop,N,,SALE,,,,,UNKNOWN
본체,번개장터,406701352,고사양RTX2060 6G 최저가컴퓨터본체pc데스크탑조립식컴퓨터,600000,판매중,,https://media.bunjang.co.kr/product/406701352_1_1778202447_w{res}.jpg,https://m.bunjang.co.kr/products/406701352,2026-05-08 10:07,고사양rtx2060 6g 최저가컴퓨터본체pc데스크탑조립식컴퓨터,,,desktop,N,,SALE,,RTX2060,,,MID
본체,번개장터,406701332,컴퓨터 본체 사무용 듀얼모니터 강추 i5 6500 GTX 1060 3G,420000,판매중,,https://media.bunjang.co.kr/product/406701332_1_1778202435_w{res}.jpg,https://m.bunjang.co.kr/products/406701332,2026-05-08 10:07,컴퓨터 본체 사무용 듀얼모니터 강추 i5 6500 gtx 1060 3g,,,desktop,N,,SALE,I5 6500,GTX1060,,,LOW
본체,번개장터,406477461,"AMD 라이젠 9600x, rtx5060 등 컴퓨터 본체",1550000,판매중,,https://media.bunjang.co.kr/product/406477461_1_1778202384_w{res}.jpg,https://m.bunjang.co.kr/products/406477461,2026-05-08 10:07,"amd 라이젠 9600x, rtx5060 등 컴퓨터 본체",,,desktop,N,,SALE,RYZEN 9600X,RTX5060,,,UNKNOWN
본체,번개장터,406701257,스팀덱(lcd 256) 본체 + 독 + 컨트롤러 세트,500000,판매중,,https://media.bunjang.co.kr/product/406701257_1_1778202401_w{res}.jpg,https://m.bunjang.co.kr/products/406701257,2026-05-08 10:06,스팀덱(lcd 256) 본체 + 독 + 컨트롤러 세트,,,desktop,N,,SALE,,,,,UNKNOWN
본체,번개장터,406701235,초특가본체 RTX2060 6GB 중고가성비 인기게이밍 컴퓨터 데스크탑,610000,판매중,,https://media.bunjang.co.kr/product/406701235_1_1778202391_w{res}.jpg,https://m.bunjang.co.kr/products/406701235,2026-05-08 10:06,초특가본체 rtx2060 6gb 중고가성비 인기게이밍 컴퓨터 데스크탑,,,desktop,N,,SALE,,RTX2060,,,MID
본체,번개장터,406701192,특가본체! RTX5060Ti 8G 인기구성! 고사양 게이밍컴퓨터 데스크탑,1550000,판매중,,https://media.bunjang.co.kr/product/406701192_1_1778202368_w{res}.jpg,https://m.bunjang.co.kr/products/406701192,2026-05-08 10:06,특가본체! rtx5060ti 8g 인기구성! 고사양 게이밍컴퓨터 데스크탑,,,desktop,N,,SALE,,RTX5060TI,,,UNKNOWN
본체,번개장터,399994072,5-6400 8G GTX650 SSD120G HDD500G LG본체,144000,판매중,,https://media.bunjang.co.kr/product/399994072_1_1776817594_w{res}.jpg,https://m.bunjang.co.kr/products/399994072,2026-05-08 10:05,5-6400 8g gtx650 ssd120g hdd500g lg본체,,,desktop,N,,SALE,,,,,UNKNOWN
본체,번개장터,406700959,택포) 에어팟 2 무선 본체 (1세대 가능) 무선충전 충전케이스,29000,판매중,,https://media.bunjang.co.kr/product/406700959_1_1778202235_w{res}.jpg,https://m.bunjang.co.kr/products/406700959,2026-05-08 10:03,) 에어팟 2 무선 본체 (1세대 가능) 무선충전 충전케이스,애플,에어팟,CASE,Y,,SALE,,,,,UNKNOWN
본체,번개장터,406700925,번장 이벤트 사무용 주식 TM 메신저업무 컴퓨터 본체 최저가 판매!,150000,판매중,,https://media.bunjang.co.kr/product/406700925_1_1778202217_w{res}.jpg,https://m.bunjang.co.kr/products/406700925,2026-05-08 10:03,번장 이벤트 사무용 주식 tm 메신저업무 컴퓨터 본체 최저가 !,,,desktop,N,,SALE,,,,,UNKNOWN
본체,번개장터,219187513,구체관절인형 usd 페퍼민트 포플러 노멀 본체,55000,판매중,,https://media.bunjang.co.kr/product/219187513_1_1772072018_w{res}.jpg,https://m.bunjang.co.kr/products/219187513,2026-05-08 10:02,구체관절인형 usd 페퍼민트 포플러 노멀 본체,,,desktop,N,,SALE,,,,,UNKNOWN
본체,번개장터,393256535,"(안산/시흥)인텔 i5-12400F, RTX 5060 게이밍 컴퓨터 본체",1130000,판매중,,https://media.bunjang.co.kr/product/393256535_1_1777602231_w{res}.jpg,https://m.bunjang.co.kr/products/393256535,2026-05-08 10:01,"(안산/시흥)인텔 i5-12400f, rtx 5060 게이밍 컴퓨터 본체",,,desktop,N,,SALE,I5-12400F,RTX5060,,,UNKNOWN
본체,번개장터,395894455,"(안산/시흥)라이젠7 5700X, RTX 5060 게이밍 컴퓨터 본체 판",1170000,판매중,,https://media.bunjang.co.kr/product/395894455_1_1777706321_w{res}.jpg,https://m.bunjang.co.kr/products/395894455,2026-05-08 10:01,"(안산/시흥)라이젠7 5700x, rtx 5060 게이밍 컴퓨터 본체 판",,,desktop,N,,SALE,RYZEN7 5700X,RTX5060,,,UNKNOWN
본체,번개장터,394316512,"(안산/시흥) 라이젠 5 5600X, RTX 5060 게이밍 컴퓨터 본체",1090000,판매중,,https://media.bunjang.co.kr/product/394316512_1_1777771376_w{res}.jpg,https://m.bunjang.co.kr/products/394316512,2026-05-08 10:01,"(안산/시흥) 라이젠 5 5600x, rtx 5060 게이밍 컴퓨터 본체",,,desktop,N,,SALE,RYZEN 5 5600X,RTX5060,,,UNKNOWN
본체,번개장터,393636906,"(안산/시흥)라이젠7 5700X, RTX 5060 게이밍 컴퓨터 본체 판",1140000,판매중,,https://media.bunjang.co.kr/product/393636906_1_1777770929_w{res}.jpg,https://m.bunjang.co.kr/products/393636906,2026-05-08 10:01,"(안산/시흥)라이젠7 5700x, rtx 5060 게이밍 컴퓨터 본체 판",,,desktop,N,,SALE,RYZEN7 5700X,RTX5060,,,UNKNOWN
본체,번개장터,393439531,"(안산/시흥)인텔 i5-12400F, RTX 5060 게이밍 컴퓨터 본체",1090000,판매중,,https://media.bunjang.co.kr/product/393439531_1_1777706535_w{res}.jpg,https://m.bunjang.co.kr/products/393439531,2026-05-08 10:01,"(안산/시흥)인텔 i5-12400f, rtx 5060 게이밍 컴퓨터 본체",,,desktop,N,,SALE,I5-12400F,RTX5060,,,UNKNOWN
본체,번개장터,406700592,[번장특판 컴퓨터 이벤트]RTX 3060TI 모음 본체 최저가 한정수량,720000,판매중,,https://media.bunjang.co.kr/product/406700592_1_1778202060_w{res}.jpg,https://m.bunjang.co.kr/products/406700592,2026-05-08 10:01,[번장특판 컴퓨터 이벤트]rtx 3060ti 모음 본체 최저가 한정수량,,,desktop,N,,SALE,,RTX3060TI,,,MID
본체,번개장터,406700582,사운드코어 블루투스 무선 이어폰 풀셋 및 본체,50000,판매중,,https://media.bunjang.co.kr/product/406700582_1_1778202057_w{res}.jpg,https://m.bunjang.co.kr/products/406700582,2026-05-08 10:00,사운드코어 블루투스 무선 이어폰 풀셋 및 본체,,,desktop,N,,SALE,,,,,UNKNOWN
본체,번개장터,390410183,EQ900 2016년 AVN 네비게이션 본체 단품 96560-D2600,380000,판매중,,https://media.bunjang.co.kr/product/390410183_1_1773714354_w{res}.jpg,https://m.bunjang.co.kr/products/390410183,2026-05-08 10:00,eq900 2016년 avn 네비게이션 본체 단품 96560-d2600,,,desktop,N,,SALE,,,,,UNKNOWN
본체,번개장터,406700318,소니 무선 이어폰 풀셋 및 본체 팝니다,70000,판매중,,https://media.bunjang.co.kr/product/406700318_1_1778201931_w{res}.jpg,https://m.bunjang.co.kr/products/406700318,2026-05-08 09:58,소니 무선 이어폰 풀셋 및 본체,,,desktop,N,,SALE,,,,,UNKNOWN
본체,번개장터,355502908,발로란트 풀옵션 본체 판매합니다.,489000,판매중,,https://media.bunjang.co.kr/product/355502908_1_1767920633_w{res}.jpg,https://m.bunjang.co.kr/products/355502908,2026-05-08 09:58,발로란트 풀옵션 본체 .,,,desktop,N,,SALE,,,,,UNKNOWN
본체,번개장터,406700061,JBL Live free 2 블루투스 무선 이어폰 본체,30000,판매중,,https://media.bunjang.co.kr/product/406700061_1_1778201800_w{res}.jpg,https://m.bunjang.co.kr/products/406700061,2026-05-08 09:56,jbl live free 2 블루투스 무선 이어폰 본체,,,desktop,N,,SALE,,,,,UNKNOWN
본체,번개장터,262049464,"[정직한판매!] 롤, 서든, 메이플스토리 I5 6500 게임용 컴퓨터",560000,판매중,,https://media.bunjang.co.kr/product/262049464_1_1776496997_w{res}.jpg,https://m.bunjang.co.kr/products/262049464,2026-05-08 09:55,"[정직한!] 롤, 서든, 메이플스토리 i5 6500 게임용 컴퓨터",,,desktop,N,,SALE,I5 6500,,,,UNKNOWN
본체,번개장터,262052471,작업용은 역시 인텔! I5 14400F 최저가 판매합니다 조립식 컴퓨터,1150000,판매중,,https://media.bunjang.co.kr/product/262052471_1_1776498244_w{res}.jpg,https://m.bunjang.co.kr/products/262052471,2026-05-08 09:55,작업용은 역시 인텔! i5 14400f 최저가 조립식 컴퓨터,,,desktop,N,,SALE,I5 14400F,,,,UNKNOWN
본체,번개장터,406288207,게이밍 컴퓨터 본체 AMD 라이젠5 7500F Rtx3070ti DDR5,1200000,판매중,,https://media.bunjang.co.kr/product/406288207_1_1778201732_w{res}.jpg,https://m.bunjang.co.kr/products/406288207,2026-05-08 09:55,게이밍 컴퓨터 본체 amd 라이젠5 7500f rtx3070ti ddr5,,,desktop,N,,SALE,RYZEN5 7500F,RTX3070TI,,,MID
본체,번개장터,406699831,조립식PC추천!! 게이밍 게임용 데스크탑 중고컴퓨터본체,490000,판매중,,https://media.bunjang.co.kr/product/406699831_1_1778201676_w{res}.jpg,https://m.bunjang.co.kr/products/406699831,2026-05-08 09:54,조립식pc추천!! 게이밍 게임용 데스크탑 중고컴퓨터본체,,,desktop,N,,SALE,,,,,UNKNOWN
본체,번개장터,402321627,"버즈2 본체 (그라파이트, SM-R177)",23000,판매중,,https://media.bunjang.co.kr/product/402321627_1_1776468980_w{res}.jpg,https://m.bunjang.co.kr/products/402321627,2026-05-08 09:51,"버즈2 본체 (그라파이트, sm-r177)",,,desktop,N,,SALE,,,,,UNKNOWN
본체,번개장터,401429799,"에어팟 4세대 본체 (노캔X, A3058)",50000,판매중,,https://media.bunjang.co.kr/product/401429799_1_1776091051_w{res}.jpg,https://m.bunjang.co.kr/products/401429799,2026-05-08 09:51,"에어팟 4세대 본체 (노캔x, a3058)",애플,에어팟,earphone,N,,SALE,,,,,UNKNOWN
본체,번개장터,385940465,"에어팟 4세대 본체 (ANC, A3059)",60000,판매중,,https://media.bunjang.co.kr/product/385940465_1_1777953786_w{res}.jpg,https://m.bunjang.co.kr/products/385940465,2026-05-08 09:51,"에어팟 4세대 본체 (anc, a3059)",애플,에어팟,earphone,N,,SALE,,,,,UNKNOWN
본체,번개장터,379969951,3M 차량용 공기청정기 본체 + 필터 pn38716,15000,판매중,,https://media.bunjang.co.kr/product/379969951_1_1767429182_w{res}.jpg,https://m.bunjang.co.kr/products/379969951,2026-05-08 09:51,3m 차량용 공기청정기 본체 + 필터 pn38716,,,desktop,N,,SALE,,,,,UNKNOWN
본체,번개장터,406521844,7600 (7500f상위) 32GB RX7600 게이밍 컴퓨터 본체 처분,980000,판매중,,https://media.bunjang.co.kr/product/406521844_1_1778171277_w{res}.jpg,https://m.bunjang.co.kr/products/406521844,2026-05-08 09:50,7600 (7500f상위) 32gb rx7600 게이밍 컴퓨터 본체 처분,,,desktop,N,32.0,SALE,,RX7600,,,UNKNOWN
본체,번개장터,406699367,가성비 인텔I5 엔비디아 RTX3060 게이밍컴퓨터본체,750000,판매중,,https://media.bunjang.co.kr/product/406699367_1_1778201370_w{res}.jpg,https://m.bunjang.co.kr/products/406699367,2026-05-08 09:49,가성비 인텔i5 엔비디아 rtx3060 게이밍컴퓨터본체,,,desktop,N,,SALE,,RTX3060,,,MID
본체,번개장터,403460760,버즈2 프로 본체 (라벤더),40000,판매중,,https://media.bunjang.co.kr/product/403460760_1_1776924849_w{res}.jpg,https://m.bunjang.co.kr/products/403460760,2026-05-08 09:48,버즈2 프로 본체 (라벤더),,,desktop,N,,SALE,,,,,UNKNOWN
본체,번개장터,393830453,에어팟 프로3 본체 (A3122),110000,판매중,,https://media.bunjang.co.kr/product/393830453_1_1772901476_w{res}.jpg,https://m.bunjang.co.kr/products/393830453,2026-05-08 09:48,에어팟 프로3 본체 (a3122),애플,에어팟 프로,earphone,N,,SALE,,,,,UNKNOWN
본체,번개장터,404440132,버즈3 본체만 (화이트),45000,판매중,,https://media.bunjang.co.kr/product/404440132_1_1777307424_w{res}.jpg,https://m.bunjang.co.kr/products/404440132,2026-05-08 09:48,버즈3 본체만 (화이트),,,desktop,N,,SALE,,,,,UNKNOWN
본체,번개장터,403460589,버즈2 프로 본체만 (화이트),40000,판매중,,https://media.bunjang.co.kr/product/403460589_1_1776924791_w{res}.jpg,https://m.bunjang.co.kr/products/403460589,2026-05-08 09:48,버즈2 프로 본체만 (화이트),,,desktop,N,,SALE,,,,,UNKNOWN
본체,번개장터,402373738,버즈2 본체만 (그라파이트),25000,판매중,,https://media.bunjang.co.kr/product/402373738_1_1776487319_w{res}.jpg,https://m.bunjang.co.kr/products/402373738,2026-05-08 09:48,버즈2 본체만 (그라파이트),,,desktop,N,,SALE,,,,,UNKNOWN
본체,번개장터,393824945,버즈3 프로 본체 (실버),70000,판매중,,https://media.bunjang.co.kr/product/393824945_1_1772898768_w{res}.jpg,https://m.bunjang.co.kr/products/393824945,2026-05-08 09:48,버즈3 프로 본체 (실버),,,desktop,N,,SALE,,,,,UNKNOWN
본체,번개장터,392758395,"에어팟 프로2 본체 (A2700, 8핀)",60000,판매중,,https://media.bunjang.co.kr/product/392758395_1_1772449234_w{res}.jpg,https://m.bunjang.co.kr/products/392758395,2026-05-08 09:48,"에어팟 프로2 본체 (a2700, 8핀)",애플,에어팟 프로,earphone,N,,SALE,,,,,UNKNOWN
본체,번개장터,385720058,버즈1 프로 본체 (화이트),30000,판매중,,https://media.bunjang.co.kr/product/385720058_1_1769705331_w{res}.jpg,https://m.bunjang.co.kr/products/385720058,2026-05-08 09:48,버즈1 프로 본체 (화이트),,,desktop,N,,SALE,,,,,UNKNOWN
본체,번개장터,369787718,버즈 라이브 본체 (블랙),25000,판매중,,https://media.bunjang.co.kr/product/369787718_1_1772773163_w{res}.jpg,https://m.bunjang.co.kr/products/369787718,2026-05-08 09:48,버즈 라이브 본체 (블랙),,,desktop,N,,SALE,,,,,UNKNOWN
본체,번개장터,398321320,"LG xp설치된 슬립본체( xp게임,산업용,공업용)",50000,판매중,,https://media.bunjang.co.kr/product/398321320_1_1774859954_w{res}.jpg,https://m.bunjang.co.kr/products/398321320,2026-05-08 09:47,"lg xp설치된 슬립본체( xp게임,산업용,공업용)",,,SERVICE,Y,,SALE,,,,,UNKNOWN
본체,번개장터,406699063,구매율1위컴퓨터!최저가pc비교불가!!컴퓨터pc본체데스크탑조립식컴퓨터사무용,420000,판매중,,https://media.bunjang.co.kr/product/406699063_1_1778201244_w{res}.jpg,https://m.bunjang.co.kr/products/406699063,2026-05-08 09:47,구매율1위컴퓨터!최저가pc비교불가!!컴퓨터pc본체데스크탑조립식컴퓨터사무용,,,desktop,N,,SALE,,,,,UNKNOWN
본체,번개장터,406699020,사무용 사무실 컴퓨터는 꼭 여기서!본체컴퓨터데스크탑pc조립식컴퓨터,270000,판매중,,https://media.bunjang.co.kr/product/406699020_1_1778201224_w{res}.jpg,https://m.bunjang.co.kr/products/406699020,2026-05-08 09:47,사무용 사무실 컴퓨터는 꼭 여기서!본체컴퓨터데스크탑pc조립식컴퓨터,,,desktop,N,,SALE,,,,,UNKNOWN
본체,번개장터,406699010,사무용부터 게이밍용까지!컴퓨터본체데스크탑PC조립식컴퓨터,440000,판매중,,https://media.bunjang.co.kr/product/406699010_1_1778201216_w{res}.jpg,https://m.bunjang.co.kr/products/406699010,2026-05-08 09:46,사무용부터 게이밍용까지!컴퓨터본체데스크탑pc조립식컴퓨터,,,desktop,N,,SALE,,,,,UNKNOWN
본체,번개장터,179574477,계양그라인더/계양전기/dg18bl-100s/무선충전그라인더/새상품/본체만,123000,판매중,,https://media.bunjang.co.kr/product/179574477_1_1775994996_w{res}.jpg,https://m.bunjang.co.kr/products/179574477,2026-05-08 09:46,계양그라인더/계양전기/dg18bl-100s/무선충전그라인더//본체만,,,desktop,N,,SALE,,,,,UNKNOWN
본체,번개장터,382423800,디월트/디월트드릴드라이버/10.8v~12v/정품/새상품/본체/무선충전드릴,75000,판매중,,https://media.bunjang.co.kr/product/382423800_1_1768401122_w{res}.jpg,https://m.bunjang.co.kr/products/382423800,2026-05-08 09:46,디월트/디월트드릴드라이버/10.8v~12v///본체/무선충전드릴,,,desktop,N,,SALE,,,,,UNKNOWN
본체,번개장터,406698519,에어팟 낱개 왼쪽 오른쪽 본체 1 2 3 세대 프로 1 2 L R,19900,판매중,,https://media.bunjang.co.kr/product/406698519_1_1778200900_w{res}.jpg,https://m.bunjang.co.kr/products/406698519,2026-05-08 09:41,에어팟 낱개 왼쪽 오른쪽 본체 1 2 3 세대 프로 1 2 l r,애플,에어팟 프로,earphone,N,,SALE,,,,,UNKNOWN
본체,번개장터,406698112,고사양 컴퓨터 본체 팝니다.,1300000,판매중,,https://media.bunjang.co.kr/product/406698112_1_1778200854_w{res}.jpg,https://m.bunjang.co.kr/products/406698112,2026-05-08 09:37,고사양 컴퓨터 본체 .,,,desktop,N,,SALE,,,,,UNKNOWN
본체,번개장터,406698089,[번장1등 컴퓨터 풀셋트 본체]한정수량 초특가 이벤트 판매 합니다,285000,판매중,,https://media.bunjang.co.kr/product/406698089_1_1778200657_w{res}.jpg,https://m.bunjang.co.kr/products/406698089,2026-05-08 09:37,[번장1등 컴퓨터 풀셋트 본체]한정수량 초특가 이벤트 합니다,,,desktop,N,,SALE,,,,,UNKNOWN
본체,번개장터,404377888,PS4 Pro 본체 + 듀얼쇼크 컨트롤러,210000,판매중,,https://media.bunjang.co.kr/product/404377888_1_1777286925_w{res}.jpg,https://m.bunjang.co.kr/products/404377888,2026-05-08 09:36,ps4 pro 본체 + 듀얼쇼크 컨트롤러,,,desktop,N,,SALE,,,,,UNKNOWN
본체,번개장터,406697961,인텔 250KF Plus 15세대 최신사양! 디자인작업용 게이밍컴퓨터본체,1270000,판매중,,https://media.bunjang.co.kr/product/406697961_1_1778200573_w{res}.jpg,https://m.bunjang.co.kr/products/406697961,2026-05-08 09:36,인텔 250kf plus 15세대 최신사양! 디자인작업용 게이밍컴퓨터본체,,,desktop,N,,SALE,,,,,UNKNOWN
본체,번개장터,406584248,에어팟 프로2 본체 8핀,55000,판매중,,https://media.bunjang.co.kr/product/406584248_1_1778153617_w{res}.jpg,https://m.bunjang.co.kr/products/406584248,2026-05-08 09:35,에어팟 프로2 본체 8핀,애플,에어팟 프로,earphone,N,,SALE,,,,,UNKNOWN
본체,번개장터,406168578,컴퓨터 본체.,130000,판매중,,https://media.bunjang.co.kr/product/406168578_1_1778041528_w{res}.jpg,https://m.bunjang.co.kr/products/406168578,2026-05-08 09:34,컴퓨터 본체.,,,desktop,N,,SALE,,,,,UNKNOWN
본체,번개장터,324859296,강력21V전동전가위  본체+ 마키타 호환 배터리 포함 새제품 작동해보시고,64800,판매중,,https://media.bunjang.co.kr/product/324859296_1_1766468989_w{res}.jpg,https://m.bunjang.co.kr/products/324859296,2026-05-08 09:33,강력21v전동전가위 본체+ 마키타 호환 배터리 포함 새제품 작동해보시고,,,desktop,N,,SALE,,,,,UNKNOWN
본체,번개장터,406580991,게임용 사무용 컴퓨터 PC 본체 i7-8700 GTX 1060 데스크탑,420000,판매중,,https://media.bunjang.co.kr/product/406580991_1_1778165202_w{res}.jpg,https://m.bunjang.co.kr/products/406580991,2026-05-08 09:32,게임용 사무용 컴퓨터 pc 본체 i7-8700 gtx 1060 데스크탑,,,desktop,N,,SALE,I7-8700,GTX1060,,,LOW
본체,번개장터,405880895,i7-8700 GTX 1060 6G 게이밍 PC 컴퓨터 본체 롤 데스크탑,460000,판매중,,https://media.bunjang.co.kr/product/405880895_1_1777878384_w{res}.jpg,https://m.bunjang.co.kr/products/405880895,2026-05-08 09:29,i7-8700 gtx 1060 6g 게이밍 pc 컴퓨터 본체 롤 데스크탑,,,desktop,N,,SALE,I7-8700,GTX1060,,,LOW
본체,번개장터,401887259,게임용 사무용 컴퓨터 PC 본체 라이젠 5600G GTX1060 데스크탑,540000,판매중,,https://media.bunjang.co.kr/product/401887259_1_1777013567_w{res}.jpg,https://m.bunjang.co.kr/products/401887259,2026-05-08 09:29,게임용 사무용 컴퓨터 pc 본체 라이젠 5600g gtx1060 데스크탑,,,desktop,N,,SALE,RYZEN 5600G,GTX1060,,,LOW
본체,번개장터,401614618,게이밍 컴퓨터 PC 본체 울트라5 225F RX5700 배그 데스크탑,1030000,판매중,,https://media.bunjang.co.kr/product/401614618_1_1777771589_w{res}.jpg,https://m.bunjang.co.kr/products/401614618,2026-05-08 09:28,게이밍 컴퓨터 pc 본체 울트라5 225f rx5700 배그 데스크탑,,,desktop,N,,SALE,,RX5700,,,LOW
본체,번개장터,406696653,"게이밍 게임용컴퓨터, 중고 조립식컴퓨터 i5 컴퓨터본체",470000,판매중,,https://media.bunjang.co.kr/product/406696653_1_1778199820_w{res}.jpg,https://m.bunjang.co.kr/products/406696653,2026-05-08 09:23,"게이밍 게임용컴퓨터, 중고 조립식컴퓨터 i5 컴퓨터본체",,,desktop,N,,SALE,,,,,UNKNOWN
본체,번개장터,392520754,게이밍 컴퓨터 PC 본체 Ryzen 9950X3D RTX 4070 배그,3080000,판매중,,https://media.bunjang.co.kr/product/392520754_1_1778106775_w{res}.jpg,https://m.bunjang.co.kr/products/392520754,2026-05-08 09:22,게이밍 컴퓨터 pc 본체 ryzen 9950x3d rtx 4070 배그,,,desktop,N,,SALE,RYZEN 9950X,RTX4070,,,HIGH
본체,번개장터,388116946,게이밍 컴퓨터 본체 PC 9800X3D RTX 5070 게임용 데스크탑,2820000,판매중,,https://media.bunjang.co.kr/product/388116946_1_1773835882_w{res}.jpg,https://m.bunjang.co.kr/products/388116946,2026-05-08 09:21,게이밍 컴퓨터 본체 pc 9800x3d rtx 5070 게임용 데스크탑,,,desktop,N,,SALE,,RTX5070,,,UNKNOWN
본체,번개장터,406696277,RTX2060 게이밍 게임용 중고컴퓨터 저렴 조립컴퓨터본체,390000,판매중,,https://media.bunjang.co.kr/product/406696277_1_1778199572_w{res}.jpg,https://m.bunjang.co.kr/products/406696277,2026-05-08 09:19,rtx2060 게이밍 게임용 중고컴퓨터 저렴 조립컴퓨터본체,,,desktop,N,,SALE,,RTX2060,,,MID
본체,번개장터,351088627,컴퓨터 팝니다,28000,판매중,,https://media.bunjang.co.kr/product/351088627_1_1778019658_w{res}.jpg,https://m.bunjang.co.kr/products/351088627,2026-05-08 09:18,컴퓨터,,,desktop,N,,SALE,,,,,UNKNOWN
본체,번개장터,403092692,삼성 DM500T7Z-AD5S 데스크탑 본체,300000,판매중,,https://media.bunjang.co.kr/product/403092692_1_1776759927_w{res}.jpg,https://m.bunjang.co.kr/products/403092692,2026-05-08 09:17,삼성 dm500t7z-ad5s 데스크탑 본체,,,desktop,N,,SALE,,,,,UNKNOWN
본체,번개장터,406695788,[번장1등 컴퓨터 풀셋트 본체]한정수량 초특가 이벤트 판매 합니다,285000,판매중,,https://media.bunjang.co.kr/product/406695788_1_1778199254_w{res}.jpg,https://m.bunjang.co.kr/products/406695788,2026-05-08 09:14,[번장1등 컴퓨터 풀셋트 본체]한정수량 초특가 이벤트 합니다,,,desktop,N,,SALE,,,,,UNKNOWN
본체,번개장터,406651505,7800X3D+rtx5070+ddr5 32g 고사양 본체,2300000,판매중,,https://media.bunjang.co.kr/product/406651505_1_1778167073_w{res}.jpg,https://m.bunjang.co.kr/products/406651505,2026-05-08 09:13,7800x3d+rtx5070+ddr5 32g 고사양 본체,,,desktop,N,,SALE,,RTX5070,,,UNKNOWN
본체,번개장터,255598489,디월트/dcf845n/임팩드릴/신제품/정품/새상품/본체만/3모드속도조절,125000,판매중,,https://media.bunjang.co.kr/product/255598489_1_1776815388_w{res}.jpg,https://m.bunjang.co.kr/products/255598489,2026-05-08 09:13,디월트/dcf845n/임팩드릴/신제품///본체만/3모드속도조절,,,desktop,N,,SALE,,,,,UNKNOWN
본체,번개장터,406695646,에어팟4세대 본체 노캔X,63000,판매중,,https://media.bunjang.co.kr/product/406695646_1_1778199177_w{res}.jpg,https://m.bunjang.co.kr/products/406695646,2026-05-08 09:12,에어팟4세대 본체 노캔x,애플,에어팟,earphone,N,,SALE,,,,,UNKNOWN
본체,번개장터,406695582,아직도 현역! 갓성비 RTX2060 조합 컴퓨터 56만원 부터 판매합니다,910000,판매중,,https://media.bunjang.co.kr/product/406695582_1_1778199139_w{res}.jpg,https://m.bunjang.co.kr/products/406695582,2026-05-08 09:12,아직도 현역! 갓성비 rtx2060 조합 컴퓨터 56만원 부터,,,desktop,N,,SALE,,RTX2060,,,MID
본체,번개장터,144319213,디월트/임팩드릴/정품/새상품/베어툴/본체만/18~20v사용/브러쉬리스모터,107000,판매중,,https://media.bunjang.co.kr/product/144319213_1_1758705626_w{res}.jpg,https://m.bunjang.co.kr/products/144319213,2026-05-08 09:11,디월트/임팩드릴///베어툴/본체만/18~20v사용/브러쉬리스모터,,,desktop,N,,SALE,,,,,UNKNOWN
본체,번개장터,406695465,닌텐도 DS Lite 블랙 본체,50000,판매중,,https://media.bunjang.co.kr/product/406695465_1_1778199062_w{res}.jpg,https://m.bunjang.co.kr/products/406695465,2026-05-08 09:11,닌텐도 ds lite 블랙 본체,,,desktop,N,,SALE,,,,,UNKNOWN
본체,번개장터,406695235,에어팟 프로 2세대 본체 C타입,78000,판매중,,https://media.bunjang.co.kr/product/406695235_1_1778198931_w{res}.jpg,https://m.bunjang.co.kr/products/406695235,2026-05-08 09:08,에어팟 프로 2세대 본체 c타입,애플,에어팟 프로,earphone,N,,SALE,,,,,UNKNOWN
본체,번개장터,406615898,세가 메가드라이브 본체 + 컨트롤러 2개,120000,판매중,,https://media.bunjang.co.kr/product/406615898_1_1778218458_w{res}.jpg,https://m.bunjang.co.kr/products/406615898,2026-05-08 09:07,세가 메가드라이브 본체 + 컨트롤러 2개,,,desktop,N,,SALE,,,,,UNKNOWN
본체,번개장터,406695084,[번장특판 컴퓨터 이벤트]RTX 3060TI 모음 본체 최저가 한정수량,720000,판매중,,https://media.bunjang.co.kr/product/406695084_1_1778198815_w{res}.jpg,https://m.bunjang.co.kr/products/406695084,2026-05-08 09:06,[번장특판 컴퓨터 이벤트]rtx 3060ti 모음 본체 최저가 한정수량,,,desktop,N,,SALE,,RTX3060TI,,,MID
본체,번개장터,328636189,디월트용 컷쏘 (본체만),33000,판매중,,https://media.bunjang.co.kr/product/328636189_1_1768694352_w{res}.jpg,https://m.bunjang.co.kr/products/328636189,2026-05-08 09:06,디월트용 컷쏘 (본체만),,,desktop,N,,SALE,,,,,UNKNOWN
본체,번개장터,357599498,디월트용 8인치 전기톱 본체만(강력한bl모터적용),57000,판매중,,https://media.bunjang.co.kr/product/357599498_1_1775954406_w{res}.jpg,https://m.bunjang.co.kr/products/357599498,2026-05-08 09:06,디월트용 8인치 전기톱 본체만(강력한bl모터적용),,,desktop,N,,SALE,,,,,UNKNOWN
본체,번개장터,403213478,마끼다 호완용 제트팬 브리시리스모터 초강력 송풍기 (본체만),38500,판매중,,https://media.bunjang.co.kr/product/403213478_1_1777297014_w{res}.jpg,https://m.bunjang.co.kr/products/403213478,2026-05-08 09:05,마끼다 호완용 제트팬 브리시리스모터 초강력 송풍기 (본체만),,,desktop,N,,SALE,,,,,UNKNOWN
본체,번개장터,403398598,무선 글루건 실리콘총 본체만(18~21v)마끼다호완,22000,판매중,,https://media.bunjang.co.kr/product/403398598_1_1778028472_w{res}.jpg,https://m.bunjang.co.kr/products/403398598,2026-05-08 09:05,무선 글루건 실리콘총 본체만(18~21v)마끼다호완,,,desktop,N,,SALE,,,,,UNKNOWN
본체,번개장터,335322303,디월트용 전기톱 본체(6인치)디월트배터리 맞음,33000,판매중,,https://media.bunjang.co.kr/product/335322303_1_1774480743_w{res}.jpg,https://m.bunjang.co.kr/products/335322303,2026-05-08 09:05,디월트용 전기톱 본체(6인치)디월트배터리 맞음,,,desktop,N,,SALE,,,,,UNKNOWN
본체,번개장터,347925156,디월트 해머 전동드릴 본체만(호완용),52000,판매중,,https://media.bunjang.co.kr/product/347925156_1_1776295516_w{res}.jpg,https://m.bunjang.co.kr/products/347925156,2026-05-08 09:05,디월트 해머 전동드릴 본체만(호완용),,,desktop,N,,SALE,,,,,UNKNOWN
본체,번개장터,388618985,디월트호완 XR 브러쉬리스 해머드릴 베어툴 로터리 함마드릴 본체,85000,판매중,,https://media.bunjang.co.kr/product/388618985_1_1776167773_w{res}.jpg,https://m.bunjang.co.kr/products/388618985,2026-05-08 09:04,디월트호완 xr 브러쉬리스 해머드릴 베어툴 로터리 함마드릴 본체,,,desktop,N,,SALE,,,,,UNKNOWN
본체,번개장터,381578879,디월트 해머드릴 20V 브러쉬리스함마드릴 (본체만 호완용),79000,판매중,,https://media.bunjang.co.kr/product/381578879_1_1775603468_w{res}.jpg,https://m.bunjang.co.kr/products/381578879,2026-05-08 09:04,디월트 해머드릴 20v 브러쉬리스함마드릴 (본체만 호완용),,,desktop,N,,SALE,,,,,UNKNOWN
본체,번개장터,350492208,디월트 20V 브러쉬리스 임팩 드라이버(본체만 호완용)임팩드릴,57500,판매중,,https://media.bunjang.co.kr/product/350492208_1_1777986069_w{res}.jpg,https://m.bunjang.co.kr/products/350492208,2026-05-08 09:03,디월트 20v 브러쉬리스 임팩 드라이버(본체만 호완용)임팩드릴,,,desktop,N,,SALE,,,,,UNKNOWN
본체,번개장터,406694840,에어팟 2 세대 유선충전 본체,15000,판매중,,https://media.bunjang.co.kr/product/406694840_1_1778198633_w{res}.jpg,https://m.bunjang.co.kr/products/406694840,2026-05-08 09:03,에어팟 2 세대 유선충전 본체,애플,에어팟,earphone,N,,SALE,,,,,UNKNOWN
본체,번개장터,343529293,디월트임팩 dcf922 본체 베어툴 호완용,59500,판매중,,https://media.bunjang.co.kr/product/343529293_1_1778205501_w{res}.jpg,https://m.bunjang.co.kr/products/343529293,2026-05-08 09:03,디월트임팩 dcf922 본체 베어툴 호완용,,,desktop,N,,SALE,,,,,UNKNOWN
본체,번개장터,387717769,디월트 호완용 그라인더 20v 디월트배터리용 본체만,71000,판매중,,https://media.bunjang.co.kr/product/387717769_1_1776257659_w{res}.jpg,https://m.bunjang.co.kr/products/387717769,2026-05-08 09:03,디월트 호완용 그라인더 20v 디월트배터리용 본체만,,,desktop,N,,SALE,,,,,UNKNOWN
본체,번개장터,336250273,디월트용 전동 전지가위 본체,51000,판매중,,https://media.bunjang.co.kr/product/336250273_1_1777506482_w{res}.jpg,https://m.bunjang.co.kr/products/336250273,2026-05-08 09:03,디월트용 전동 전지가위 본체,,,desktop,N,,SALE,,,,,UNKNOWN
본체,번개장터,333512867,초강력 터보 제트팬 송풍기<bl모터> 디월트밧데리용 (본체만),35000,판매중,,https://media.bunjang.co.kr/product/333512867_1_1777875748_w{res}.jpg,https://m.bunjang.co.kr/products/333512867,2026-05-08 09:02,초강력 터보 제트팬 송풍기<bl모터> 디월트밧데리용 (본체만),,,desktop,N,,SALE,,,,,UNKNOWN
본체,번개장터,404902585,디월트배터리용  글루건 + 글루심 디월트용 실리콘건(본체만),22000,판매중,,https://media.bunjang.co.kr/product/404902585_1_1777512457_w{res}.jpg,https://m.bunjang.co.kr/products/404902585,2026-05-08 09:02,디월트배터리용 글루건 + 글루심 디월트용 실리콘건(본체만),,,desktop,N,,SALE,,,,,UNKNOWN
본체,번개장터,246007020,디월트/해머드릴/dcd7781/국내정품/새상품/본체만/무선햄머함마전동드릴,99000,판매중,,https://media.bunjang.co.kr/product/246007020_1_1775463020_w{res}.jpg,https://m.bunjang.co.kr/products/246007020,2026-05-08 09:02,디월트/해머드릴/dcd7781/국내//본체만/무선햄머함마전동드릴,,,desktop,N,,SALE,,,,,UNKNOWN
본체,번개장터,374195710,디월트/디월트드릴/정품/새상품/무선전동드릴드라이버/본체만/베어툴/7771,89000,판매중,,https://media.bunjang.co.kr/product/374195710_1_1775463008_w{res}.jpg,https://m.bunjang.co.kr/products/374195710,2026-05-08 09:02,디월트/디월트드릴///무선전동드릴드라이버/본체만/베어툴/7771,,,desktop,N,,SALE,,,,,UNKNOWN
본체,번개장터,205614654,디월트/dcd805n/전문가용/햄머드릴/796후속/정품/새상품/본체만,158000,판매중,,https://media.bunjang.co.kr/product/205614654_1_1772080818_w{res}.jpg,https://m.bunjang.co.kr/products/205614654,2026-05-08 09:02,디월트/dcd805n/전문가용/햄머드릴/796후속///본체만,,,desktop,N,,SALE,,,,,UNKNOWN
본체,번개장터,209120738,보쉬/듀얼홀더/임팩드릴과렌치겸용/gdx18v-200/정품/새상품/본체만,79000,판매중,,https://media.bunjang.co.kr/product/209120738_1_1775127341_w{res}.jpg,https://m.bunjang.co.kr/products/209120738,2026-05-08 09:02,보쉬/듀얼홀더/임팩드릴과렌치겸용/gdx18v-200///본체만,,,desktop,N,,SALE,,,,,UNKNOWN
본체,번개장터,406694582,판매1위 RTX5060 8GB장착! 인기가성비 게이밍컴퓨터 데스크탑본체,1520000,판매중,,https://media.bunjang.co.kr/product/406694582_1_1778198464_w{res}.jpg,https://m.bunjang.co.kr/products/406694582,2026-05-08 09:01,1위 rtx5060 8gb장착! 인기가성비 게이밍컴퓨터 데스크탑본체,,,desktop,N,,SALE,,RTX5060,,,UNKNOWN
본체,번개장터,401155343,에어팟 프로2 8핀 본체,45000,판매중,,https://media.bunjang.co.kr/product/401155343_1_1776524958_w{res}.jpg,https://m.bunjang.co.kr/products/401155343,2026-05-08 09:00,에어팟 프로2 8핀 본체,애플,에어팟 프로,earphone,N,,SALE,,,,,UNKNOWN
본체,번개장터,404894238,i7-9700K / RTX2070 게이밍 컴퓨터 본체 pc,660000,판매중,,https://media.bunjang.co.kr/product/404894238_1_1777717657_w{res}.jpg,https://m.bunjang.co.kr/products/404894238,2026-05-08 09:00,i7-9700k / rtx2070 게이밍 컴퓨터 본체 pc,,,desktop,N,,SALE,I7-9700K,RTX2070,,,MID
본체,번개장터,402619857,i5-10400f / gtx1650super 게이밍 컴퓨터 본체 pc,560000,판매중,,https://media.bunjang.co.kr/product/402619857_1_1776569806_w{res}.jpg,https://m.bunjang.co.kr/products/402619857,2026-05-08 09:00,i5-10400f / gtx1650super 게이밍 컴퓨터 본체 pc,,,desktop,N,,SALE,I5-10400F,GTX1650,,,LOW
본체,번개장터,401602862,라이젠7 2700x / gtx1660ti 게이밍 컴퓨터 본체 pc,540000,판매중,,https://media.bunjang.co.kr/product/401602862_1_1776250651_w{res}.jpg,https://m.bunjang.co.kr/products/401602862,2026-05-08 09:00,라이젠7 2700x / gtx1660ti 게이밍 컴퓨터 본체 pc,,,desktop,N,,SALE,RYZEN7 2700X,GTX1660TI,,,LOW
본체,번개장터,400536673,라이젠7 2700x / gtx1660ti 게이밍 컴퓨터 본체 pc,560000,판매중,,https://media.bunjang.co.kr/product/400536673_1_1776153842_w{res}.jpg,https://m.bunjang.co.kr/products/400536673,2026-05-08 09:00,라이젠7 2700x / gtx1660ti 게이밍 컴퓨터 본체 pc,,,desktop,N,,SALE,RYZEN7 2700X,GTX1660TI,,,LOW
본체,번개장터,396453411,라이젠5 5600 / 16g / RX6600 게이밍 컴퓨터 본체 pc,770000,판매중,,https://media.bunjang.co.kr/product/396453411_1_1776153857_w{res}.jpg,https://m.bunjang.co.kr/products/396453411,2026-05-08 09:00,라이젠5 5600 / 16g / rx6600 게이밍 컴퓨터 본체 pc,,,desktop,N,,SALE,RYZEN5 5600,RX6600,,,MID
본체,번개장터,404393158,i7-7800X / RTX2070super 게이밍 컴퓨터 본체 pc,720000,판매중,,https://media.bunjang.co.kr/product/404393158_1_1777291564_w{res}.jpg,https://m.bunjang.co.kr/products/404393158,2026-05-08 09:00,i7-7800x / rtx2070super 게이밍 컴퓨터 본체 pc,,,desktop,N,,SALE,I7-7800X,RTX2070,,,MID
본체,번개장터,399432785,라이젠5 5600 / 16g / rtx4060 게이밍 컴퓨터 본체 pc,980000,판매중,,https://media.bunjang.co.kr/product/399432785_1_1775298863_w{res}.jpg,https://m.bunjang.co.kr/products/399432785,2026-05-08 09:00,라이젠5 5600 / 16g / rtx4060 게이밍 컴퓨터 본체 pc,,,desktop,N,,SALE,RYZEN5 5600,RTX4060,,,MID
본체,번개장터,406620707,9800X3D 5070ti 32gb 1tb 개이밍 컴퓨터 본체,2800000,판매중,,https://media.bunjang.co.kr/product/406620707_1_1778156426_w{res}.jpg,https://m.bunjang.co.kr/products/406620707,2026-05-08 09:00,9800x3d 5070ti 32gb 1tb 개이밍 컴퓨터 본체,,,desktop,N,32.0,SALE,,,,1024.0,UNKNOWN
본체,번개장터,405673064,i5-9400f / 16g / gtx1080 게이밍 컴퓨터 본체 pc,480000,판매중,,https://media.bunjang.co.kr/product/405673064_1_1777816248_w{res}.jpg,https://m.bunjang.co.kr/products/405673064,2026-05-08 09:00,i5-9400f / 16g / gtx1080 게이밍 컴퓨터 본체 pc,,,desktop,N,,SALE,I5-9400F,GTX1080,,,UNKNOWN
본체,번개장터,400314814,라이젠5 7500f / RTX5060 고사양 게이밍 컴퓨터 본체 pc,1350000,판매중,,https://media.bunjang.co.kr/product/400314814_1_1775654502_w{res}.jpg,https://m.bunjang.co.kr/products/400314814,2026-05-08 09:00,라이젠5 7500f / rtx5060 고사양 게이밍 컴퓨터 본체 pc,,,desktop,N,,SALE,RYZEN5 7500F,RTX5060,,,UNKNOWN
본체,번개장터,395764441,i5-12400f / rtx4060 고사양 게이밍 컴퓨터 본체 pc,1130000,판매중,,https://media.bunjang.co.kr/product/395764441_1_1776153811_w{res}.jpg,https://m.bunjang.co.kr/products/395764441,2026-05-08 09:00,i5-12400f / rtx4060 고사양 게이밍 컴퓨터 본체 pc,,,desktop,N,,SALE,I5-12400F,RTX4060,,,MID
본체,번개장터,406551981,Beelink 미니 PC 본체 (미개봉),1050000,판매중,,https://media.bunjang.co.kr/product/406551981_1_1778135213_w{res}.jpg,https://m.bunjang.co.kr/products/406551981,2026-05-08 09:00,beelink 미니 pc 본체 (),,,desktop,N,,SALE,,,,,UNKNOWN
본체,번개장터,406694402,[번장인증] 에어팟 낱개 1 2 3 4 프로 한쪽 낱개 왼쪽 오른쪽 본체,53000,판매중,,https://media.bunjang.co.kr/product/406694402_1_1778198359_w{res}.jpg,https://m.bunjang.co.kr/products/406694402,2026-05-08 08:59,[번장인증] 에어팟 낱개 1 2 3 4 프로 한쪽 낱개 왼쪽 오른쪽 본체,애플,에어팟 프로,earphone,N,,SALE,,,,,UNKNOWN
본체,번개장터,406140935,소니 ps2 플레이스테이션2 플스2 본체 + 게임 7개,150000,판매중,,https://media.bunjang.co.kr/product/406140935_1_1777971094_w{res}.jpg,https://m.bunjang.co.kr/products/406140935,2026-05-08 08:56,소니 ps2 플레이스테이션2 플스2 본체 + 게임 7개,,,desktop,N,,SALE,,,,,UNKNOWN
본체,번개장터,406694109,라이젠고사양 게임용조립PC컴퓨터본체추천 게이밍,490000,판매중,,https://media.bunjang.co.kr/product/406694109_1_1778198176_w{res}.jpg,https://m.bunjang.co.kr/products/406694109,2026-05-08 08:56,라이젠고사양 게임용조립pc컴퓨터본체추천 게이밍,,,desktop,N,,SALE,,,,,UNKNOWN
본체,번개장터,406693844,깔끔한 라이젠 5600 게이밍 본체,530000,판매중,,https://media.bunjang.co.kr/product/406693844_1_1778220842_w{res}.jpg,https://m.bunjang.co.kr/products/406693844,2026-05-08 08:53,깔끔한 라이젠 5600 게이밍 본체,,,desktop,N,,SALE,RYZEN 5600,,,,UNKNOWN
본체,번개장터,406693642,번장 이벤트 사무용 주식 TM 카톡업무 컴퓨터 본체 최저가 판매!,150000,판매중,,https://media.bunjang.co.kr/product/406693642_1_1778197851_w{res}.jpg,https://m.bunjang.co.kr/products/406693642,2026-05-08 08:50,번장 이벤트 사무용 주식 tm 카톡업무 컴퓨터 본체 최저가 !,,,desktop,N,,SALE,,,,,UNKNOWN
본체,번개장터,339711346,토아 무선 마이크  본체 와 마이크 2개 입니다,200000,판매중,,https://media.bunjang.co.kr/product/339711346_1_1764543668_w{res}.jpg,https://m.bunjang.co.kr/products/339711346,2026-05-08 08:41,토아 무선 마이크 본체 와 마이크 2개 입니다,,,desktop,N,,SALE,,,,,UNKNOWN
본체,번개장터,406692785,안전결제가능 i7/ gtx1050 본체 게이밍 데스크탑 컴퓨터 pc,169000,판매중,,https://media.bunjang.co.kr/product/406692785_1_1778197229_w{res}.jpg,https://m.bunjang.co.kr/products/406692785,2026-05-08 08:40,안전결제가능 i7/ gtx1050 본체 게이밍 데스크탑 컴퓨터 pc,,,desktop,N,,SALE,,GTX1050,,,UNKNOWN
본체,번개장터,329285941,안전결제가능 i7/램12g/gtx970 본체 게이밍 데스크탑 컴퓨터,195000,판매중,,https://media.bunjang.co.kr/product/329285941_1_1773893629_w{res}.jpg,https://m.bunjang.co.kr/products/329285941,2026-05-08 08:40,안전결제가능 i7/램12g/gtx970 본체 게이밍 데스크탑 컴퓨터,,,desktop,N,,SALE,,,,,UNKNOWN
본체,번개장터,319151057,안전결제환영 i7/gtx970 본체 게이밍 데스크탑 컴퓨터,167000,판매중,,https://media.bunjang.co.kr/product/319151057_1_1773889890_w{res}.jpg,https://m.bunjang.co.kr/products/319151057,2026-05-08 08:40,안전결제환영 i7/gtx970 본체 게이밍 데스크탑 컴퓨터,,,desktop,N,,SALE,,,,,UNKNOWN
본체,번개장터,318723687,안전결제가능 i5/램12g/gtx960 본체 게이밍 데스크탑 컴퓨터,145000,판매중,,https://media.bunjang.co.kr/product/318723687_1_1776199974_w{res}.jpg,https://m.bunjang.co.kr/products/318723687,2026-05-08 08:40,안전결제가능 i5/램12g/gtx960 본체 게이밍 데스크탑 컴퓨터,,,desktop,N,,SALE,,,,,UNKNOWN
본체,번개장터,406692725,택포) 갤럭시 버즈 플러스 본체 색상별,23000,판매중,,https://media.bunjang.co.kr/product/406692725_1_1778197192_w{res}.jpg,https://m.bunjang.co.kr/products/406692725,2026-05-08 08:39,) 갤럭시 버즈 플러스 본체 색상별,삼성,,smartphone,N,,SALE,,,,,UNKNOWN
본체,번개장터,297189847,"에어팟프로1세대 본체, GX2C~, A2190",27100,판매중,,https://media.bunjang.co.kr/product/297189847_1_1778197167_w{res}.jpg,https://m.bunjang.co.kr/products/297189847,2026-05-08 08:39,"에어팟프로1세대 본체, gx2c~, a2190",애플,에어팟 프로,earphone,N,,SALE,,,,,UNKNOWN
본체,번개장터,406692619,[번장1등 컴퓨터 풀셋트 본체]한정수량 초특가 이벤트 판매 합니다,285000,판매중,,https://media.bunjang.co.kr/product/406692619_1_1778197113_w{res}.jpg,https://m.bunjang.co.kr/products/406692619,2026-05-08 08:38,[번장1등 컴퓨터 풀셋트 본체]한정수량 초특가 이벤트 합니다,,,desktop,N,,SALE,,,,,UNKNOWN
본체,번개장터,393821663,10세대 I7 10700 반본체 // 흥정 안해용~~,340000,판매중,,https://media.bunjang.co.kr/product/393821663_1_1776816667_w{res}.jpg,https://m.bunjang.co.kr/products/393821663,2026-05-08 08:37,10세대 i7 10700 반본체 // 흥정 안해용~~,,,desktop,N,,SALE,I7 10700,,,,UNKNOWN
본체,번개장터,403606988,[실속구성] 애플 정품 충전기 3종 + 일반 고속 충전 본체 (총 4종),21000,판매중,,https://media.bunjang.co.kr/product/403606988_1_1777080704_w{res}.jpg,https://m.bunjang.co.kr/products/403606988,2026-05-08 08:36,[실속구성] 애플 충전기 3종 + 일반 고속 충전 본체 (총 4종),,,CHARGER,Y,,SALE,,,,,UNKNOWN
본체,번개장터,406692358,에어팟 프로 2세대 본체 C타입,78000,판매중,,https://media.bunjang.co.kr/product/406692358_1_1778196916_w{res}.jpg,https://m.bunjang.co.kr/products/406692358,2026-05-08 08:35,에어팟 프로 2세대 본체 c타입,애플,에어팟 프로,earphone,N,,SALE,,,,,UNKNOWN
본체,번개장터,394687898,3070 13600kf 4TB 컴퓨터 본체 데스크탑,1080000,판매중,,https://media.bunjang.co.kr/product/394687898_1_1778196838_w{res}.jpg,https://m.bunjang.co.kr/products/394687898,2026-05-08 08:34,3070 13600kf 4tb 컴퓨터 본체 데스크탑,,,desktop,N,,SALE,,,,4096.0,UNKNOWN
본체,번개장터,406692132,블랙 드론 본체 + 조종기 배터리 세트,30000,판매중,,https://media.bunjang.co.kr/product/406692132_1_1778196773_w{res}.jpg,https://m.bunjang.co.kr/products/406692132,2026-05-08 08:32,블랙 드론 본체 + 조종기 배터리 세트,,,desktop,N,,SALE,,,,,UNKNOWN
본체,번개장터,398495231,아크용접기 EXE230  아태기전  본체만,150000,판매중,,https://media.bunjang.co.kr/product/398495231_1_1774939090_w{res}.jpg,https://m.bunjang.co.kr/products/398495231,2026-05-08 08:32,아크용접기 exe230 아태기전 본체만,,,desktop,N,,SALE,,,,,UNKNOWN
본체,번개장터,397344528,인버터아크용접기 (웰텍) ECO-2300 본체만,150000,판매중,,https://media.bunjang.co.kr/product/397344528_1_1774427558_w{res}.jpg,https://m.bunjang.co.kr/products/397344528,2026-05-08 08:32,인버터아크용접기 (웰텍) eco-2300 본체만,,,desktop,N,,SALE,,,,,UNKNOWN
본체,번개장터,260986812,[6코어CPU] RTX5060TI 화이트 게이밍컴퓨터 조립PC 본체,1190000,판매중,,https://media.bunjang.co.kr/product/260986812_1_1778115362_w{res}.jpg,https://m.bunjang.co.kr/products/260986812,2026-05-08 08:32,[6코어cpu] rtx5060ti 화이트 게이밍컴퓨터 조립pc 본체,,,desktop,N,,SALE,,RTX5060TI,,,UNKNOWN
본체,번개장터,242235942,[최강] 라이젠7800X3D  3060TI 5060TI 게이밍컴퓨터 본체,1495000,판매중,,https://media.bunjang.co.kr/product/242235942_1_1778114912_w{res}.jpg,https://m.bunjang.co.kr/products/242235942,2026-05-08 08:32,[최강] 라이젠7800x3d 3060ti 5060ti 게이밍컴퓨터 본체,,,desktop,N,,SALE,RYZEN7800X,,,,UNKNOWN
본체,번개장터,391810892,LG 톤프리 HBS-TFN4 본체,10000,판매중,,https://media.bunjang.co.kr/product/391810892_1_1772102646_w{res}.jpg,https://m.bunjang.co.kr/products/391810892,2026-05-08 08:32,lg 톤프리 hbs-tfn4 본체,,,desktop,N,,SALE,,,,,UNKNOWN
본체,번개장터,381167074,비츠 stud o 본체,25000,판매중,,https://media.bunjang.co.kr/product/381167074_1_1767930625_w{res}.jpg,https://m.bunjang.co.kr/products/381167074,2026-05-08 08:32,비츠 stud o 본체,,,desktop,N,,SALE,,,,,UNKNOWN
본체,번개장터,334547409,비츠 A2514 본체,20000,판매중,,https://media.bunjang.co.kr/product/334547409_1_1747726474_w{res}.jpg,https://m.bunjang.co.kr/products/334547409,2026-05-08 08:32,비츠 a2514 본체,,,desktop,N,,SALE,,,,,UNKNOWN
본체,번개장터,406692093,RTX3060 게이밍 게임용컴퓨터 중고 조립식컴퓨터본체,750000,판매중,,https://media.bunjang.co.kr/product/406692093_1_1778196723_w{res}.jpg,https://m.bunjang.co.kr/products/406692093,2026-05-08 08:32,rtx3060 게이밍 게임용컴퓨터 중고 조립식컴퓨터본체,,,desktop,N,,SALE,,RTX3060,,,MID
본체,번개장터,406423336,부품용) 에어팟 프로 1 본체,9000,판매중,,https://media.bunjang.co.kr/product/406423336_1_1778071807_w{res}.jpg,https://m.bunjang.co.kr/products/406423336,2026-05-08 08:31,부품용) 에어팟 프로 1 본체,애플,에어팟 프로,PARTS,Y,,SALE,,,,,UNKNOWN
본체,번개장터,405582335,i5 6400 컴퓨터본체,110000,판매중,,https://media.bunjang.co.kr/product/405582335_1_1777791776_w{res}.jpg,https://m.bunjang.co.kr/products/405582335,2026-05-08 08:31,i5 6400 컴퓨터본체,,,desktop,N,,SALE,I5 6400,,,,LOW
본체,번개장터,406415231,에어팟 프로 3 본체,99000,판매중,,https://media.bunjang.co.kr/product/406415231_1_1778163309_w{res}.jpg,https://m.bunjang.co.kr/products/406415231,2026-05-08 08:31,에어팟 프로 3 본체,애플,에어팟 프로,earphone,N,,SALE,,,,,UNKNOWN
본체,번개장터,405403900,에어팟 4세대 노캔 본체,59000,판매중,,https://media.bunjang.co.kr/product/405403900_1_1778056407_w{res}.jpg,https://m.bunjang.co.kr/products/405403900,2026-05-08 08:31,에어팟 4세대 노캔 본체,애플,에어팟,earphone,N,,SALE,,,,,UNKNOWN
본체,번개장터,406284603,bjd dod 디오디 투 본체 판매합니다.,427100,판매중,,https://media.bunjang.co.kr/product/406284603_1_1778031748_w{res}.jpg,https://m.bunjang.co.kr/products/406284603,2026-05-08 08:31,bjd dod 디오디 투 본체 .,,,desktop,N,,SALE,,,,,UNKNOWN
본체,번개장터,406284211,bjd dod/디오디 비아 본체 판매합니다.,427100,판매중,,https://media.bunjang.co.kr/product/406284211_1_1778031574_w{res}.jpg,https://m.bunjang.co.kr/products/406284211,2026-05-08 08:31,bjd dod/디오디 비아 본체 .,,,desktop,N,,SALE,,,,,UNKNOWN
본체,번개장터,406283785,bjd dod /디오디 데이지 본체 판매합니다.,373000,판매중,,https://media.bunjang.co.kr/product/406283785_1_1778031944_w{res}.jpg,https://m.bunjang.co.kr/products/406283785,2026-05-08 08:31,bjd dod /디오디 데이지 본체 .,,,desktop,N,,SALE,,,,,UNKNOWN
본체,번개장터,406691953,라이젠고사양 게임용조립PC컴퓨터본체추천 게이밍,490000,판매중,,https://media.bunjang.co.kr/product/406691953_1_1778196640_w{res}.jpg,https://m.bunjang.co.kr/products/406691953,2026-05-08 08:30,라이젠고사양 게임용조립pc컴퓨터본체추천 게이밍,,,desktop,N,,SALE,,,,,UNKNOWN
본체,번개장터,406534190,닌텐도 Wii 본체 + 위핏 플러스 풀세트,59000,판매중,,https://media.bunjang.co.kr/product/406534190_1_1778142523_w{res}.jpg,https://m.bunjang.co.kr/products/406534190,2026-05-08 08:29,닌텐도 wii 본체 + 위핏 플러스 풀세트,,,desktop,N,,SALE,,,,,UNKNOWN
본체,번개장터,406691795,에어팟프로 2세대 c타입 본체,50000,판매중,,https://media.bunjang.co.kr/product/406691795_1_1778223304_w{res}.jpg,https://m.bunjang.co.kr/products/406691795,2026-05-08 08:28,에어팟프로 2세대 c타입 본체,애플,에어팟 프로,earphone,N,,SALE,,,,,UNKNOWN
본체,번개장터,406691692,[번장특판 컴퓨터 이벤트]RTX 3060TI 모음 본체 최저가 한정수량,720000,판매중,,https://media.bunjang.co.kr/product/406691692_1_1778196448_w{res}.jpg,https://m.bunjang.co.kr/products/406691692,2026-05-08 08:27,[번장특판 컴퓨터 이벤트]rtx 3060ti 모음 본체 최저가 한정수량,,,desktop,N,,SALE,,RTX3060TI,,,MID
본체,번개장터,328080269,태권브이 레진 투명 본체  + 해드 세트,400000,판매중,,https://media.bunjang.co.kr/product/328080269_1_1745570674_w{res}.jpg,https://m.bunjang.co.kr/products/328080269,2026-05-08 08:24,태권브이 레진 투명 본체 + 해드 세트,,,desktop,N,,SALE,,,,,UNKNOWN
본체,번개장터,406110026,에어팟 2세대 본체 유선,19900,판매중,,https://media.bunjang.co.kr/product/406110026_1_1777963404_w{res}.jpg,https://m.bunjang.co.kr/products/406110026,2026-05-08 08:22,에어팟 2세대 본체 유선,애플,에어팟 2세대,earphone,N,,SALE,,,,,UNKNOWN
본체,번개장터,402130129,올리고365 본체1개 크림2개 받침대 1개 세트,1190000,판매중,,https://media.bunjang.co.kr/product/402130129_1_1778041829_w{res}.jpg,https://m.bunjang.co.kr/products/402130129,2026-05-08 08:22,올리고365 본체1개 크림2개 받침대 1개 세트,,,desktop,N,,SALE,,,,,UNKNOWN
본체,번개장터,406691183,버즈 프로 1세대 본체 블랙 퍼플 그레이,29000,판매중,,https://media.bunjang.co.kr/product/406691183_1_1778196053_w{res}.jpg,https://m.bunjang.co.kr/products/406691183,2026-05-08 08:20,버즈 프로 1세대 본체 블랙 퍼플 그레이,,,desktop,N,,SALE,,,,,UNKNOWN
본체,번개장터,118163134,게임용 본체 / 게이밍 모니터 / 컴퓨터 풀세트 특가 [사무용 견적가능],380000,판매중,,https://media.bunjang.co.kr/product/118163134_1_1771761069_w{res}.jpg,https://m.bunjang.co.kr/products/118163134,2026-05-08 08:19,게임용 본체 / 게이밍 모니터 / 컴퓨터 풀세트 특가 [사무용 견적가능],,,desktop,N,,SALE,,,,,UNKNOWN
본체,번개장터,400290262,블랙박스용 후방카메라.  본체거치대. 일괄  6만 택포,55000,판매중,,https://media.bunjang.co.kr/product/400290262_1_1778185111_w{res}.jpg,https://m.bunjang.co.kr/products/400290262,2026-05-08 08:19,블랙박스용 후방카메라. 본체거치대. 일괄 6만,,,STAND,Y,,SALE,,,,,UNKNOWN
본체,번개장터,405453883,Xbox Series X 1TB 본체,500000,판매중,,https://media.bunjang.co.kr/product/405453883_1_1777731462_w{res}.jpg,https://m.bunjang.co.kr/products/405453883,2026-05-08 08:19,xbox series x 1tb 본체,,,desktop,N,,SALE,,,,1024.0,UNKNOWN
본체,번개장터,404941799,에어팟 프로2 S급 본체 급처합니다 이어팁 포함,60000,판매중,,https://media.bunjang.co.kr/product/404941799_1_1777529576_w{res}.jpg,https://m.bunjang.co.kr/products/404941799,2026-05-08 08:16,에어팟 프로2 s급 본체 합니다 이어팁 포함,애플,에어팟 프로,earphone,N,,SALE,,,,,UNKNOWN
본체,번개장터,403775678,에어팟 프로1 본체 박스포함,15000,판매중,,https://media.bunjang.co.kr/product/403775678_1_1777045751_w{res}.jpg,https://m.bunjang.co.kr/products/403775678,2026-05-08 08:16,에어팟 프로1 본체 박스포함,애플,에어팟 프로,BOX,Y,,SALE,,,,,UNKNOWN
본체,번개장터,403257061,에어팟 프로2 C타입 본체 급처합니다,60000,판매중,,https://media.bunjang.co.kr/product/403257061_1_1777865127_w{res}.jpg,https://m.bunjang.co.kr/products/403257061,2026-05-08 08:16,에어팟 프로2 c타입 본체 합니다,애플,에어팟 프로,earphone,N,,SALE,,,,,UNKNOWN
본체,번개장터,406690754,"삼성 갤럭시 버즈2 올리브색 본체 , 왼쪽 한짝 낱개",30000,판매중,,https://media.bunjang.co.kr/product/406690754_1_1778195716_w{res}.jpg,https://m.bunjang.co.kr/products/406690754,2026-05-08 08:15,"삼성 갤럭시 버즈2 올리브색 본체 , 왼쪽 한짝 낱개",삼성,,smartphone,N,,SALE,,,,,UNKNOWN
본체,번개장터,365637864,게이밍 데스크탑 i9-11900KF/rtx4060/본체pc 컴퓨터,1550000,판매중,,https://media.bunjang.co.kr/product/365637864_1_1771514335_w{res}.jpg,https://m.bunjang.co.kr/products/365637864,2026-05-08 08:14,게이밍 데스크탑 i9-11900kf/rtx4060/본체pc 컴퓨터,,,desktop,N,,SALE,I9-11900KF,RTX4060,,,MID
본체,번개장터,406690481,에어팟4세대 본체 노캔X,63000,판매중,,https://media.bunjang.co.kr/product/406690481_1_1778195498_w{res}.jpg,https://m.bunjang.co.kr/products/406690481,2026-05-08 08:11,에어팟4세대 본체 노캔x,애플,에어팟,earphone,N,,SALE,,,,,UNKNOWN
본체,번개장터,282636911,컴퓨터 본체 조립 셋팅 Os셋팅 xp등등 UMPC  소형리눅스 셋팅,50000,판매중,,https://media.bunjang.co.kr/product/282636911_1_1761980294_w{res}.jpg,https://m.bunjang.co.kr/products/282636911,2026-05-08 08:10,컴퓨터 본체 조립 셋팅 os셋팅 xp등등 umpc 소형리눅스 셋팅,,,desktop,N,,SALE,,,,,UNKNOWN
본체,번개장터,406690373,번장 이벤트 사무용 주식 TM 메신저업무 컴퓨터 본체 최저가 판매!,150000,판매중,,https://media.bunjang.co.kr/product/406690373_1_1778195411_w{res}.jpg,https://m.bunjang.co.kr/products/406690373,2026-05-08 08:10,번장 이벤트 사무용 주식 tm 메신저업무 컴퓨터 본체 최저가 !,,,desktop,N,,SALE,,,,,UNKNOWN
본체,번개장터,406690327,아직도 현역! 갓성비 RTX2060 조합 컴퓨터 56만원 부터 판매합니다,910000,판매중,,https://media.bunjang.co.kr/product/406690327_1_1778195379_w{res}.jpg,https://m.bunjang.co.kr/products/406690327,2026-05-08 08:09,아직도 현역! 갓성비 rtx2060 조합 컴퓨터 56만원 부터,,,desktop,N,,SALE,,RTX2060,,,MID
본체,번개장터,406690238,i5 6500 SSD240 조립식 컴퓨터 pc 모음 윈도우 포함 빠른택배,560000,판매중,,https://media.bunjang.co.kr/product/406690238_1_1778195312_w{res}.jpg,https://m.bunjang.co.kr/products/406690238,2026-05-08 08:08,i5 6500 ssd240 조립식 컴퓨터 pc 모음 윈도우 포함 빠른,,,desktop,N,,SALE,I5 6500,,,,UNKNOWN
본체,번개장터,406047611,i3 6100 스카이레이크 본체 pc 컴퓨터 팝니다.,130000,판매중,,https://media.bunjang.co.kr/product/406047611_1_1777943488_w{res}.jpg,https://m.bunjang.co.kr/products/406047611,2026-05-08 08:06,i3 6100 스카이레이크 본체 pc 컴퓨터 .,,,desktop,N,,SALE,I3 6100,,,,LOW
본체,번개장터,406689985,RTX3060 게이밍 게임용컴퓨터 중고 조립식컴퓨터본체,750000,판매중,,https://media.bunjang.co.kr/product/406689985_1_1778195101_w{res}.jpg,https://m.bunjang.co.kr/products/406689985,2026-05-08 08:05,rtx3060 게이밍 게임용컴퓨터 중고 조립식컴퓨터본체,,,desktop,N,,SALE,,RTX3060,,,MID
본체,번개장터,406689929,번장 이벤트 사무용 주식 TM 카톡업무 컴퓨터 본체 최저가 판매!,150000,판매중,,https://media.bunjang.co.kr/product/406689929_1_1778195045_w{res}.jpg,https://m.bunjang.co.kr/products/406689929,2026-05-08 08:04,번장 이벤트 사무용 주식 tm 카톡업무 컴퓨터 본체 최저가 !,,,desktop,N,,SALE,,,,,UNKNOWN
본체,번개장터,406689821,버즈 프로 1세대 본체 블랙 퍼플 그레이,29000,판매중,,https://media.bunjang.co.kr/product/406689821_1_1778194945_w{res}.jpg,https://m.bunjang.co.kr/products/406689821,2026-05-08 08:02,버즈 프로 1세대 본체 블랙 퍼플 그레이,,,desktop,N,,SALE,,,,,UNKNOWN
본체,번개장터,393564017,버즈 1 블랙 충전기 본체 판매합니다,19000,판매중,,https://media.bunjang.co.kr/product/393564017_1_1772979128_w{res}.jpg,https://m.bunjang.co.kr/products/393564017,2026-05-08 08:00,버즈 1 블랙 충전기 본체,,,CHARGER,Y,,SALE,,,,,UNKNOWN
본체,번개장터,401834041,버즈 플러스 화이트 충전기 본체 판매합니다,22000,판매중,,https://media.bunjang.co.kr/product/401834041_1_1776256558_w{res}.jpg,https://m.bunjang.co.kr/products/401834041,2026-05-08 08:00,버즈 플러스 화이트 충전기 본체,,,CHARGER,Y,,SALE,,,,,UNKNOWN
본체,번개장터,406689634,삼성 갤럭시 버즈fe 본체(충전 케이스),30000,판매중,,https://media.bunjang.co.kr/product/406689634_1_1778194853_w{res}.jpg,https://m.bunjang.co.kr/products/406689634,2026-05-08 07:59,삼성 갤럭시 버즈fe 본체(충전 케이스),삼성,,CASE,Y,,SALE,,,,,UNKNOWN
본체,번개장터,136638896,아이나비 FHD950 본체 팝니다,50000,판매중,,https://media.bunjang.co.kr/product/136638896_1_1650815180_w{res}.jpg,https://m.bunjang.co.kr/products/136638896,2026-05-08 07:58,아이나비 fhd950 본체,,,desktop,N,,SALE,,,,,UNKNOWN
본체,번개장터,399881247,에어팟프로2 8핀 본체,60000,판매중,,https://media.bunjang.co.kr/product/399881247_1_1775474707_w{res}.jpg,https://m.bunjang.co.kr/products/399881247,2026-05-08 07:52,에어팟프로2 8핀 본체,애플,에어팟 프로,earphone,N,,SALE,,,,,UNKNOWN
본체,번개장터,324809140,조이콘 본체 빠짐 걸쇠 헐거움 메탈걸쇠 교체 닌텐도 스위치 수리,8000,판매중,,https://media.bunjang.co.kr/product/324809140_1_1778194436_w{res}.jpg,https://m.bunjang.co.kr/products/324809140,2026-05-08 07:52,조이콘 본체 빠짐 걸쇠 헐거움 메탈걸쇠 교체 닌텐도 스위치 수리,,,SERVICE,Y,,SALE,,,,,UNKNOWN
본체,번개장터,325814823,닌텐도 스위치 라이트 하우징  스위치 본체 하우징,8000,판매중,,https://media.bunjang.co.kr/product/325814823_1_1778194469_w{res}.jpg,https://m.bunjang.co.kr/products/325814823,2026-05-08 07:52,닌텐도 스위치 라이트 하우징 스위치 본체 하우징,,,desktop,N,,SALE,,,,,UNKNOWN
본체,번개장터,406093175,게임 컴퓨터 본체 롤컴 인천 직거래,240000,판매중,,https://media.bunjang.co.kr/product/406093175_1_1778053385_w{res}.jpg,https://m.bunjang.co.kr/products/406093175,2026-05-08 07:50,게임 컴퓨터 본체 롤컴 인천,,,desktop,N,,SALE,,,,,UNKNOWN
본체,번개장터,406688939,에어팟4세대 본체 노캔X,63000,판매중,,https://media.bunjang.co.kr/product/406688939_1_1778194116_w{res}.jpg,https://m.bunjang.co.kr/products/406688939,2026-05-08 07:48,에어팟4세대 본체 노캔x,애플,에어팟,earphone,N,,SALE,,,,,UNKNOWN
본체,번개장터,406629294,"i5 14400f, 4060ti , DDR5 32gb게이밍본체 급처합니다",1450000,판매중,,https://media.bunjang.co.kr/product/406629294_1_1778159051_w{res}.jpg,https://m.bunjang.co.kr/products/406629294,2026-05-08 07:45,"i5 14400f, 4060ti , ddr5 32gb게이밍본체 합니다",,,desktop,N,32.0,SALE,I5 14400F,,,,UNKNOWN
본체,번개장터,406180780,라이젠 7500F 32G 1TB RTX 4060TI 신품동일 본체,1450000,판매중,,https://media.bunjang.co.kr/product/406180780_1_1778142566_w{res}.jpg,https://m.bunjang.co.kr/products/406180780,2026-05-08 07:42,라이젠 7500f 32g 1tb rtx 4060ti 신품동일 본체,,,desktop,N,,SALE,RYZEN 7500F,RTX4060TI,,1024.0,MID
본체,번개장터,406688465,[번장특판 컴퓨터 이벤트]RTX 3060TI 모음 본체 최저가 한정수량,720000,판매중,,https://media.bunjang.co.kr/product/406688465_1_1778193643_w{res}.jpg,https://m.bunjang.co.kr/products/406688465,2026-05-08 07:40,[번장특판 컴퓨터 이벤트]rtx 3060ti 모음 본체 최저가 한정수량,,,desktop,N,,SALE,,RTX3060TI,,,MID
본체,번개장터,220456041,(새제품)라이젠7500f RTX5060Ti.개인본체.영상편집.게이밍컴퓨터,1440000,판매중,,https://media.bunjang.co.kr/product/220456041_1_1778081922_w{res}.jpg,https://m.bunjang.co.kr/products/220456041,2026-05-08 07:39,(새제품)라이젠7500f rtx5060ti.개인본체.영상편집.게이밍컴퓨터,,,desktop,N,,SALE,RYZEN7500F,RTX5060TI,,,UNKNOWN
본체,번개장터,405646353,닌텐도 스위치 oled 본체만 삽니다,150000,판매중,,https://media.bunjang.co.kr/product/405646353_1_1778193219_w{res}.jpg,https://m.bunjang.co.kr/products/405646353,2026-05-08 07:35,닌텐도 스위치 oled 본체만,,,desktop,N,,SALE,,,,,UNKNOWN
본체,번개장터,406688090,갤럭시 버즈1 2 3 플러스 라이브 프로 한쪽 왼쪽 오른쪽 본체 충전,29000,판매중,,https://media.bunjang.co.kr/product/406688090_1_1778193237_w{res}.jpg,https://m.bunjang.co.kr/products/406688090,2026-05-08 07:33,갤럭시 버즈1 2 3 플러스 라이브 프로 한쪽 왼쪽 오른쪽 본체 충전,삼성,,smartphone,N,,SALE,,,,,UNKNOWN
본체,번개장터,402613154,[7인치] 폰터스 K7 지니맵 네비게이션..본체,28000,판매중,,https://media.bunjang.co.kr/product/402613154_1_1776567879_w{res}.jpg,https://m.bunjang.co.kr/products/402613154,2026-05-08 07:33,[7인치] 폰터스 k7 지니맵 네비게이션..본체,,,desktop,N,,SALE,,,,,UNKNOWN
본체,번개장터,406301715,4인치 벨트 샌더기 본체,200000,판매중,,https://media.bunjang.co.kr/product/406301715_1_1778038452_w{res}.jpg,https://m.bunjang.co.kr/products/406301715,2026-05-08 07:32,4인치 벨트 샌더기 본체,,,desktop,N,,SALE,,,,,UNKNOWN
본체,번개장터,406687751,에어팟 프로2 본체 (C타입),55000,판매중,,https://media.bunjang.co.kr/product/406687751_1_1778192850_w{res}.jpg,https://m.bunjang.co.kr/products/406687751,2026-05-08 07:27,에어팟 프로2 본체 (c타입),애플,에어팟 프로,earphone,N,,SALE,,,,,UNKNOWN
본체,번개장터,406518269,9800x3d rtx5080 2tb 고사양 컴퓨터 본체 팝니다,3850000,판매중,,https://media.bunjang.co.kr/product/406518269_1_1778122814_w{res}.jpg,https://m.bunjang.co.kr/products/406518269,2026-05-08 07:27,9800x3d rtx5080 2tb 고사양 컴퓨터 본체,,,desktop,N,,SALE,,RTX5080,,2048.0,UNKNOWN
본체,번개장터,406144952,버즈2 프로 본체 (택배비포함),40000,판매중,,https://media.bunjang.co.kr/product/406144952_1_1777972090_w{res}.jpg,https://m.bunjang.co.kr/products/406144952,2026-05-08 07:27,버즈2 프로 본체 (비포함),,,desktop,N,,SALE,,,,,UNKNOWN
본체,번개장터,394142488,버즈2 본체 (무료배송) 블랙색상,33000,판매중,,https://media.bunjang.co.kr/product/394142488_1_1773035626_w{res}.jpg,https://m.bunjang.co.kr/products/394142488,2026-05-08 07:27,버즈2 본체 (무료배송) 블랙색상,,,desktop,N,,SALE,,,,,UNKNOWN
본체,번개장터,389735860,"PC-9821As 본체와 CRT 모니터, 키보드",850000,판매중,,https://media.bunjang.co.kr/product/389735860_1_1778037964_w{res}.jpg,https://m.bunjang.co.kr/products/389735860,2026-05-08 07:20,"pc-9821as 본체와 crt 모니터, 키보드",,,desktop,N,,SALE,,,,,UNKNOWN
본체,번개장터,406687219,[번장1등 컴퓨터 풀셋트 본체]한정수량 초특가 이벤트 판매 합니다,285000,판매중,,https://media.bunjang.co.kr/product/406687219_1_1778192240_w{res}.jpg,https://m.bunjang.co.kr/products/406687219,2026-05-08 07:17,[번장1등 컴퓨터 풀셋트 본체]한정수량 초특가 이벤트 합니다,,,desktop,N,,SALE,,,,,UNKNOWN
본체,번개장터,406687006,[번장특판 컴퓨터 이벤트]RTX 3060TI 모음 본체 최저가 한정수량,720000,판매중,,https://media.bunjang.co.kr/product/406687006_1_1778192009_w{res}.jpg,https://m.bunjang.co.kr/products/406687006,2026-05-08 07:13,[번장특판 컴퓨터 이벤트]rtx 3060ti 모음 본체 최저가 한정수량,,,desktop,N,,SALE,,RTX3060TI,,,MID
본체,번개장터,406686642,PS3 플레이스테이션3 본체 + 게임 2개 + 컨트롤러,105000,판매중,,https://media.bunjang.co.kr/product/406686642_1_1778196365_w{res}.jpg,https://m.bunjang.co.kr/products/406686642,2026-05-08 07:10,ps3 플레이스테이션3 본체 + 게임 2개 + 컨트롤러,,,desktop,N,,SALE,,,,,UNKNOWN
본체,번개장터,98047125,[모든견적 가능] 게임용 본체 / 게이밍 모니터 / 컴퓨터 풀세트,380000,판매중,,https://media.bunjang.co.kr/product/98047125_1_1770311932_w{res}.jpg,https://m.bunjang.co.kr/products/98047125,2026-05-08 07:09,[모든견적 가능] 게임용 본체 / 게이밍 모니터 / 컴퓨터 풀세트,,,desktop,N,,SALE,,,,,UNKNOWN
본체,번개장터,406686180,"[리니지 클래식 컴퓨터, 아이온 본체. 수량 및 소량 납품 전문]",170000,판매중,,https://media.bunjang.co.kr/product/406686180_1_1778191595_w{res}.jpg,https://m.bunjang.co.kr/products/406686180,2026-05-08 07:06,"[리니지 클래식 컴퓨터, 아이온 본체. 수량 및 소량 납품 전문]",,,desktop,N,,SALE,,,,,UNKNOWN
본체,번개장터,406490100,i7 8700k 컴퓨터 본체,420000,판매중,,https://media.bunjang.co.kr/product/406490100_1_1778106563_w{res}.jpg,https://m.bunjang.co.kr/products/406490100,2026-05-08 07:06,i7 8700k 컴퓨터 본체,,,desktop,N,,SALE,I7 8700K,,,,UNKNOWN
본체,번개장터,406685967,5점 만점 후기! 최저가로 판매합니다 조립식 게이밍 컴퓨터 pc 모음,1010000,판매중,,https://media.bunjang.co.kr/product/406685967_1_1778191476_w{res}.jpg,https://m.bunjang.co.kr/products/406685967,2026-05-08 07:04,5점 만점 후기! 최저가로 조립식 게이밍 컴퓨터 pc 모음,,,desktop,N,,SALE,,,,,UNKNOWN
본체,번개장터,406407470,에어팟 프로 2 본체 8핀,45000,판매중,,https://media.bunjang.co.kr/product/406407470_1_1778219087_w{res}.jpg,https://m.bunjang.co.kr/products/406407470,2026-05-08 07:03,에어팟 프로 2 본체 8핀,애플,에어팟 프로,earphone,N,,SALE,,,,,UNKNOWN
본체,번개장터,406685401,[번장1등 컴퓨터 풀셋트 본체]한정수량 초특가 이벤트 판매 합니다,285000,판매중,,https://media.bunjang.co.kr/product/406685401_1_1778190837_w{res}.jpg,https://m.bunjang.co.kr/products/406685401,2026-05-08 06:53,[번장1등 컴퓨터 풀셋트 본체]한정수량 초특가 이벤트 합니다,,,desktop,N,,SALE,,,,,UNKNOWN
본체,번개장터,392398535,"9800x3d, 64g,4080s,  990pro 2t  화이트 본체",4400000,판매중,,https://media.bunjang.co.kr/product/392398535_1_1777682841_w{res}.jpg,https://m.bunjang.co.kr/products/392398535,2026-05-08 06:53,"9800x3d, 64g,4080s, 990pro 2t 화이트 본체",,,desktop,N,,SALE,,,,,UNKNOWN
본체,번개장터,390221781,Xbox One S 화이트 본체,110000,판매중,,https://media.bunjang.co.kr/product/390221781_1_1777768313_w{res}.jpg,https://m.bunjang.co.kr/products/390221781,2026-05-08 06:49,xbox one s 화이트 본체,,,desktop,N,,SALE,,,,,UNKNOWN
본체,번개장터,405652243,AMD 라이젠5 3600 게이밍 PC 본체,280000,판매중,,https://media.bunjang.co.kr/product/405652243_1_1778118286_w{res}.jpg,https://m.bunjang.co.kr/products/405652243,2026-05-08 06:48,amd 라이젠5 3600 게이밍 pc 본체,,,desktop,N,,SALE,RYZEN5 3600,,,,UNKNOWN
본체,번개장터,406685064,[번장1등 컴퓨터 풀셋트 본체]한정수량 초특가 이벤트 판매 합니다,285000,판매중,,https://media.bunjang.co.kr/product/406685064_1_1778190307_w{res}.jpg,https://m.bunjang.co.kr/products/406685064,2026-05-08 06:45,[번장1등 컴퓨터 풀셋트 본체]한정수량 초특가 이벤트 합니다,,,desktop,N,,SALE,,,,,UNKNOWN
본체,번개장터,400908098,굿스마일 미야코 본체만 판매합니다 (내용참고),30000,판매중,,https://media.bunjang.co.kr/product/400908098_1_1775902551_w{res}.jpg,https://m.bunjang.co.kr/products/400908098,2026-05-08 06:45,굿스마일 미야코 본체만 (내용참고),,,desktop,N,,SALE,,,,,UNKNOWN
본체,번개장터,406684591,번장 이벤트 사무용 주식 TM 카톡업무 컴퓨터 본체 최저가 판매!,150000,판매중,,https://media.bunjang.co.kr/product/406684591_1_1778189434_w{res}.jpg,https://m.bunjang.co.kr/products/406684591,2026-05-08 06:30,번장 이벤트 사무용 주식 tm 카톡업무 컴퓨터 본체 최저가 !,,,desktop,N,,SALE,,,,,UNKNOWN
본체,번개장터,340575818,닌텐도 Wii 위 본체만 국내정발,13000,판매중,,https://media.bunjang.co.kr/product/340575818_1_1778156225_w{res}.jpg,https://m.bunjang.co.kr/products/340575818,2026-05-08 06:20,닌텐도 wii 위 본체만 국내정발,,,desktop,N,,SALE,,,,,UNKNOWN
본체,번개장터,394774181,AMD pro 4350g  3 GTX1060 게이밍 PC 본체,420000,판매중,,https://media.bunjang.co.kr/product/394774181_1_1777982475_w{res}.jpg,https://m.bunjang.co.kr/products/394774181,2026-05-08 06:18,amd pro 4350g 3 gtx1060 게이밍 pc 본체,,,desktop,N,,SALE,,GTX1060,,,LOW
본체,번개장터,406684185,번장 이벤트 사무용 주식 TM 메신저업무 컴퓨터 본체 최저가 판매!,150000,판매중,,https://media.bunjang.co.kr/product/406684185_1_1778188605_w{res}.jpg,https://m.bunjang.co.kr/products/406684185,2026-05-08 06:16,번장 이벤트 사무용 주식 tm 메신저업무 컴퓨터 본체 최저가 !,,,desktop,N,,SALE,,,,,UNKNOWN
본체,번개장터,406683930,[번장특판 컴퓨터 이벤트]RTX 3060TI 모음 본체 최저가 한정수량,720000,판매중,,https://media.bunjang.co.kr/product/406683930_1_1778188032_w{res}.jpg,https://m.bunjang.co.kr/products/406683930,2026-05-08 06:07,[번장특판 컴퓨터 이벤트]rtx 3060ti 모음 본체 최저가 한정수량,,,desktop,N,,SALE,,RTX3060TI,,,MID
본체,번개장터,324006788,레트로게임용 XSTEEL 컴포넌트 to vga 본체만 팝니다,75000,판매중,,https://media.bunjang.co.kr/product/324006788_1_1742549696_w{res}.jpg,https://m.bunjang.co.kr/products/324006788,2026-05-08 06:04,레트로게임용 xsteel 컴포넌트 to vga 본체만,,,desktop,N,,SALE,,,,,UNKNOWN
본체,번개장터,406235874,닌텐도 스위치 본체 풀세트 + 악세사리,230000,판매중,,https://media.bunjang.co.kr/product/406235874_1_1778079527_w{res}.jpg,https://m.bunjang.co.kr/products/406235874,2026-05-08 05:58,닌텐도 스위치 본체 풀세트 + 악세사리,,,desktop,N,,SALE,,,,,UNKNOWN
본체,번개장터,406038208,Xbox 360 본체 블랙,100000,판매중,,https://media.bunjang.co.kr/product/406038208_1_1777938433_w{res}.jpg,https://m.bunjang.co.kr/products/406038208,2026-05-08 05:45,xbox 360 본체 블랙,,,desktop,N,,SALE,,,,,UNKNOWN
본체,번개장터,406035740,대우 X2 게임기 본체,300000,판매중,,https://media.bunjang.co.kr/product/406035740_1_1777936627_w{res}.jpg,https://m.bunjang.co.kr/products/406035740,2026-05-08 05:45,대우 x2 게임기 본체,,,desktop,N,,SALE,,,,,UNKNOWN
본체,번개장터,406683363,번장 이벤트 사무용 주식 TM 카톡업무 컴퓨터 본체 최저가 판매!,150000,판매중,,https://media.bunjang.co.kr/product/406683363_1_1778186629_w{res}.jpg,https://m.bunjang.co.kr/products/406683363,2026-05-08 05:43,번장 이벤트 사무용 주식 tm 카톡업무 컴퓨터 본체 최저가 !,,,desktop,N,,SALE,,,,,UNKNOWN
본체,번개장터,406683242,에어팟프로3 본체 정품 작동잘됨  총알배송,100000,판매중,,https://media.bunjang.co.kr/product/406683242_1_1778186246_w{res}.jpg,https://m.bunjang.co.kr/products/406683242,2026-05-08 05:37,에어팟프로3 본체 작동잘됨 총알배송,애플,에어팟 프로,earphone,N,,SALE,,,,,UNKNOWN
본체,번개장터,406683219,에어팟4세대 본체 노캔가능버전 작동잘됨  총알배송,60000,판매중,,https://media.bunjang.co.kr/product/406683219_1_1778186195_w{res}.jpg,https://m.bunjang.co.kr/products/406683219,2026-05-08 05:36,에어팟4세대 본체 노캔가능버전 작동잘됨 총알배송,애플,에어팟,earphone,N,,SALE,,,,,UNKNOWN
본체,번개장터,406683205,에어팟프로2 본체 8핀 정품 총알배송,50000,판매중,,https://media.bunjang.co.kr/product/406683205_1_1778186163_w{res}.jpg,https://m.bunjang.co.kr/products/406683205,2026-05-08 05:36,에어팟프로2 본체 8핀 총알배송,애플,에어팟 프로,earphone,N,,SALE,,,,,UNKNOWN
본체,번개장터,406682941,[번장특판 컴퓨터 이벤트]RTX 3060TI 모음 본체 최저가 한정수량,720000,판매중,,https://media.bunjang.co.kr/product/406682941_1_1778185226_w{res}.jpg,https://m.bunjang.co.kr/products/406682941,2026-05-08 05:20,[번장특판 컴퓨터 이벤트]rtx 3060ti 모음 본체 최저가 한정수량,,,desktop,N,,SALE,,RTX3060TI,,,MID
본체,번개장터,406682932,[번장특판 컴퓨터 이벤트]RTX 3060TI 모음 본체 최저가 한정수량,720000,판매중,,https://media.bunjang.co.kr/product/406682932_1_1778185204_w{res}.jpg,https://m.bunjang.co.kr/products/406682932,2026-05-08 05:20,[번장특판 컴퓨터 이벤트]rtx 3060ti 모음 본체 최저가 한정수량,,,desktop,N,,SALE,,RTX3060TI,,,MID
본체,번개장터,406682506,안전결제가능 i7/ gtx1050 본체 게이밍 데스크탑 컴퓨터 pc,169000,판매중,,https://media.bunjang.co.kr/product/406682506_1_1778184076_w{res}.jpg,https://m.bunjang.co.kr/products/406682506,2026-05-08 05:01,안전결제가능 i7/ gtx1050 본체 게이밍 데스크탑 컴퓨터 pc,,,desktop,N,,SALE,,GTX1050,,,UNKNOWN
본체,번개장터,406682493,안전결제가능 i5/램12g/gtx960 본체 게이밍 데스크탑 컴퓨터,145000,판매중,,https://media.bunjang.co.kr/product/406682493_1_1778184061_w{res}.jpg,https://m.bunjang.co.kr/products/406682493,2026-05-08 05:01,안전결제가능 i5/램12g/gtx960 본체 게이밍 데스크탑 컴퓨터,,,desktop,N,,SALE,,,,,UNKNOWN
본체,번개장터,406682297,[번장1등 컴퓨터 풀셋트 본체]한정수량 초특가 이벤트 판매 합니다,285000,판매중,,https://media.bunjang.co.kr/product/406682297_1_1778183823_w{res}.jpg,https://m.bunjang.co.kr/products/406682297,2026-05-08 04:57,[번장1등 컴퓨터 풀셋트 본체]한정수량 초특가 이벤트 합니다,,,desktop,N,,SALE,,,,,UNKNOWN
본체,번개장터,406681980,[번장1등 컴퓨터 풀셋트 본체]한정수량 초특가 이벤트 판매 합니다,285000,판매중,,https://media.bunjang.co.kr/product/406681980_1_1778183502_w{res}.jpg,https://m.bunjang.co.kr/products/406681980,2026-05-08 04:51,[번장1등 컴퓨터 풀셋트 본체]한정수량 초특가 이벤트 합니다,,,desktop,N,,SALE,,,,,UNKNOWN
본체,번개장터,406466466,컴퓨터 본체,350000,판매중,,https://media.bunjang.co.kr/product/406466466_1_1778116311_w{res}.jpg,https://m.bunjang.co.kr/products/406466466,2026-05-08 04:50,컴퓨터 본체,,,desktop,N,,SALE,,,,,UNKNOWN
본체,번개장터,406681025,컴퓨터 반본체 9700x 32gb 1T,1100000,판매중,,https://media.bunjang.co.kr/product/406681025_1_1778182553_w{res}.jpg,https://m.bunjang.co.kr/products/406681025,2026-05-08 04:35,컴퓨터 반본체 9700x 32gb 1t,,,desktop,N,32.0,SALE,,,,,UNKNOWN
본체,번개장터,406680878,[번장1등 컴퓨터 풀셋트 본체]한정수량 초특가 이벤트 판매 합니다,285000,판매중,,https://media.bunjang.co.kr/product/406680878_1_1778182421_w{res}.jpg,https://m.bunjang.co.kr/products/406680878,2026-05-08 04:33,[번장1등 컴퓨터 풀셋트 본체]한정수량 초특가 이벤트 합니다,,,desktop,N,,SALE,,,,,UNKNOWN
본체,번개장터,406109107,다이슨v7청소기.본체.밧데리.틈새흡입봉,65000,판매중,,https://media.bunjang.co.kr/product/406109107_1_1778220323_w{res}.jpg,https://m.bunjang.co.kr/products/406109107,2026-05-08 04:31,다이슨v7청소기.본체.밧데리.틈새흡입봉,,,desktop,N,,SALE,,,,,UNKNOWN
본체,번개장터,406490798,다이슨청소기v8본체.밧데리.충전기,99000,판매중,,https://media.bunjang.co.kr/product/406490798_1_1778220416_w{res}.jpg,https://m.bunjang.co.kr/products/406490798,2026-05-08 04:31,다이슨청소기v8본체.밧데리.충전기,,,CHARGER,Y,,SALE,,,,,UNKNOWN
본체,번개장터,395763838,에어팟4 노캔 본체,62000,판매중,,https://media.bunjang.co.kr/product/395763838_1_1774539023_w{res}.jpg,https://m.bunjang.co.kr/products/395763838,2026-05-08 04:30,에어팟4 노캔 본체,애플,에어팟,earphone,N,,SALE,,,,,UNKNOWN
본체,번개장터,406680222,번장 이벤트 사무용 주식 TM 메신저업무 컴퓨터 본체 최저가 판매!,150000,판매중,,https://media.bunjang.co.kr/product/406680222_1_1778181800_w{res}.jpg,https://m.bunjang.co.kr/products/406680222,2026-05-08 04:23,번장 이벤트 사무용 주식 tm 메신저업무 컴퓨터 본체 최저가 !,,,desktop,N,,SALE,,,,,UNKNOWN
본체,번개장터,406679257,번장 이벤트 사무용 주식 TM 카톡업무 컴퓨터 본체 최저가 판매!,150000,판매중,,https://media.bunjang.co.kr/product/406679257_1_1778181018_w{res}.jpg,https://m.bunjang.co.kr/products/406679257,2026-05-08 04:10,번장 이벤트 사무용 주식 tm 카톡업무 컴퓨터 본체 최저가 !,,,desktop,N,,SALE,,,,,UNKNOWN
본체,번개장터,406200254,본체 모니터기 포함 팝니다.,130000,판매중,,https://media.bunjang.co.kr/product/406200254_1_1777986908_w{res}.jpg,https://m.bunjang.co.kr/products/406200254,2026-05-08 04:06,본체 모니터기 포함 .,,,desktop,N,,SALE,,,,,UNKNOWN
본체,번개장터,405232059,게이밍pc본체 i5-10400F RTX 2070 ram 16g 판매합니다,700000,판매중,,https://media.bunjang.co.kr/product/405232059_1_1778002030_w{res}.jpg,https://m.bunjang.co.kr/products/405232059,2026-05-08 04:01,게이밍pc본체 i5-10400f rtx 2070 ram 16g,,,desktop,N,,SALE,I5-10400F,RTX2070,,,MID
본체,번개장터,406677182,[번장특판 컴퓨터 이벤트]RTX 3060TI 모음 본체 최저가 한정수량,720000,판매중,,https://media.bunjang.co.kr/product/406677182_1_1778179615_w{res}.jpg,https://m.bunjang.co.kr/products/406677182,2026-05-08 03:46,[번장특판 컴퓨터 이벤트]rtx 3060ti 모음 본체 최저가 한정수량,,,desktop,N,,SALE,,RTX3060TI,,,MID
본체,번개장터,406675243,[번장특판 컴퓨터 이벤트]RTX 3060TI 모음 본체 최저가 한정수량,720000,판매중,,https://media.bunjang.co.kr/product/406675243_1_1778178398_w{res}.jpg,https://m.bunjang.co.kr/products/406675243,2026-05-08 03:26,[번장특판 컴퓨터 이벤트]rtx 3060ti 모음 본체 최저가 한정수량,,,desktop,N,,SALE,,RTX3060TI,,,MID
본체,번개장터,394751178,번개장터에 본체로다가 판매합니다,50000,판매중,,https://media.bunjang.co.kr/product/394751178_1_1773307821_w{res}.jpg,https://m.bunjang.co.kr/products/394751178,2026-05-08 03:24,번개장터에 본체로다가,,,desktop,N,,SALE,,,,,UNKNOWN
본체,번개장터,406674978,번장 이벤트 사무용 주식 TM 카톡업무 컴퓨터 본체 최저가 판매!,150000,판매중,,https://media.bunjang.co.kr/product/406674978_1_1778178212_w{res}.jpg,https://m.bunjang.co.kr/products/406674978,2026-05-08 03:23,번장 이벤트 사무용 주식 tm 카톡업무 컴퓨터 본체 최저가 !,,,desktop,N,,SALE,,,,,UNKNOWN
본체,번개장터,406673173,안전결제환영 i7/gtx970 본체 게이밍 데스크탑 컴퓨터,167000,판매중,,https://media.bunjang.co.kr/product/406673173_1_1778176856_w{res}.jpg,https://m.bunjang.co.kr/products/406673173,2026-05-08 03:00,안전결제환영 i7/gtx970 본체 게이밍 데스크탑 컴퓨터,,,desktop,N,,SALE,,,,,UNKNOWN
본체,번개장터,406673142,안전결제가능 i7/램12g/gtx970 본체 게이밍 데스크탑 컴퓨터,195000,판매중,,https://media.bunjang.co.kr/product/406673142_1_1778176841_w{res}.jpg,https://m.bunjang.co.kr/products/406673142,2026-05-08 03:00,안전결제가능 i7/램12g/gtx970 본체 게이밍 데스크탑 컴퓨터,,,desktop,N,,SALE,,,,,UNKNOWN
본체,번개장터,406673123,안전결제가능 i5/램12g/gtx960 본체 게이밍 데스크탑 컴퓨터,145000,판매중,,https://media.bunjang.co.kr/product/406673123_1_1778176827_w{res}.jpg,https://m.bunjang.co.kr/products/406673123,2026-05-08 03:00,안전결제가능 i5/램12g/gtx960 본체 게이밍 데스크탑 컴퓨터,,,desktop,N,,SALE,,,,,UNKNOWN
본체,번개장터,406673089,[번장특판 컴퓨터 이벤트]RTX 3060TI 모음 본체 최저가 한정수량,720000,판매중,,https://media.bunjang.co.kr/product/406673089_1_1778176809_w{res}.jpg,https://m.bunjang.co.kr/products/406673089,2026-05-08 03:00,[번장특판 컴퓨터 이벤트]rtx 3060ti 모음 본체 최저가 한정수량,,,desktop,N,,SALE,,RTX3060TI,,,MID
본체,번개장터,406672918,[번장1등 컴퓨터 풀셋트 본체]한정수량 초특가 이벤트 판매 합니다,285000,판매중,,https://media.bunjang.co.kr/product/406672918_1_1778176696_w{res}.jpg,https://m.bunjang.co.kr/products/406672918,2026-05-08 02:58,[번장1등 컴퓨터 풀셋트 본체]한정수량 초특가 이벤트 합니다,,,desktop,N,,SALE,,,,,UNKNOWN
본체,번개장터,406670680,[번장1등 컴퓨터 풀셋트 본체]한정수량 초특가 이벤트 판매 합니다,285000,판매중,,https://media.bunjang.co.kr/product/406670680_1_1778175407_w{res}.jpg,https://m.bunjang.co.kr/products/406670680,2026-05-08 02:36,[번장1등 컴퓨터 풀셋트 본체]한정수량 초특가 이벤트 합니다,,,desktop,N,,SALE,,,,,UNKNOWN
본체,번개장터,406419206,9800x3d 5070 고사양본체 벤큐 2546x 닌젓소 아티산 아레나,3100000,판매중,,https://media.bunjang.co.kr/product/406419206_1_1778175143_w{res}.jpg,https://m.bunjang.co.kr/products/406419206,2026-05-08 02:32,9800x3d 5070 고사양본체 벤큐 2546x 닌젓소 아티산 아레나,,,desktop,N,,SALE,,,,,UNKNOWN
본체,번개장터,406413758,9800x3d 5070oc ddr5 32gb 수냉쿨러 고사양 게이밍본체,2450000,판매중,,https://media.bunjang.co.kr/product/406413758_1_1778175124_w{res}.jpg,https://m.bunjang.co.kr/products/406413758,2026-05-08 02:32,9800x3d 5070oc ddr5 32gb 수냉쿨러 고사양 게이밍본체,,,PARTS,Y,32.0,SALE,,,,,UNKNOWN
본체,번개장터,406669989,번장 이벤트 사무용 주식 TM 메신저업무 컴퓨터 본체 최저가 판매!,150000,판매중,,https://media.bunjang.co.kr/product/406669989_1_1778174994_w{res}.jpg,https://m.bunjang.co.kr/products/406669989,2026-05-08 02:29,번장 이벤트 사무용 주식 tm 메신저업무 컴퓨터 본체 최저가 !,,,desktop,N,,SALE,,,,,UNKNOWN
본체,번개장터,406669315,안전결제가능 i7/ gtx970 게이밍 데스크탑 컴퓨터 pc 본체,177000,판매중,,https://media.bunjang.co.kr/product/406669315_1_1778174571_w{res}.jpg,https://m.bunjang.co.kr/products/406669315,2026-05-08 02:22,안전결제가능 i7/ gtx970 게이밍 데스크탑 컴퓨터 pc 본체,,,desktop,N,,SALE,,,,,UNKNOWN
본체,번개장터,406669265,안전결제가능 i7/ gtx1050 본체 게이밍 데스크탑 컴퓨터 pc,189000,판매중,,https://media.bunjang.co.kr/product/406669265_1_1778174543_w{res}.jpg,https://m.bunjang.co.kr/products/406669265,2026-05-08 02:22,안전결제가능 i7/ gtx1050 본체 게이밍 데스크탑 컴퓨터 pc,,,desktop,N,,SALE,,GTX1050,,,UNKNOWN
본체,번개장터,406669247,안전결제가능 i7/ gtx1050 본체 게이밍 데스크탑 컴퓨터 pc,169000,판매중,,https://media.bunjang.co.kr/product/406669247_1_1778174525_w{res}.jpg,https://m.bunjang.co.kr/products/406669247,2026-05-08 02:22,안전결제가능 i7/ gtx1050 본체 게이밍 데스크탑 컴퓨터 pc,,,desktop,N,,SALE,,GTX1050,,,UNKNOWN
본체,번개장터,406668942,에어팟 프로 1 본체만,27000,판매중,,https://media.bunjang.co.kr/product/406668942_1_1778175311_w{res}.jpg,https://m.bunjang.co.kr/products/406668942,2026-05-08 02:19,에어팟 프로 1 본체만,애플,에어팟 프로,earphone,N,,SALE,,,,,UNKNOWN
본체,번개장터,406668298,[번장1등 컴퓨터 풀셋트 본체]한정수량 초특가 이벤트 판매 합니다,285000,판매중,,https://media.bunjang.co.kr/product/406668298_1_1778174004_w{res}.jpg,https://m.bunjang.co.kr/products/406668298,2026-05-08 02:13,[번장1등 컴퓨터 풀셋트 본체]한정수량 초특가 이벤트 합니다,,,desktop,N,,SALE,,,,,UNKNOWN
본체,번개장터,406667336,사무용 12세대 미니 itx 본체,500000,판매중,,https://media.bunjang.co.kr/product/406667336_1_1778173537_w{res}.jpg,https://m.bunjang.co.kr/products/406667336,2026-05-08 02:05,사무용 12세대 미니 itx 본체,,,desktop,N,,SALE,,,,,UNKNOWN
본체,번개장터,406666617,에어팟 프로 1 본체+오른쪽,33000,판매중,,https://media.bunjang.co.kr/product/406666617_1_1778174247_w{res}.jpg,https://m.bunjang.co.kr/products/406666617,2026-05-08 01:59,에어팟 프로 1 본체+오른쪽,애플,에어팟 프로,earphone,N,,SALE,,,,,UNKNOWN
본체,번개장터,406665433,번장 이벤트 사무용 주식 TM 카톡업무 컴퓨터 본체 최저가 판매!,150000,판매중,,https://media.bunjang.co.kr/product/406665433_1_1778172601_w{res}.jpg,https://m.bunjang.co.kr/products/406665433,2026-05-08 01:50,번장 이벤트 사무용 주식 tm 카톡업무 컴퓨터 본체 최저가 !,,,desktop,N,,SALE,,,,,UNKNOWN
본체,번개장터,307418325,마끼다 18V 충전실타카 DPT353Z 본체 타카총 충전타카 새상품,420000,판매중,,https://media.bunjang.co.kr/product/307418325_1_1768045832_w{res}.jpg,https://m.bunjang.co.kr/products/307418325,2026-05-08 01:46,마끼다 18v 충전실타카 dpt353z 본체 타카총 충전타카,,,desktop,N,,SALE,,,,,UNKNOWN
본체,번개장터,406664925,닌텐도 스위치 본체 + 링피트 + 게임 6종,400000,판매중,,https://media.bunjang.co.kr/product/406664925_1_1778216505_w{res}.jpg,https://m.bunjang.co.kr/products/406664925,2026-05-08 01:45,닌텐도 스위치 본체 + 링피트 + 게임 6종,,,desktop,N,,SALE,,,,,UNKNOWN
본체,번개장터,406664392,안전결제가능 i7/ gtx1050 본체 게이밍 데스크탑 컴퓨터 pc,169000,판매중,,https://media.bunjang.co.kr/product/406664392_1_1778172064_w{res}.jpg,https://m.bunjang.co.kr/products/406664392,2026-05-08 01:41,안전결제가능 i7/ gtx1050 본체 게이밍 데스크탑 컴퓨터 pc,,,desktop,N,,SALE,,GTX1050,,,UNKNOWN
본체,번개장터,406664359,안전결제환영 i7/gtx970 본체 게이밍 데스크탑 컴퓨터,167000,판매중,,https://media.bunjang.co.kr/product/406664359_1_1778172046_w{res}.jpg,https://m.bunjang.co.kr/products/406664359,2026-05-08 01:40,안전결제환영 i7/gtx970 본체 게이밍 데스크탑 컴퓨터,,,desktop,N,,SALE,,,,,UNKNOWN
본체,번개장터,406664321,안전결제가능 i5/램12g/gtx960 본체 게이밍 데스크탑 컴퓨터,145000,판매중,,https://media.bunjang.co.kr/product/406664321_1_1778172030_w{res}.jpg,https://m.bunjang.co.kr/products/406664321,2026-05-08 01:40,안전결제가능 i5/램12g/gtx960 본체 게이밍 데스크탑 컴퓨터,,,desktop,N,,SALE,,,,,UNKNOWN
본체,번개장터,406663375,[번장특판 컴퓨터 이벤트]RTX 3060TI 모음 본체 최저가 한정수량,720000,판매중,,https://media.bunjang.co.kr/product/406663375_1_1778171592_w{res}.jpg,https://m.bunjang.co.kr/products/406663375,2026-05-08 01:33,[번장특판 컴퓨터 이벤트]rtx 3060ti 모음 본체 최저가 한정수량,,,desktop,N,,SALE,,RTX3060TI,,,MID
본체,번개장터,406663157,플레이스테이션3 본체 구합니다,70000,판매중,,https://media.bunjang.co.kr/product/406663157_1_1778171498_w{res}.jpg,https://m.bunjang.co.kr/products/406663157,2026-05-08 01:31,플레이스테이션3 본체 구합니다,,,desktop,N,,SALE,,,,,UNKNOWN
본체,번개장터,397552152,삼성 버즈2 본체 충전기 단품 (미사용),45000,판매중,,https://media.bunjang.co.kr/product/397552152_1_1774967760_w{res}.jpg,https://m.bunjang.co.kr/products/397552152,2026-05-08 01:31,삼성 버즈2 본체 충전기 단품 (미사용),,,CHARGER,Y,,SALE,,,,,UNKNOWN
본체,번개장터,404724698,슈퍼 메카닉스 은하철도999 기차 본체만,37000,판매중,,https://media.bunjang.co.kr/product/404724698_1_1777532707_w{res}.jpg,https://m.bunjang.co.kr/products/404724698,2026-05-08 01:27,슈퍼 메카닉스 은하철도999 기차 본체만,,,desktop,N,,SALE,,,,,UNKNOWN
본체,번개장터,406662536,[번장특판 컴퓨터 이벤트]RTX 3060TI 모음 본체 최저가 한정수량,720000,판매중,,https://media.bunjang.co.kr/product/406662536_1_1778171199_w{res}.jpg,https://m.bunjang.co.kr/products/406662536,2026-05-08 01:26,[번장특판 컴퓨터 이벤트]rtx 3060ti 모음 본체 최저가 한정수량,,,desktop,N,,SALE,,RTX3060TI,,,MID
본체,번개장터,401369419,닌텐도 스위치 18년2월 이전 구형 기기 본체 단품 닌텐도스위치 스위치1,125000,판매중,,https://media.bunjang.co.kr/product/401369419_1_1777660768_w{res}.jpg,https://m.bunjang.co.kr/products/401369419,2026-05-08 01:20,닌텐도 스위치 18년2월 이전 구형 기기 본체 단품 닌텐도스위치 스위치1,,,desktop,N,,SALE,,,,,UNKNOWN
본체,번개장터,405526617,라이젠 5800x 32기가램 그래픽카드 제외 저소음 본체,750000,판매중,,https://media.bunjang.co.kr/product/405526617_1_1778176676_w{res}.jpg,https://m.bunjang.co.kr/products/405526617,2026-05-08 01:19,라이젠 5800x 32기가램 그래픽카드 제외 저소음 본체,,,desktop,N,32.0,SALE,RYZEN 5800X,,32.0,,UNKNOWN
본체,번개장터,339987629,마끼다 40V 충전공기주입기 MP001GZ 본체 3단주입모드 튜브바람,160000,판매중,,https://media.bunjang.co.kr/product/339987629_1_1762697582_w{res}.jpg,https://m.bunjang.co.kr/products/339987629,2026-05-08 01:18,마끼다 40v 충전공기주입기 mp001gz 본체 3단주입모드 튜브바람,,,desktop,N,,SALE,,,,,UNKNOWN
본체,번개장터,337586464,마끼다 18V 충전청소기 DCL280FZW 본체 BL모터 새상품 정품,120000,판매중,,https://media.bunjang.co.kr/product/337586464_1_1776841021_w{res}.jpg,https://m.bunjang.co.kr/products/337586464,2026-05-08 01:18,마끼다 18v 충전청소기 dcl280fzw 본체 bl모터,,,desktop,N,,SALE,,,,,UNKNOWN
본체,번개장터,286281918,마끼다 충전코너드릴 DDA460ZK 본체 케이스포함 새상품,400000,판매중,,https://media.bunjang.co.kr/product/286281918_1_1748529656_w{res}.jpg,https://m.bunjang.co.kr/products/286281918,2026-05-08 01:18,마끼다 충전코너드릴 dda460zk 본체 케이스포함,,,CASE,Y,,SALE,,,,,UNKNOWN
본체,번개장터,328087000,마끼다 충전송풍기 UB001GZ 본체 40V 브로워 흡입기능 새상품,230000,판매중,,https://media.bunjang.co.kr/product/328087000_1_1763478199_w{res}.jpg,https://m.bunjang.co.kr/products/328087000,2026-05-08 01:17,마끼다 충전송풍기 ub001gz 본체 40v 브로워 흡입기능,,,desktop,N,,SALE,,,,,UNKNOWN
본체,번개장터,313675448,마끼다 충전 스피커랜턴 DMR057 본체 캠핑낚시후레시 새상품,170000,판매중,,https://media.bunjang.co.kr/product/313675448_1_1763478315_w{res}.jpg,https://m.bunjang.co.kr/products/313675448,2026-05-08 01:17,마끼다 충전 스피커랜턴 dmr057 본체 캠핑낚시후레시,,,desktop,N,,SALE,,,,,UNKNOWN
본체,번개장터,406661303,(새제품)버즈3프로 실버 본체(충전케이스) 단품/낱개/정품,94900,판매중,,https://media.bunjang.co.kr/product/406661303_1_1778170595_w{res}.jpg,https://m.bunjang.co.kr/products/406661303,2026-05-08 01:16,(새제품)버즈3프로 실버 본체(충전케이스) 단품/낱개/,,,CASE,Y,,SALE,,,,,UNKNOWN
본체,번개장터,406660542,에어팟 3세대 본체만 (A2566),35000,판매중,,https://media.bunjang.co.kr/product/406660542_1_1778170243_w{res}.jpg,https://m.bunjang.co.kr/products/406660542,2026-05-08 01:10,에어팟 3세대 본체만 (a2566),애플,에어팟 3세대,earphone,N,,SALE,,,,,UNKNOWN
본체,번개장터,406659819,[번장1등 컴퓨터 풀셋트 본체]한정수량 초특가 이벤트 판매 합니다,285000,판매중,,https://media.bunjang.co.kr/product/406659819_1_1778169890_w{res}.jpg,https://m.bunjang.co.kr/products/406659819,2026-05-08 01:04,[번장1등 컴퓨터 풀셋트 본체]한정수량 초특가 이벤트 합니다,,,desktop,N,,SALE,,,,,UNKNOWN
본체,번개장터,406659602,번장 이벤트 사무용 주식 TM 카톡업무 컴퓨터 본체 최저가 판매!,150000,판매중,,https://media.bunjang.co.kr/product/406659602_1_1778169796_w{res}.jpg,https://m.bunjang.co.kr/products/406659602,2026-05-08 01:03,번장 이벤트 사무용 주식 tm 카톡업무 컴퓨터 본체 최저가 !,,,desktop,N,,SALE,,,,,UNKNOWN
본체,번개장터,406659097,버즈3 본체만 (화이트),50000,판매중,,https://media.bunjang.co.kr/product/406659097_1_1778169556_w{res}.jpg,https://m.bunjang.co.kr/products/406659097,2026-05-08 01:02,버즈3 본체만 (화이트),,,desktop,N,,SALE,,,,,UNKNOWN
본체,번개장터,403786606,"에어팟 프로2 본체만 (8핀, A2700)",45000,판매중,,https://media.bunjang.co.kr/product/403786606_1_1777050392_w{res}.jpg,https://m.bunjang.co.kr/products/403786606,2026-05-08 01:02,"에어팟 프로2 본체만 (8핀, a2700)",애플,에어팟 프로,earphone,N,,SALE,,,,,UNKNOWN
본체,번개장터,385737875,버즈3 프로 본체 (화이트),70000,판매중,,https://media.bunjang.co.kr/product/385737875_1_1777733428_w{res}.jpg,https://m.bunjang.co.kr/products/385737875,2026-05-08 01:02,버즈3 프로 본체 (화이트),,,desktop,N,,SALE,,,,,UNKNOWN
본체,번개장터,372627013,"에어팟 4세대 본체 (노캔, 맥세이프, A3059)",60000,판매중,,https://media.bunjang.co.kr/product/372627013_1_1777733457_w{res}.jpg,https://m.bunjang.co.kr/products/372627013,2026-05-08 01:02,"에어팟 4세대 본체 (노캔, 맥세이프, a3059)",애플,에어팟,ACCESSORY,Y,,SALE,,,,,UNKNOWN
본체,번개장터,406659407,에어팟 프로1 본체만 (A2190),30000,판매중,,https://media.bunjang.co.kr/product/406659407_1_1778170179_w{res}.jpg,https://m.bunjang.co.kr/products/406659407,2026-05-08 01:01,에어팟 프로1 본체만 (a2190),애플,에어팟 프로,earphone,N,,SALE,,,,,UNKNOWN
본체,번개장터,406659324,(새제품)버즈3FE 블랙 본체(충전케이스) 단품/낱개/삼성정품,49900,판매중,,https://media.bunjang.co.kr/product/406659324_1_1778169667_w{res}.jpg,https://m.bunjang.co.kr/products/406659324,2026-05-08 01:01,(새제품)버즈3fe 블랙 본체(충전케이스) 단품/낱개/삼성,,,CASE,Y,,SALE,,,,,UNKNOWN
본체,번개장터,406659318,버즈 FE 본체만 (그라파이트),25000,판매중,,https://media.bunjang.co.kr/product/406659318_1_1778169664_w{res}.jpg,https://m.bunjang.co.kr/products/406659318,2026-05-08 01:01,버즈 fe 본체만 (그라파이트),,,desktop,N,,SALE,,,,,UNKNOWN
본체,번개장터,406659296,265KF RTX5060 수냉 완본체 및 모니터 키보드 세트,1700000,판매중,,https://media.bunjang.co.kr/product/406659296_1_1778169807_w{res}.jpg,https://m.bunjang.co.kr/products/406659296,2026-05-08 01:00,265kf rtx5060 수냉 완본체 및 모니터 키보드 세트,,,desktop,N,,SALE,,RTX5060,,,UNKNOWN
본체,번개장터,406659238,"에어팟 4세대 본체만 (노캔X, A3058)",50000,판매중,,https://media.bunjang.co.kr/product/406659238_1_1778169722_w{res}.jpg,https://m.bunjang.co.kr/products/406659238,2026-05-08 01:00,"에어팟 4세대 본체만 (노캔x, a3058)",애플,에어팟,earphone,N,,SALE,,,,,UNKNOWN
본체,번개장터,260352496,삼성버즈2 본체충전기,55000,판매중,,https://media.bunjang.co.kr/product/260352496_1_1713253729_w{res}.jpg,https://m.bunjang.co.kr/products/260352496,2026-05-08 00:59,삼성버즈2 본체충전기,,,CHARGER,Y,,SALE,,,,,UNKNOWN
본체,번개장터,394968549,구체관절인형 치카비 페코 본체 판매합니다!,150000,판매중,,https://media.bunjang.co.kr/product/394968549_1_1775844350_w{res}.jpg,https://m.bunjang.co.kr/products/394968549,2026-05-08 00:56,구체관절인형 치카비 페코 본체 !,,,desktop,N,,SALE,,,,,UNKNOWN
본체,번개장터,406658688,PS비타 블랙 본체 + 충전기 + 메모리카드,180000,판매중,,https://media.bunjang.co.kr/product/406658688_1_1778170638_w{res}.jpg,https://m.bunjang.co.kr/products/406658688,2026-05-08 00:56,ps비타 블랙 본체 + 충전기 + 메모리카드,,,CHARGER,Y,,SALE,,,,,UNKNOWN
본체,번개장터,339666238,비모토 v8s 본체 팝니다,40000,판매중,,https://media.bunjang.co.kr/product/339666238_1_1750051820_w{res}.jpg,https://m.bunjang.co.kr/products/339666238,2026-05-08 00:49,비모토 v8s 본체,,,desktop,N,,SALE,,,,,UNKNOWN
본체,번개장터,406657296,(새제품)버즈3FE 그레이 본체(충전케이스) 단품/낱개/정품,49900,판매중,,https://media.bunjang.co.kr/product/406657296_1_1778168802_w{res}.jpg,https://m.bunjang.co.kr/products/406657296,2026-05-08 00:46,(새제품)버즈3fe 그레이 본체(충전케이스) 단품/낱개/,,,CASE,Y,,SALE,,,,,UNKNOWN
본체,번개장터,406599946,PS5 디스크 에디션 본체 + 페르소나3 리로드,500000,판매중,,https://media.bunjang.co.kr/product/406599946_1_1778153618_w{res}.jpg,https://m.bunjang.co.kr/products/406599946,2026-05-08 00:42,ps5 디스크 에디션 본체 + 페르소나3 리로드,,,desktop,N,,SALE,,,,,UNKNOWN
본체,번개장터,406656310,[번장특판 컴퓨터 이벤트]RTX 3060TI 모음 본체 최저가 한정수량,720000,판매중,,https://media.bunjang.co.kr/product/406656310_1_1778168393_w{res}.jpg,https://m.bunjang.co.kr/products/406656310,2026-05-08 00:39,[번장특판 컴퓨터 이벤트]rtx 3060ti 모음 본체 최저가 한정수량,,,desktop,N,,SALE,,RTX3060TI,,,MID
본체,번개장터,406655953,(4월 구매 새상품급)에어팟 프로 3 본체,90000,판매중,,https://media.bunjang.co.kr/product/406655953_1_1778225388_w{res}.jpg,https://m.bunjang.co.kr/products/406655953,2026-05-08 00:37,(4월 구매 급)에어팟 프로 3 본체,애플,에어팟 프로,earphone,N,,SALE,,,,,UNKNOWN
본체,번개장터,406655855,번장 이벤트 사무용 주식 TM 메신저업무 컴퓨터 본체 최저가 판매!,150000,판매중,,https://media.bunjang.co.kr/product/406655855_1_1778168189_w{res}.jpg,https://m.bunjang.co.kr/products/406655855,2026-05-08 00:36,번장 이벤트 사무용 주식 tm 메신저업무 컴퓨터 본체 최저가 !,,,desktop,N,,SALE,,,,,UNKNOWN
본체,번개장터,404461091,"I7-14700K , RTX4080 본체 정리합니다",2750000,판매중,,https://media.bunjang.co.kr/product/404461091_1_1777936852_w{res}.jpg,https://m.bunjang.co.kr/products/404461091,2026-05-08 00:35,"i7-14700k , rtx4080 본체 정리합니다",,,desktop,N,,SALE,I7-14700K,RTX4080,,,HIGH
본체,번개장터,405721424,"닌텐도 DSi 화이트 본체 풀박스, 본체케이스, ds칩 케이스",185000,판매중,,https://media.bunjang.co.kr/product/405721424_1_1778168033_w{res}.jpg,https://m.bunjang.co.kr/products/405721424,2026-05-08 00:33,"닌텐도 dsi 화이트 본체 스, 본체케이스, ds칩 케이스",,,CASE,Y,,SALE,,,,,UNKNOWN
본체,번개장터,406655381,GTX 게임용 중고컴퓨터 조립식 컴퓨터본체 게이밍,190000,판매중,,https://media.bunjang.co.kr/product/406655381_1_1778167966_w{res}.jpg,https://m.bunjang.co.kr/products/406655381,2026-05-08 00:32,gtx 게임용 중고컴퓨터 조립식 컴퓨터본체 게이밍,,,desktop,N,,SALE,,,,,UNKNOWN
본체,번개장터,406654954,가성비 중고컴퓨터 본체 조립식 게이밍 게임용컴퓨터 가격 추천,190000,판매중,,https://media.bunjang.co.kr/product/406654954_1_1778167774_w{res}.jpg,https://m.bunjang.co.kr/products/406654954,2026-05-08 00:29,가성비 중고컴퓨터 본체 조립식 게이밍 게임용컴퓨터 가격 추천,,,desktop,N,,SALE,,,,,UNKNOWN
본체,번개장터,406654791,GTX 게임용 중고컴퓨터 조립식 컴퓨터본체 게이밍,190000,판매중,,https://media.bunjang.co.kr/product/406654791_1_1778167705_w{res}.jpg,https://m.bunjang.co.kr/products/406654791,2026-05-08 00:28,gtx 게임용 중고컴퓨터 조립식 컴퓨터본체 게이밍,,,desktop,N,,SALE,,,,,UNKNOWN
본체,번개장터,406654088,에어팟 본체,65000,판매중,,https://media.bunjang.co.kr/product/406654088_1_1778167607_w{res}.jpg,https://m.bunjang.co.kr/products/406654088,2026-05-08 00:23,에어팟 본체,애플,에어팟,earphone,N,,SALE,,,,,UNKNOWN
본체,번개장터,406653574,무한돌 usd 본체,139000,판매중,,https://media.bunjang.co.kr/product/406653574_1_1778167182_w{res}.jpg,https://m.bunjang.co.kr/products/406653574,2026-05-08 00:19,무한돌 usd 본체,,,desktop,N,,SALE,,,,,UNKNOWN
본체,번개장터,406653122,에어팟 프로2 8핀 라이트닝 본체 충전케이스 단품/중고,49900,판매중,,https://media.bunjang.co.kr/product/406653122_1_1778166997_w{res}.jpg,https://m.bunjang.co.kr/products/406653122,2026-05-08 00:16,에어팟 프로2 8핀 라이트닝 본체 충전케이스 단품/중고,애플,에어팟 프로,CASE,Y,,SALE,,,,,UNKNOWN
본체,번개장터,406653113,[번장1등 컴퓨터 풀셋트 본체]한정수량 초특가 이벤트 판매 합니다,285000,판매중,,https://media.bunjang.co.kr/product/406653113_1_1778166991_w{res}.jpg,https://m.bunjang.co.kr/products/406653113,2026-05-08 00:16,[번장1등 컴퓨터 풀셋트 본체]한정수량 초특가 이벤트 합니다,,,desktop,N,,SALE,,,,,UNKNOWN
본체,번개장터,176760435,인텔 i5-6500/1050TI/16G/256G 신품 케이스 컴퓨터,300000,판매중,,https://media.bunjang.co.kr/product/176760435_1_1777985404_w{res}.jpg,https://m.bunjang.co.kr/products/176760435,2026-05-08 00:16,인텔 i5-6500/1050ti/16g/256g 신품 케이스 컴퓨터,,,CASE,Y,,SALE,I5-6500,,,,UNKNOWN
본체,번개장터,405045275,에어팟프로2 C타입 본체,73000,판매중,,https://media.bunjang.co.kr/product/405045275_1_1777560700_w{res}.jpg,https://m.bunjang.co.kr/products/405045275,2026-05-08 00:13,에어팟프로2 c타입 본체,애플,에어팟 프로,earphone,N,,SALE,,,,,UNKNOWN
본체,번개장터,399670420,에어팟프로2 8핀 본체,67000,판매중,,https://media.bunjang.co.kr/product/399670420_1_1775386665_w{res}.jpg,https://m.bunjang.co.kr/products/399670420,2026-05-08 00:13,에어팟프로2 8핀 본체,애플,에어팟 프로,earphone,N,,SALE,,,,,UNKNOWN
본체,번개장터,399670241,에어팟프로2 C타입 S급 본체,73000,판매중,,https://media.bunjang.co.kr/product/399670241_1_1775386615_w{res}.jpg,https://m.bunjang.co.kr/products/399670241,2026-05-08 00:13,에어팟프로2 c타입 s급 본체,애플,에어팟 프로,earphone,N,,SALE,,,,,UNKNOWN
본체,번개장터,222156215,Windows XP 본체 및 노트북,40000,판매중,,https://media.bunjang.co.kr/product/222156215_1_1726575007_w{res}.jpg,https://m.bunjang.co.kr/products/222156215,2026-05-08 00:09,windows xp 본체 및 노트북,,,laptop,N,,SALE,,,,,UNKNOWN
본체,번개장터,403975752,애플 에어팟 프로 2세대 본체,45000,판매중,,https://media.bunjang.co.kr/product/403975752_1_1778136021_w{res}.jpg,https://m.bunjang.co.kr/products/403975752,2026-05-08 00:05,애플 에어팟 프로 2세대 본체,애플,에어팟 프로,earphone,N,,SALE,,,,,UNKNOWN
본체,번개장터,402282996,에어팟 3세대  본체+왼쪽 유닛,40000,판매중,,https://media.bunjang.co.kr/product/402282996_1_1777413682_w{res}.jpg,https://m.bunjang.co.kr/products/402282996,2026-05-08 00:02,에어팟 3세대 본체+왼쪽 유닛,애플,에어팟 3세대,earphone,N,,SALE,,,,,UNKNOWN
본체,번개장터,406650813,에어팟 프로2 C타입 본체 충전케이스 단품/중고,52900,판매중,,https://media.bunjang.co.kr/product/406650813_1_1778166085_w{res}.jpg,https://m.bunjang.co.kr/products/406650813,2026-05-08 00:01,에어팟 프로2 c타입 본체 충전케이스 단품/중고,애플,에어팟 프로,CASE,Y,,SALE,,,,,UNKNOWN
본체,번개장터,403870683,아이피타임 a604 5G공유기 본체 + 어댑터 랜선,9900,판매중,,https://media.bunjang.co.kr/product/403870683_1_1777096029_w{res}.jpg,https://m.bunjang.co.kr/products/403870683,2026-05-08 00:01,아이피타임 a604 5g공유기 본체 + 어댑터 랜선,,,ADAPTER,Y,,SALE,,,,,UNKNOWN
본체,번개장터,406650258,인기 pc RTX2070 게임용 조립식 컴퓨터 최저가 판매합니다!,1150000,판매중,,https://media.bunjang.co.kr/product/406650258_1_1778165879_w{res}.jpg,https://m.bunjang.co.kr/products/406650258,2026-05-07 23:57,인기 pc rtx2070 게임용 조립식 컴퓨터 최저가 !,,,desktop,N,,SALE,,RTX2070,,,MID
본체,번개장터,406649910,삼성 i5-10400 16G GTX1650 데스크탑 본체,550000,판매중,,https://media.bunjang.co.kr/product/406649910_1_1778165761_w{res}.jpg,https://m.bunjang.co.kr/products/406649910,2026-05-07 23:56,삼성 i5-10400 16g gtx1650 데스크탑 본체,,,desktop,N,,SALE,I5-10400,GTX1650,,,LOW
본체,번개장터,382788230,"(새제품 블랙)9800X3D,RTX5070Ti,방송 게이밍컴퓨터본체",3540000,판매중,,https://media.bunjang.co.kr/product/382788230_1_1778123980_w{res}.jpg,https://m.bunjang.co.kr/products/382788230,2026-05-07 23:54,"(새제품 블랙)9800x3d,rtx5070ti,방송 게이밍컴퓨터본체",,,desktop,N,,SALE,,RTX5070TI,,,UNKNOWN
본체,번개장터,406649442,[번장1등 컴퓨터 풀셋트 본체]한정수량 초특가 이벤트 판매 합니다,285000,판매중,,https://media.bunjang.co.kr/product/406649442_1_1778165588_w{res}.jpg,https://m.bunjang.co.kr/products/406649442,2026-05-07 23:53,[번장1등 컴퓨터 풀셋트 본체]한정수량 초특가 이벤트 합니다,,,desktop,N,,SALE,,,,,UNKNOWN
본체,번개장터,402565719,에어팟 프로1 본체,35000,판매중,,https://media.bunjang.co.kr/product/402565719_1_1776798241_w{res}.jpg,https://m.bunjang.co.kr/products/402565719,2026-05-07 23:49,에어팟 프로1 본체,애플,에어팟 프로,earphone,N,,SALE,,,,,UNKNOWN
본체,번개장터,402565856,애플 에어팟3 본체,37000,판매중,,https://media.bunjang.co.kr/product/402565856_1_1776798300_w{res}.jpg,https://m.bunjang.co.kr/products/402565856,2026-05-07 23:49,애플 에어팟3 본체,애플,에어팟,earphone,N,,SALE,,,,,UNKNOWN
본체,번개장터,406648834,특가본체! RTX5060Ti 8G 인기구성! 고사양 게이밍컴퓨터 데스크탑,1550000,판매중,,https://media.bunjang.co.kr/product/406648834_1_1778165375_w{res}.jpg,https://m.bunjang.co.kr/products/406648834,2026-05-07 23:49,특가본체! rtx5060ti 8g 인기구성! 고사양 게이밍컴퓨터 데스크탑,,,desktop,N,,SALE,,RTX5060TI,,,UNKNOWN
본체,번개장터,406648339,(미사용/새상품) 버즈2프로 퍼플/보라 본체(충전케이스) 이어폰 단품,52900,판매중,,https://media.bunjang.co.kr/product/406648339_1_1778165195_w{res}.jpg,https://m.bunjang.co.kr/products/406648339,2026-05-07 23:46,(미사용/) 버즈2프로 퍼플/보라 본체(충전케이스) 이어폰 단품,,,CASE,Y,,SALE,,,,,UNKNOWN
본체,번개장터,397693877,라이젠7600 32GB SSD1TB RX470 본체 판매,1600000,판매중,,https://media.bunjang.co.kr/product/397693877_1_1774592400_w{res}.jpg,https://m.bunjang.co.kr/products/397693877,2026-05-07 23:46,라이젠7600 32gb ssd1tb rx470 본체,,,desktop,N,32.0,SALE,RYZEN7600,RX470,,1024.0,UNKNOWN
본체,번개장터,406648143,스위치 구형 본체 단품,80000,판매중,,https://media.bunjang.co.kr/product/406648143_1_1778165120_w{res}.jpg,https://m.bunjang.co.kr/products/406648143,2026-05-07 23:45,스위치 구형 본체 단품,,,desktop,N,,SALE,,,,,UNKNOWN
본체,번개장터,331357913,한정기획특가 i7 gtx1080 게이밍 컴퓨터 본체 데스크탑 pc,289000,판매중,,https://media.bunjang.co.kr/product/331357913_1_1776937055_w{res}.jpg,https://m.bunjang.co.kr/products/331357913,2026-05-07 23:44,한정기획특가 i7 gtx1080 게이밍 컴퓨터 본체 데스크탑 pc,,,desktop,N,,SALE,,GTX1080,,,UNKNOWN
본체,번개장터,329072341,한정기획특가 i7/램16g gtx1080 본체 게이밍 데스크탑 컴퓨터,350000,판매중,,https://media.bunjang.co.kr/product/329072341_1_1774196520_w{res}.jpg,https://m.bunjang.co.kr/products/329072341,2026-05-07 23:44,한정기획특가 i7/램16g gtx1080 본체 게이밍 데스크탑 컴퓨터,,,desktop,N,,SALE,,GTX1080,,,UNKNOWN
본체,번개장터,406647992,스위치 구형 본체 단품,90000,판매중,,https://media.bunjang.co.kr/product/406647992_1_1778165064_w{res}.jpg,https://m.bunjang.co.kr/products/406647992,2026-05-07 23:44,스위치 구형 본체 단품,,,desktop,N,,SALE,,,,,UNKNOWN
본체,번개장터,406585451,상자포함) 에어팟 프로2 본체+왼쪽 유닛,100000,판매중,,https://media.bunjang.co.kr/product/406585451_1_1778166168_w{res}.jpg,https://m.bunjang.co.kr/products/406585451,2026-05-07 23:43,상자포함) 에어팟 프로2 본체+왼쪽 유닛,애플,에어팟 프로,BOX,Y,,SALE,,,,,UNKNOWN
본체,번개장터,406647854,스위치 구형 본체 단품,70000,판매중,,https://media.bunjang.co.kr/product/406647854_1_1778165158_w{res}.jpg,https://m.bunjang.co.kr/products/406647854,2026-05-07 23:43,스위치 구형 본체 단품,,,desktop,N,,SALE,,,,,UNKNOWN
본체,번개장터,325586745,안전결제가능 i7/gtx1060 본체 게이밍 데스크탑 컴퓨터,189000,판매중,,https://media.bunjang.co.kr/product/325586745_1_1774200239_w{res}.jpg,https://m.bunjang.co.kr/products/325586745,2026-05-07 23:43,안전결제가능 i7/gtx1060 본체 게이밍 데스크탑 컴퓨터,,,desktop,N,,SALE,,GTX1060,,,LOW
본체,번개장터,324807166,안전결제가능 i5/램12g gtx1060 본체 게이밍 데스크탑 컴퓨터,169000,판매중,,https://media.bunjang.co.kr/product/324807166_1_1772741781_w{res}.jpg,https://m.bunjang.co.kr/products/324807166,2026-05-07 23:43,안전결제가능 i5/램12g gtx1060 본체 게이밍 데스크탑 컴퓨터,,,desktop,N,,SALE,,GTX1060,,,LOW
본체,번개장터,406647840,에어팟 프로1세대 본체만,40000,판매중,,https://media.bunjang.co.kr/product/406647840_1_1778165034_w{res}.jpg,https://m.bunjang.co.kr/products/406647840,2026-05-07 23:43,에어팟 프로1세대 본체만,애플,에어팟 프로,earphone,N,,SALE,,,,,UNKNOWN
본체,번개장터,406601016,고사양RTX2060 6G 최저가컴퓨터본체pc데스크탑조립식컴퓨터,600000,판매중,,https://media.bunjang.co.kr/product/406601016_1_1778150247_w{res}.jpg,https://m.bunjang.co.kr/products/406601016,2026-05-07 23:42,고사양rtx2060 6g 최저가컴퓨터본체pc데스크탑조립식컴퓨터,,,desktop,N,,SALE,,RTX2060,,,MID
본체,번개장터,406601470,롤 메이플 피파 던파 서든 상옵 i5 9400F GTX1060 3G,460000,판매중,,https://media.bunjang.co.kr/product/406601470_1_1778150381_w{res}.jpg,https://m.bunjang.co.kr/products/406601470,2026-05-07 23:41,롤 메이플 피파 던파 서든 상옵 i5 9400f gtx1060 3g,,,UNKNOWN,N,,SALE,I5 9400F,GTX1060,,,LOW
본체,번개장터,406647536,버즈2프로 화이트 본체(충전케이스) 단품/낱개/중고/삼성정품,46900,판매중,,https://media.bunjang.co.kr/product/406647536_1_1778164897_w{res}.jpg,https://m.bunjang.co.kr/products/406647536,2026-05-07 23:41,버즈2프로 화이트 본체(충전케이스) 단품/낱개/중고/삼성,,,CASE,Y,,SALE,,,,,UNKNOWN
본체,번개장터,406370312,구매율1위컴퓨터!최저가pc비교불가!!컴퓨터pc본체데스크탑조립식컴퓨터사무용,420000,판매중,,https://media.bunjang.co.kr/product/406370312_1_1778057778_w{res}.jpg,https://m.bunjang.co.kr/products/406370312,2026-05-07 23:40,구매율1위컴퓨터!최저가pc비교불가!!컴퓨터pc본체데스크탑조립식컴퓨터사무용,,,desktop,N,,SALE,,,,,UNKNOWN
본체,번개장터,406647218,[번장특판 컴퓨터 이벤트]RTX 3060TI 모음 본체 최저가 한정수량,720000,판매중,,https://media.bunjang.co.kr/product/406647218_1_1778164787_w{res}.jpg,https://m.bunjang.co.kr/products/406647218,2026-05-07 23:39,[번장특판 컴퓨터 이벤트]rtx 3060ti 모음 본체 최저가 한정수량,,,desktop,N,,SALE,,RTX3060TI,,,MID
본체,번개장터,406513861,가성비 본체 싹 다 여기있습니다컴퓨터본체pc데스크탑조립식최저가PC,270000,판매중,,https://media.bunjang.co.kr/product/406513861_1_1778120936_w{res}.jpg,https://m.bunjang.co.kr/products/406513861,2026-05-07 23:39,가성비 본체 싹 다 여기있습니다컴퓨터본체pc데스크탑조립식최저가pc,,,desktop,N,,SALE,,,,,UNKNOWN
본체,번개장터,406646766,9800x3d/rtx 5080/B850m wifi고사양 본체,3530000,판매중,,https://media.bunjang.co.kr/product/406646766_1_1778214518_w{res}.jpg,https://m.bunjang.co.kr/products/406646766,2026-05-07 23:37,9800x3d/rtx 5080/b850m wifi고사양 본체,,,desktop,N,,SALE,,RTX5080,,,UNKNOWN
본체,번개장터,406586134,게이밍용과 간단한 사무용까지!컴퓨터본체데스크탑PC조립식컴퓨터,440000,판매중,,https://media.bunjang.co.kr/product/406586134_1_1778145441_w{res}.jpg,https://m.bunjang.co.kr/products/406586134,2026-05-07 23:36,게이밍용과 간단한 사무용까지!컴퓨터본체데스크탑pc조립식컴퓨터,,,desktop,N,,SALE,,,,,UNKNOWN
본체,번개장터,406586364,PC방급 사양 가성비 게이밍 컴퓨터본체 i5 9400F/GTX 1060,460000,판매중,,https://media.bunjang.co.kr/product/406586364_1_1778145517_w{res}.jpg,https://m.bunjang.co.kr/products/406586364,2026-05-07 23:35,pc방급 사양 가성비 게이밍 컴퓨터본체 i5 9400f/gtx 1060,,,desktop,N,,SALE,I5 9400F,GTX1060,,,LOW
본체,번개장터,406645401,번장 이벤트 사무용 주식 TM 카톡업무 컴퓨터 본체 최저가 판매!,150000,판매중,,https://media.bunjang.co.kr/product/406645401_1_1778164185_w{res}.jpg,https://m.bunjang.co.kr/products/406645401,2026-05-07 23:29,번장 이벤트 사무용 주식 tm 카톡업무 컴퓨터 본체 최저가 !,,,desktop,N,,SALE,,,,,UNKNOWN
본체,번개장터,406067399,PS2 플스2 본체 + 게임 3개 + 듀얼쇼크2 패드,120000,판매중,,https://media.bunjang.co.kr/product/406067399_1_1777950701_w{res}.jpg,https://m.bunjang.co.kr/products/406067399,2026-05-07 23:28,ps2 플스2 본체 + 게임 3개 + 듀얼쇼크2 패드,,,desktop,N,,SALE,,,,,UNKNOWN
본체,번개장터,406644842,버즈2프로 블랙/그라파이트 본체(충전케이스) 단품/낱개/중고/정품,46900,판매중,,https://media.bunjang.co.kr/product/406644842_1_1778163990_w{res}.jpg,https://m.bunjang.co.kr/products/406644842,2026-05-07 23:26,버즈2프로 블랙/그라파이트 본체(충전케이스) 단품/낱개/중고/,,,CASE,Y,,SALE,,,,,UNKNOWN
본체,번개장터,406069460,닌텐도 스위치 OLED 본체 와이파이 에러,135000,판매중,,https://media.bunjang.co.kr/product/406069460_1_1777951355_w{res}.jpg,https://m.bunjang.co.kr/products/406069460,2026-05-07 23:25,닌텐도 스위치 oled 본체 와이파이 에러,,,desktop,N,,SALE,,,,,UNKNOWN
본체,번개장터,176853126,고사양 리안리 화이트감성 컴퓨터 본체 판매 RTX3080Ti,3000000,판매중,,https://media.bunjang.co.kr/product/176853126_1_1775933576_w{res}.jpg,https://m.bunjang.co.kr/products/176853126,2026-05-07 23:24,고사양 리안리 화이트감성 컴퓨터 본체 rtx3080ti,,,desktop,N,,SALE,,RTX3080TI,,,HIGH
본체,번개장터,406644294,에어팟 프로2 8핀 본체 판매해요,50000,판매중,,https://media.bunjang.co.kr/product/406644294_1_1778164128_w{res}.jpg,https://m.bunjang.co.kr/products/406644294,2026-05-07 23:23,에어팟 프로2 8핀 본체 해요,애플,에어팟 프로,earphone,N,,SALE,,,,,UNKNOWN
본체,번개장터,196059321,[고사양 견적 가능] 게임용 본체 모니터 컴퓨터 풀세트 / 후기참고,380000,판매중,,https://media.bunjang.co.kr/product/196059321_1_1770311954_w{res}.jpg,https://m.bunjang.co.kr/products/196059321,2026-05-07 23:22,[고사양 견적 가능] 게임용 본체 모니터 컴퓨터 풀세트 / 후기참고,,,desktop,N,,SALE,,,,,UNKNOWN
본체,번개장터,383443797,에어팟 프로 충전1 본체,60000,판매중,,https://media.bunjang.co.kr/product/383443797_1_1776797170_w{res}.jpg,https://m.bunjang.co.kr/products/383443797,2026-05-07 23:22,에어팟 프로 충전1 본체,애플,에어팟 프로,earphone,N,,SALE,,,,,UNKNOWN
본체,번개장터,383426373,애플 에어팟 프로2 8핀 충전 본체,62000,판매중,,https://media.bunjang.co.kr/product/383426373_1_1776800881_w{res}.jpg,https://m.bunjang.co.kr/products/383426373,2026-05-07 23:22,애플 에어팟 프로2 8핀 충전 본체,애플,에어팟 프로,earphone,N,,SALE,,,,,UNKNOWN
본체,번개장터,406644098,에어팟 프로2 8핀 본체+왼쪽유닛 판매,100000,판매중,,https://media.bunjang.co.kr/product/406644098_1_1778164231_w{res}.jpg,https://m.bunjang.co.kr/products/406644098,2026-05-07 23:22,에어팟 프로2 8핀 본체+왼쪽유닛,애플,에어팟 프로,earphone,N,,SALE,,,,,UNKNOWN
본체,번개장터,404729677,(내일도착)에어팟프로3 본체만,94999,판매중,,https://media.bunjang.co.kr/product/404729677_1_1778055918_w{res}.jpg,https://m.bunjang.co.kr/products/404729677,2026-05-07 23:22,(내일도착)에어팟프로3 본체만,애플,에어팟 프로,earphone,N,,SALE,,,,,UNKNOWN
본체,번개장터,397481942,에어팟4 노캔 가능 충전 본체 케이스 (보증남음,70000,판매중,,https://media.bunjang.co.kr/product/397481942_1_1774495739_w{res}.jpg,https://m.bunjang.co.kr/products/397481942,2026-05-07 23:15,에어팟4 노캔 가능 충전 본체 케이스 (보증남음,애플,에어팟,CASE,Y,,SALE,,,,,UNKNOWN
본체,번개장터,397472758,에어팟 프로2 c타입 본체 진짜싸게올려요!!,52000,판매중,,https://media.bunjang.co.kr/product/397472758_1_1774495899_w{res}.jpg,https://m.bunjang.co.kr/products/397472758,2026-05-07 23:15,에어팟 프로2 c타입 본체 진짜싸게올려요!!,애플,에어팟 프로,earphone,N,,SALE,,,,,UNKNOWN
본체,번개장터,403475142,애플 에어팟4  노캔 본체 s급 보증남아있어요,70000,판매중,,https://media.bunjang.co.kr/product/403475142_1_1776929244_w{res}.jpg,https://m.bunjang.co.kr/products/403475142,2026-05-07 23:14,애플 에어팟4 노캔 본체 s급 보증남아있어요,애플,에어팟,earphone,N,,SALE,,,,,UNKNOWN
본체,번개장터,406642174,버즈3 화이트 본체(충전케이스) 단품/낱개/중고/삼성정품,63900,판매중,,https://media.bunjang.co.kr/product/406642174_1_1778163097_w{res}.jpg,https://m.bunjang.co.kr/products/406642174,2026-05-07 23:11,버즈3 화이트 본체(충전케이스) 단품/낱개/중고/삼성,,,CASE,Y,,SALE,,,,,UNKNOWN
본체,번개장터,406642134,[번장1등 컴퓨터 풀셋트 본체]한정수량 초특가 이벤트 판매 합니다,285000,판매중,,https://media.bunjang.co.kr/product/406642134_1_1778163085_w{res}.jpg,https://m.bunjang.co.kr/products/406642134,2026-05-07 23:11,[번장1등 컴퓨터 풀셋트 본체]한정수량 초특가 이벤트 합니다,,,desktop,N,,SALE,,,,,UNKNOWN
본체,번개장터,406641486,에어팟 프로2 c타입 본체만,70000,판매중,,https://media.bunjang.co.kr/product/406641486_1_1778162859_w{res}.jpg,https://m.bunjang.co.kr/products/406641486,2026-05-07 23:07,에어팟 프로2 c타입 본체만,애플,에어팟 프로,earphone,N,,SALE,,,,,UNKNOWN
본체,번개장터,320819379,에어팟프로2 본체c타입 맥세이프 sss급 판매,72000,판매중,,https://media.bunjang.co.kr/product/320819379_1_1778164890_w{res}.jpg,https://m.bunjang.co.kr/products/320819379,2026-05-07 23:07,에어팟프로2 본체c타입 맥세이프 sss급,애플,에어팟 프로,ACCESSORY,Y,,SALE,,,,,UNKNOWN
본체,번개장터,406641244,[번장특판 컴퓨터 이벤트]RTX 3060TI 모음 본체 최저가 한정수량,720000,판매중,,https://media.bunjang.co.kr/product/406641244_1_1778162783_w{res}.jpg,https://m.bunjang.co.kr/products/406641244,2026-05-07 23:06,[번장특판 컴퓨터 이벤트]rtx 3060ti 모음 본체 최저가 한정수량,,,desktop,N,,SALE,,RTX3060TI,,,MID
본체,번개장터,320674398,에어팟프로2 본체 8핀 맥세이프 상태 매우좋음 애플정품,65000,판매중,,https://media.bunjang.co.kr/product/320674398_1_1778164903_w{res}.jpg,https://m.bunjang.co.kr/products/320674398,2026-05-07 23:04,에어팟프로2 본체 8핀 맥세이프 상태 매우좋음 애플,애플,에어팟 프로,ACCESSORY,Y,,SALE,,,,,UNKNOWN
본체,번개장터,334879945,안전결제가능 i7/램12g/gtx970본체 게이밍 데스크탑 컴퓨터 pc,187000,판매중,,https://media.bunjang.co.kr/product/334879945_1_1777030522_w{res}.jpg,https://m.bunjang.co.kr/products/334879945,2026-05-07 23:03,안전결제가능 i7/램12g/gtx970본체 게이밍 데스크탑 컴퓨터 pc,,,desktop,N,,SALE,,,,,UNKNOWN
본체,번개장터,324582683,안전결제가능 i7/gtx1050 본체 게이밍 데스크탑 컴퓨터,169000,판매중,,https://media.bunjang.co.kr/product/324582683_1_1774576713_w{res}.jpg,https://m.bunjang.co.kr/products/324582683,2026-05-07 23:03,안전결제가능 i7/gtx1050 본체 게이밍 데스크탑 컴퓨터,,,desktop,N,,SALE,,GTX1050,,,UNKNOWN
본체,번개장터,318583621,안전결제가능 i7/램gtx1050 본체 게이밍 데스크탑 컴퓨터 pc,167000,판매중,,https://media.bunjang.co.kr/product/318583621_1_1774576761_w{res}.jpg,https://m.bunjang.co.kr/products/318583621,2026-05-07 23:03,안전결제가능 i7/램gtx1050 본체 게이밍 데스크탑 컴퓨터 pc,,,desktop,N,,SALE,,GTX1050,,,UNKNOWN
본체,번개장터,406640532,애플 에어팟 프로3 본체만 (A3122),100000,판매중,,https://media.bunjang.co.kr/product/406640532_1_1778163067_w{res}.jpg,https://m.bunjang.co.kr/products/406640532,2026-05-07 23:02,애플 에어팟 프로3 본체만 (a3122),애플,에어팟 프로,earphone,N,,SALE,,,,,UNKNOWN
본체,번개장터,406640245,에어팟 2세대 본체 판매합니다!,25000,판매중,,https://media.bunjang.co.kr/product/406640245_1_1778162474_w{res}.jpg,https://m.bunjang.co.kr/products/406640245,2026-05-07 23:01,에어팟 2세대 본체 !,애플,에어팟 2세대,earphone,N,,SALE,,,,,UNKNOWN
본체,번개장터,405659748,"삽니다)783d,983d,7950x3d / 5060ti 이상급 본체컴퓨터",1500000,판매중,,https://media.bunjang.co.kr/product/405659748_1_1777824277_w{res}.jpg,https://m.bunjang.co.kr/products/405659748,2026-05-07 22:59,")783d,983d,7950x3d / 5060ti 이상급 본체컴퓨터",,,desktop,N,,SALE,,,,,UNKNOWN
본체,번개장터,138184047,i5-6500/GTX1050TI/16G 신품 케이스 컴퓨터,300000,판매중,,https://media.bunjang.co.kr/product/138184047_1_1778163842_w{res}.jpg,https://m.bunjang.co.kr/products/138184047,2026-05-07 22:58,i5-6500/gtx1050ti/16g 신품 케이스 컴퓨터,,,CASE,Y,,SALE,I5-6500,GTX1050TI,,,LOW
본체,번개장터,406639627,에어팟 프로3 본체,90000,판매중,,https://media.bunjang.co.kr/product/406639627_1_1778162273_w{res}.jpg,https://m.bunjang.co.kr/products/406639627,2026-05-07 22:57,에어팟 프로3 본체,애플,에어팟 프로,earphone,N,,SALE,,,,,UNKNOWN
본체,번개장터,406639581,고사양 게이밍 라이젠 게임용 중고컴퓨터 조립식컴퓨터본체,780000,판매중,,https://media.bunjang.co.kr/product/406639581_1_1778162258_w{res}.jpg,https://m.bunjang.co.kr/products/406639581,2026-05-07 22:57,고사양 게이밍 라이젠 게임용 중고컴퓨터 조립식컴퓨터본체,,,desktop,N,,SALE,,,,,UNKNOWN
본체,번개장터,406639370,버즈3 실버 본체(충전케이스) 단품/낱개/중고/삼성정품,63900,판매중,,https://media.bunjang.co.kr/product/406639370_1_1778162194_w{res}.jpg,https://m.bunjang.co.kr/products/406639370,2026-05-07 22:56,버즈3 실버 본체(충전케이스) 단품/낱개/중고/삼성,,,CASE,Y,,SALE,,,,,UNKNOWN
본체,번개장터,406639185,에어팟 프로3 본체,90000,판매중,,https://media.bunjang.co.kr/product/406639185_1_1778162136_w{res}.jpg,https://m.bunjang.co.kr/products/406639185,2026-05-07 22:55,에어팟 프로3 본체,애플,에어팟 프로,earphone,N,,SALE,,,,,UNKNOWN
본체,번개장터,406628795,아이폰14플러스 128gb A급본체,490000,판매중,,https://media.bunjang.co.kr/product/406628795_1_1778162560_w{res}.jpg,https://m.bunjang.co.kr/products/406628795,2026-05-07 22:54,아이폰14플러스 128gb a급본체,애플,아이폰 14 플러스,smartphone,N,128.0,SALE,,,,,UNKNOWN
본체,번개장터,406638966,에어팟 프로3 본체,90000,판매중,,https://media.bunjang.co.kr/product/406638966_1_1778162067_w{res}.jpg,https://m.bunjang.co.kr/products/406638966,2026-05-07 22:54,에어팟 프로3 본체,애플,에어팟 프로,earphone,N,,SALE,,,,,UNKNOWN
본체,번개장터,406638602,에어팟 프로3 본체,90000,판매중,,https://media.bunjang.co.kr/product/406638602_1_1778161960_w{res}.jpg,https://m.bunjang.co.kr/products/406638602,2026-05-07 22:52,에어팟 프로3 본체,애플,에어팟 프로,earphone,N,,SALE,,,,,UNKNOWN
본체,번개장터,406638522,여름 맞이 파격 할인! 게임용 컴퓨터 49만원 부터 판매합니다 pc 본체,630000,판매중,,https://media.bunjang.co.kr/product/406638522_1_1778161937_w{res}.jpg,https://m.bunjang.co.kr/products/406638522,2026-05-07 22:52,여름 맞이 파격 할인! 게임용 컴퓨터 49만원 부터 pc 본체,,,desktop,N,,SALE,,,,,UNKNOWN
본체,번개장터,406638418,RTX2060 게이밍게임용컴퓨터 데스크탑 가성비 조립pc 중고컴퓨터본체,560000,판매중,,https://media.bunjang.co.kr/product/406638418_1_1778161902_w{res}.jpg,https://m.bunjang.co.kr/products/406638418,2026-05-07 22:51,rtx2060 게이밍게임용컴퓨터 데스크탑 가성비 조립pc 중고컴퓨터본체,,,desktop,N,,SALE,,RTX2060,,,MID
본체,번개장터,80138629,인텔 펜티엄 G4500 데스크탑,70000,판매중,,https://media.bunjang.co.kr/product/80138629_1_1759879521_w{res}.jpg,https://m.bunjang.co.kr/products/80138629,2026-05-07 22:50,인텔 펜티엄 g4500 데스크탑,,,desktop,N,,SALE,,,,,UNKNOWN
본체,번개장터,398388637,구체관절인형 첸첸샵 토마토 본체 판매합니다,265000,판매중,,https://media.bunjang.co.kr/product/398388637_1_1777611284_w{res}.jpg,https://m.bunjang.co.kr/products/398388637,2026-05-07 22:49,구체관절인형 첸첸샵 토마토 본체,,,desktop,N,,SALE,,,,,UNKNOWN
본체,번개장터,406637715,게임전용 조립PC 조립식컴퓨터 본체가격 게이밍,780000,판매중,,https://media.bunjang.co.kr/product/406637715_1_1778161675_w{res}.jpg,https://m.bunjang.co.kr/products/406637715,2026-05-07 22:47,게임전용 조립pc 조립식컴퓨터 본체가격 게이밍,,,desktop,N,,SALE,,,,,UNKNOWN
본체,번개장터,406637709,게임용 특AAA급 컴퓨터 본체 PC,930000,판매중,,https://media.bunjang.co.kr/product/406637709_1_1778161989_w{res}.jpg,https://m.bunjang.co.kr/products/406637709,2026-05-07 22:47,게임용 특aaa급 컴퓨터 본체 pc,,,desktop,N,,SALE,,,,,UNKNOWN
본체,번개장터,406637392,"7800x3d 반본체 판매합니다. (그래픽카드, 램 제외)",600000,판매중,,https://media.bunjang.co.kr/product/406637392_1_1778162446_w{res}.jpg,https://m.bunjang.co.kr/products/406637392,2026-05-07 22:46,"7800x3d 반본체 . (그래픽카드, 램 제외)",,,desktop,N,,SALE,,,,,UNKNOWN
본체,번개장터,381534536,에어팟 4세대 노캔o 본체,73000,판매중,,https://media.bunjang.co.kr/product/381534536_1_1768061595_w{res}.jpg,https://m.bunjang.co.kr/products/381534536,2026-05-07 22:43,에어팟 4세대 노캔o 본체,애플,에어팟,earphone,N,,SALE,,,,,UNKNOWN
본체,번개장터,381534366,에어팟 4세대 노캔o 본체,73000,판매중,,https://media.bunjang.co.kr/product/381534366_1_1768061504_w{res}.jpg,https://m.bunjang.co.kr/products/381534366,2026-05-07 22:43,에어팟 4세대 노캔o 본체,애플,에어팟,earphone,N,,SALE,,,,,UNKNOWN
본체,번개장터,406636796,번장 이벤트 사무용 주식 TM 메신저업무 컴퓨터 본체 최저가 판매!,150000,판매중,,https://media.bunjang.co.kr/product/406636796_1_1778161383_w{res}.jpg,https://m.bunjang.co.kr/products/406636796,2026-05-07 22:43,번장 이벤트 사무용 주식 tm 메신저업무 컴퓨터 본체 최저가 !,,,desktop,N,,SALE,,,,,UNKNOWN
본체,번개장터,406636785,번장 이벤트 사무용 주식 TM 카톡업무 컴퓨터 본체 최저가 판매!,150000,판매중,,https://media.bunjang.co.kr/product/406636785_1_1778161379_w{res}.jpg,https://m.bunjang.co.kr/products/406636785,2026-05-07 22:42,번장 이벤트 사무용 주식 tm 카톡업무 컴퓨터 본체 최저가 !,,,desktop,N,,SALE,,,,,UNKNOWN
본체,번개장터,400515121,에어팟 프로3 본체,90000,판매중,,https://media.bunjang.co.kr/product/400515121_1_1778161332_w{res}.jpg,https://m.bunjang.co.kr/products/400515121,2026-05-07 22:42,에어팟 프로3 본체,애플,에어팟 프로,earphone,N,,SALE,,,,,UNKNOWN
본체,번개장터,383508731,에어팟 4세대 본체 노캔o,67000,판매중,,https://media.bunjang.co.kr/product/383508731_1_1768828833_w{res}.jpg,https://m.bunjang.co.kr/products/383508731,2026-05-07 22:42,에어팟 4세대 본체 노캔o,애플,에어팟,earphone,N,,SALE,,,,,UNKNOWN
본체,번개장터,381535153,에어팟 4세대 노캔o 본체,73000,판매중,,https://media.bunjang.co.kr/product/381535153_1_1768061907_w{res}.jpg,https://m.bunjang.co.kr/products/381535153,2026-05-07 22:42,에어팟 4세대 노캔o 본체,애플,에어팟,earphone,N,,SALE,,,,,UNKNOWN
본체,번개장터,368511733,에어팟 프로2 본체 c타입,65000,판매중,,https://media.bunjang.co.kr/product/368511733_1_1767977991_w{res}.jpg,https://m.bunjang.co.kr/products/368511733,2026-05-07 22:42,에어팟 프로2 본체 c타입,애플,에어팟 프로,earphone,N,,SALE,,,,,UNKNOWN
본체,번개장터,406636531,(새제품)버즈3 화이트 본체(충전케이스) 단품/낱개/삼성정품,67900,판매중,,https://media.bunjang.co.kr/product/406636531_1_1778161295_w{res}.jpg,https://m.bunjang.co.kr/products/406636531,2026-05-07 22:41,(새제품)버즈3 화이트 본체(충전케이스) 단품/낱개/삼성,,,CASE,Y,,SALE,,,,,UNKNOWN
본체,번개장터,406635648,리나슈슈 멜리사 본체 usd (미백),136000,판매중,,https://media.bunjang.co.kr/product/406635648_1_1778161006_w{res}.jpg,https://m.bunjang.co.kr/products/406635648,2026-05-07 22:36,리나슈슈 멜리사 본체 usd (미백),,,desktop,N,,SALE,,,,,UNKNOWN
본체,번개장터,382692404,수냉 조립컴퓨터 본체,400000,판매중,,https://media.bunjang.co.kr/product/382692404_1_1777026620_w{res}.jpg,https://m.bunjang.co.kr/products/382692404,2026-05-07 22:34,수냉 조립컴퓨터 본체,,,desktop,N,,SALE,,,,,UNKNOWN
본체,번개장터,405533048,라이젠 5600 가성비 데스트탑 게이밍 컴퓨터 본체 처분합니다,489000,판매중,,https://media.bunjang.co.kr/product/405533048_1_1778160850_w{res}.jpg,https://m.bunjang.co.kr/products/405533048,2026-05-07 22:33,라이젠 5600 가성비 데스트탑 게이밍 컴퓨터 본체 처분합니다,,,desktop,N,,SALE,RYZEN 5600,,,,UNKNOWN
본체,번개장터,406634766,I5 RTX 게이밍 게임용전용 컴퓨터 (중고조립식컴퓨터본체),750000,판매중,,https://media.bunjang.co.kr/product/406634766_1_1778160732_w{res}.jpg,https://m.bunjang.co.kr/products/406634766,2026-05-07 22:32,i5 rtx 게이밍 게임용전용 컴퓨터 (중고조립식컴퓨터본체),,,desktop,N,,SALE,,,,,UNKNOWN
본체,번개장터,406634201,고사양 게임용 게이밍 조립pc컴퓨터 데스크탑중고컴퓨터본체 조립식,780000,판매중,,https://media.bunjang.co.kr/product/406634201_1_1778160544_w{res}.jpg,https://m.bunjang.co.kr/products/406634201,2026-05-07 22:29,고사양 게임용 게이밍 조립pc컴퓨터 데스크탑중고컴퓨터본체 조립식,,,desktop,N,,SALE,,,,,UNKNOWN
본체,번개장터,406633732,(새제품)버즈3 실버 본체(충전케이스) 단품/낱개/정품,67900,판매중,,https://media.bunjang.co.kr/product/406633732_1_1778160391_w{res}.jpg,https://m.bunjang.co.kr/products/406633732,2026-05-07 22:26,(새제품)버즈3 실버 본체(충전케이스) 단품/낱개/,,,CASE,Y,,SALE,,,,,UNKNOWN
본체,번개장터,406633311,"사무용컴퓨터pc 중고컴퓨터, 조립식컴퓨터본체 rtx2070",780000,판매중,,https://media.bunjang.co.kr/product/406633311_1_1778160259_w{res}.jpg,https://m.bunjang.co.kr/products/406633311,2026-05-07 22:24,"사무용컴퓨터pc 중고컴퓨터, 조립식컴퓨터본체 rtx2070",,,desktop,N,,SALE,,RTX2070,,,MID
본체,번개장터,406391378,에어팟 프로 2세대 c타입 본체,65000,판매중,,https://media.bunjang.co.kr/product/406391378_1_1778063276_w{res}.jpg,https://m.bunjang.co.kr/products/406391378,2026-05-07 22:23,에어팟 프로 2세대 c타입 본체,애플,에어팟 프로,earphone,N,,SALE,,,,,UNKNOWN
본체,번개장터,406633114,최저가 컴퓨터 pc 모음 컴퓨터 여기서 안전하게 구매하세요! 안산 본체,1010000,판매중,,https://media.bunjang.co.kr/product/406633114_1_1778160203_w{res}.jpg,https://m.bunjang.co.kr/products/406633114,2026-05-07 22:23,최저가 컴퓨터 pc 모음 컴퓨터 여기서 안전하게 구매하세요! 안산 본체,,,desktop,N,,SALE,,,,,UNKNOWN
본체,번개장터,406413654,에어팟 프로 2세대 8핀 본체,55000,판매중,,https://media.bunjang.co.kr/product/406413654_1_1778069073_w{res}.jpg,https://m.bunjang.co.kr/products/406413654,2026-05-07 22:22,에어팟 프로 2세대 8핀 본체,애플,에어팟 프로,earphone,N,,SALE,,,,,UNKNOWN
본체,번개장터,406632362,[번장특판 컴퓨터 이벤트]RTX 3060TI 모음 본체 최저가 한정수량,720000,판매중,,https://media.bunjang.co.kr/product/406632362_1_1778159977_w{res}.jpg,https://m.bunjang.co.kr/products/406632362,2026-05-07 22:19,[번장특판 컴퓨터 이벤트]rtx 3060ti 모음 본체 최저가 한정수량,,,desktop,N,,SALE,,RTX3060TI,,,MID
본체,번개장터,406632255,마끼다 임팩 렌치 베어툴 TW004G 본체,37000,판매중,,https://media.bunjang.co.kr/product/406632255_1_1778159944_w{res}.jpg,https://m.bunjang.co.kr/products/406632255,2026-05-07 22:19,마끼다 임팩 렌치 베어툴 tw004g 본체,,,desktop,N,,SALE,,,,,UNKNOWN
본체,번개장터,406630895,부산 i5 12500 / 16g 컴퓨터 반본체 데스크탑 pc,500000,판매중,,https://media.bunjang.co.kr/product/406630895_1_1778159526_w{res}.jpg,https://m.bunjang.co.kr/products/406630895,2026-05-07 22:12,부산 i5 12500 / 16g 컴퓨터 반본체 데스크탑 pc,,,desktop,N,,SALE,I5 12500,,,,UNKNOWN
본체,번개장터,406630785,버즈3프로 화이트 본체(충전케이스) 단품/낱개/중고/삼성정품,72900,판매중,,https://media.bunjang.co.kr/product/406630785_1_1778159496_w{res}.jpg,https://m.bunjang.co.kr/products/406630785,2026-05-07 22:11,버즈3프로 화이트 본체(충전케이스) 단품/낱개/중고/삼성,,,CASE,Y,,SALE,,,,,UNKNOWN
본체,번개장터,406630557,고사양 게이밍 라이젠 게임용 중고컴퓨터 조립식컴퓨터본체,780000,판매중,,https://media.bunjang.co.kr/product/406630557_1_1778159426_w{res}.jpg,https://m.bunjang.co.kr/products/406630557,2026-05-07 22:10,고사양 게이밍 라이젠 게임용 중고컴퓨터 조립식컴퓨터본체,,,desktop,N,,SALE,,,,,UNKNOWN
본체,번개장터,385026058,9800x3d 5070 32G 1TB 화이트본체,2800000,판매중,,https://media.bunjang.co.kr/product/385026058_1_1778159272_w{res}.jpg,https://m.bunjang.co.kr/products/385026058,2026-05-07 22:08,9800x3d 5070 32g 1tb 화이트본체,,,desktop,N,,SALE,,,,1024.0,UNKNOWN
본체,번개장터,406630095,한정수량! RTX2070 8GB 본체사양 인기가성비 게이밍 컴퓨터데스크탑,630000,판매중,,https://media.bunjang.co.kr/product/406630095_1_1778159284_w{res}.jpg,https://m.bunjang.co.kr/products/406630095,2026-05-07 22:08,한정수량! rtx2070 8gb 본체사양 인기가성비 게이밍 컴퓨터데스크탑,,,desktop,N,,SALE,,RTX2070,,,MID
본체,번개장터,406387953,본체 컴퓨터 (ASRock 메인보드),288000,판매중,,https://media.bunjang.co.kr/product/406387953_1_1778062360_w{res}.jpg,https://m.bunjang.co.kr/products/406387953,2026-05-07 22:06,본체 컴퓨터 (asrock 메인보드),,,PARTS,Y,,SALE,,,,,UNKNOWN
본체,번개장터,406629352,게이밍 게임용 조립식PC 컴퓨터추천 데스크탑 중고컴퓨터본체,420000,판매중,,https://media.bunjang.co.kr/product/406629352_1_1778159067_w{res}.jpg,https://m.bunjang.co.kr/products/406629352,2026-05-07 22:04,게이밍 게임용 조립식pc 컴퓨터추천 데스크탑 중고컴퓨터본체,,,desktop,N,,SALE,,,,,UNKNOWN
본체,번개장터,385623395,에어팟 프로3 본체,90000,판매중,,https://media.bunjang.co.kr/product/385623395_1_1778161061_w{res}.jpg,https://m.bunjang.co.kr/products/385623395,2026-05-07 22:04,에어팟 프로3 본체,애플,에어팟 프로,earphone,N,,SALE,,,,,UNKNOWN
본체,번개장터,383507131,에어팟 4세대 본체 노캔o,67000,판매중,,https://media.bunjang.co.kr/product/383507131_1_1768828448_w{res}.jpg,https://m.bunjang.co.kr/products/383507131,2026-05-07 22:04,에어팟 4세대 본체 노캔o,애플,에어팟,earphone,N,,SALE,,,,,UNKNOWN
본체,번개장터,381536603,에어팟 4세대 노캔o 본체,73000,판매중,,https://media.bunjang.co.kr/product/381536603_1_1768062652_w{res}.jpg,https://m.bunjang.co.kr/products/381536603,2026-05-07 22:04,에어팟 4세대 노캔o 본체,애플,에어팟,earphone,N,,SALE,,,,,UNKNOWN
본체,번개장터,406628624,RTX2060 게이밍게임용컴퓨터 데스크탑 가성비 조립pc 중고컴퓨터본체,560000,판매중,,https://media.bunjang.co.kr/product/406628624_1_1778158833_w{res}.jpg,https://m.bunjang.co.kr/products/406628624,2026-05-07 22:00,rtx2060 게이밍게임용컴퓨터 데스크탑 가성비 조립pc 중고컴퓨터본체,,,desktop,N,,SALE,,RTX2060,,,MID
본체,번개장터,405927331,i5-2500K 데스크탑 본체 (GTX570 / SSD 포함),80000,판매중,,https://media.bunjang.co.kr/product/405927331_1_1777888935_w{res}.jpg,https://m.bunjang.co.kr/products/405927331,2026-05-07 22:00,i5-2500k 데스크탑 본체 (gtx570 / ssd 포함),,,desktop,N,,SALE,I5-2500K,,,,LOW
본체,번개장터,406628238,컴퓨터본체추천! 데스크탑 중고 게이밍게임용조립식PC,390000,판매중,,https://media.bunjang.co.kr/product/406628238_1_1778158719_w{res}.jpg,https://m.bunjang.co.kr/products/406628238,2026-05-07 21:58,컴퓨터본체추천! 데스크탑 중고 게이밍게임용조립식pc,,,desktop,N,,SALE,,,,,UNKNOWN
본체,번개장터,406191442,에어팟프로2 8핀 본체,22000,판매중,,https://media.bunjang.co.kr/product/406191442_1_1777984436_w{res}.jpg,https://m.bunjang.co.kr/products/406191442,2026-05-07 21:56,에어팟프로2 8핀 본체,애플,에어팟 프로,earphone,N,,SALE,,,,,UNKNOWN
본체,번개장터,406627863,버즈3프로 실버 본체(충전케이스) 단품/낱개/중고/삼성정품,69700,판매중,,https://media.bunjang.co.kr/product/406627863_1_1778158595_w{res}.jpg,https://m.bunjang.co.kr/products/406627863,2026-05-07 21:56,버즈3프로 실버 본체(충전케이스) 단품/낱개/중고/삼성,,,CASE,Y,,SALE,,,,,UNKNOWN
본체,번개장터,406627796,[번장1등 컴퓨터 풀셋트 본체]한정수량 초특가 이벤트 판매 합니다,285000,판매중,,https://media.bunjang.co.kr/product/406627796_1_1778158574_w{res}.jpg,https://m.bunjang.co.kr/products/406627796,2026-05-07 21:56,[번장1등 컴퓨터 풀셋트 본체]한정수량 초특가 이벤트 합니다,,,desktop,N,,SALE,,,,,UNKNOWN
본체,번개장터,406627708,"에어팟 프로2 본체 (유닛x, 급처)",50000,판매중,,https://media.bunjang.co.kr/product/406627708_1_1778158545_w{res}.jpg,https://m.bunjang.co.kr/products/406627708,2026-05-07 21:55,"에어팟 프로2 본체 (유닛x, )",애플,에어팟 프로,earphone,N,,SALE,,,,,UNKNOWN
본체,번개장터,353381869,(보증금X퀄보장.진짜예쁨)졸업사진 졸사 일본체크교복,27000,판매중,,https://media.bunjang.co.kr/product/353381869_1_1773995142_w{res}.jpg,https://m.bunjang.co.kr/products/353381869,2026-05-07 21:51,(보증금x퀄보장.진짜예쁨)졸업사진 졸사 일본체크교복,,,desktop,N,,SALE,,,,,UNKNOWN
본체,번개장터,406626432,삼성 갤럭시 버즈 2프로 본체 판매합니당 할인!!!,40000,판매중,,https://media.bunjang.co.kr/product/406626432_1_1778158154_w{res}.jpg,https://m.bunjang.co.kr/products/406626432,2026-05-07 21:49,삼성 갤럭시 버즈 2프로 본체 합니당 할인!!!,삼성,,smartphone,N,,SALE,,,,,UNKNOWN
본체,번개장터,403465836,EOS 캐논 400D 바디 본체만,50000,판매중,,https://media.bunjang.co.kr/product/403465836_1_1776926350_w{res}.jpg,https://m.bunjang.co.kr/products/403465836,2026-05-07 21:48,eos 캐논 400d 바디 본체만,,,desktop,N,,SALE,,,,,UNKNOWN
본체,번개장터,406625887,[번장특판 컴퓨터 이벤트]RTX 3060TI 모음 본체 최저가 한정수량,720000,판매중,,https://media.bunjang.co.kr/product/406625887_1_1778157981_w{res}.jpg,https://m.bunjang.co.kr/products/406625887,2026-05-07 21:46,[번장특판 컴퓨터 이벤트]rtx 3060ti 모음 본체 최저가 한정수량,,,desktop,N,,SALE,,RTX3060TI,,,MID
본체,번개장터,406625735,기본체인 은팔찌,22000,판매중,,https://media.bunjang.co.kr/product/406625735_1_1778157945_w{res}.jpg,https://m.bunjang.co.kr/products/406625735,2026-05-07 21:45,기본체인 은팔찌,,,desktop,N,,SALE,,,,,UNKNOWN
본체,번개장터,406625577,세가 메가드라이브 본체 + 게임팩 일괄,200000,판매중,,https://media.bunjang.co.kr/product/406625577_1_1778157900_w{res}.jpg,https://m.bunjang.co.kr/products/406625577,2026-05-07 21:45,세가 메가드라이브 본체 + 게임팩 일괄,,,desktop,N,,SALE,,,,,UNKNOWN
본체,번개장터,406624935,(새제품)버즈3프로 화이트 본체(충전케이스) 단품/낱개/삼성정품,94900,판매중,,https://media.bunjang.co.kr/product/406624935_1_1778157705_w{res}.jpg,https://m.bunjang.co.kr/products/406624935,2026-05-07 21:41,(새제품)버즈3프로 화이트 본체(충전케이스) 단품/낱개/삼성,,,CASE,Y,,SALE,,,,,UNKNOWN
본체,번개장터,388809603,PS4 Pro 7218 본체 + 듀얼쇼크2개 플스4 프로,260000,판매중,,https://media.bunjang.co.kr/product/388809603_1_1776422920_w{res}.jpg,https://m.bunjang.co.kr/products/388809603,2026-05-07 21:39,ps4 pro 7218 본체 + 듀얼쇼크2개 플스4 프로,,,desktop,N,,SALE,,,,,UNKNOWN
본체,번개장터,405572963,버즈3 본체만 (실버),45000,판매중,,https://media.bunjang.co.kr/product/405572963_1_1777789234_w{res}.jpg,https://m.bunjang.co.kr/products/405572963,2026-05-07 21:39,버즈3 본체만 (실버),,,desktop,N,,SALE,,,,,UNKNOWN
본체,번개장터,399958014,버즈3 본체 (화이트),45000,판매중,,https://media.bunjang.co.kr/product/399958014_1_1775517066_w{res}.jpg,https://m.bunjang.co.kr/products/399958014,2026-05-07 21:39,버즈3 본체 (화이트),,,desktop,N,,SALE,,,,,UNKNOWN
본체,번개장터,403787145,버즈2 본체만 (올리브),25000,판매중,,https://media.bunjang.co.kr/product/403787145_1_1777050668_w{res}.jpg,https://m.bunjang.co.kr/products/403787145,2026-05-07 21:38,버즈2 본체만 (올리브),,,desktop,N,,SALE,,,,,UNKNOWN
본체,번개장터,401411871,버즈2 본체 (라벤더),25000,판매중,,https://media.bunjang.co.kr/product/401411871_1_1776086519_w{res}.jpg,https://m.bunjang.co.kr/products/401411871,2026-05-07 21:38,버즈2 본체 (라벤더),,,desktop,N,,SALE,,,,,UNKNOWN
본체,번개장터,398601459,에어팟 프로3 본체 (A3122),110000,판매중,,https://media.bunjang.co.kr/product/398601459_1_1774969711_w{res}.jpg,https://m.bunjang.co.kr/products/398601459,2026-05-07 21:38,에어팟 프로3 본체 (a3122),애플,에어팟 프로,earphone,N,,SALE,,,,,UNKNOWN
본체,번개장터,406623122,[번장1등 컴퓨터 풀셋트 본체]한정수량 초특가 이벤트 판매 합니다,285000,판매중,,https://media.bunjang.co.kr/product/406623122_1_1778157171_w{res}.jpg,https://m.bunjang.co.kr/products/406623122,2026-05-07 21:32,[번장1등 컴퓨터 풀셋트 본체]한정수량 초특가 이벤트 합니다,,,desktop,N,,SALE,,,,,UNKNOWN
본체,번개장터,406623040,샥즈 오픈핏에어 오른쪽+본체,50000,판매중,,https://media.bunjang.co.kr/product/406623040_1_1778157143_w{res}.jpg,https://m.bunjang.co.kr/products/406623040,2026-05-07 21:32,샥즈 오픈핏에어 오른쪽+본체,,,desktop,N,,SALE,,,,,UNKNOWN
본체,번개장터,388011600,닌텐도 DS lite 아이스블루 본체,80000,판매중,,https://media.bunjang.co.kr/product/388011600_1_1775995696_w{res}.jpg,https://m.bunjang.co.kr/products/388011600,2026-05-07 21:29,닌텐도 ds lite 아이스블루 본체,,,desktop,N,,SALE,,,,,UNKNOWN
본체,번개장터,406101471,에어팟 프로 2세대 8핀 본체 s급,60000,판매중,,https://media.bunjang.co.kr/product/406101471_1_1777961033_w{res}.jpg,https://m.bunjang.co.kr/products/406101471,2026-05-07 21:29,에어팟 프로 2세대 8핀 본체 s급,애플,에어팟 프로,earphone,N,,SALE,,,,,UNKNOWN
본체,번개장터,406101616,에어팟 프로 2세대 c타입 본체 s급,60000,판매중,,https://media.bunjang.co.kr/product/406101616_1_1777961071_w{res}.jpg,https://m.bunjang.co.kr/products/406101616,2026-05-07 21:29,에어팟 프로 2세대 c타입 본체 s급,애플,에어팟 프로,earphone,N,,SALE,,,,,UNKNOWN
본체,번개장터,406559352,닌텐도 3DS 본체 풀박스,298000,판매중,,https://media.bunjang.co.kr/product/406559352_1_1778138810_w{res}.jpg,https://m.bunjang.co.kr/products/406559352,2026-05-07 21:25,닌텐도 3ds 본체 스,,,desktop,N,,SALE,,,,,UNKNOWN
본체,번개장터,405144392,"에어팟 2세대, 프로 유닛 및 본체",60000,판매중,,https://media.bunjang.co.kr/product/405144392_1_1777615954_w{res}.jpg,https://m.bunjang.co.kr/products/405144392,2026-05-07 21:24,"에어팟 2세대, 프로 유닛 및 본체",애플,에어팟 프로,earphone,N,,SALE,,,,,UNKNOWN
본체,번개장터,406621097,(새제품)버즈3프로 실버 본체(충전케이스) 단품/낱개/정품,94900,판매중,,https://media.bunjang.co.kr/product/406621097_1_1778156554_w{res}.jpg,https://m.bunjang.co.kr/products/406621097,2026-05-07 21:22,(새제품)버즈3프로 실버 본체(충전케이스) 단품/낱개/,,,CASE,Y,,SALE,,,,,UNKNOWN
본체,번개장터,374859709,전동 페인트 스프레이건 본체,40000,판매중,,https://media.bunjang.co.kr/product/374859709_1_1775278585_w{res}.jpg,https://m.bunjang.co.kr/products/374859709,2026-05-07 21:22,전동 페인트 스프레이건 본체,,,desktop,N,,SALE,,,,,UNKNOWN
본체,번개장터,391741130,무선 송풍기 본체,22000,판매중,,https://media.bunjang.co.kr/product/391741130_1_1775102615_w{res}.jpg,https://m.bunjang.co.kr/products/391741130,2026-05-07 21:22,무선 송풍기 본체,,,desktop,N,,SALE,,,,,UNKNOWN
본체,번개장터,406439593,에어팟 4세대 본체+왼쪽 이어폰 판매합니다(노캔XX),90000,판매중,,https://media.bunjang.co.kr/product/406439593_1_1778084658_w{res}.jpg,https://m.bunjang.co.kr/products/406439593,2026-05-07 21:22,에어팟 4세대 본체+왼쪽 이어폰 (노캔xx),애플,에어팟,earphone,N,,SALE,,,,,UNKNOWN
본체,번개장터,397881136,"i7 8700,16G,SSD 512G,RTX 2060 게이밍 본체!",665000,판매중,,https://media.bunjang.co.kr/product/397881136_1_1778156279_w{res}.jpg,https://m.bunjang.co.kr/products/397881136,2026-05-07 21:18,"i7 8700,16g,ssd 512g,rtx 2060 게이밍 본체!",,,desktop,N,,SALE,I7 8700,RTX2060,,,MID
본체,번개장터,406620252,[번장1등 컴퓨터 풀셋트 본체]한정수량 초특가 이벤트 판매 합니다,285000,판매중,,https://media.bunjang.co.kr/product/406620252_1_1778156279_w{res}.jpg,https://m.bunjang.co.kr/products/406620252,2026-05-07 21:17,[번장1등 컴퓨터 풀셋트 본체]한정수량 초특가 이벤트 합니다,,,desktop,N,,SALE,,,,,UNKNOWN
본체,번개장터,406620035,게이밍컴퓨터 게임용조립식 PC컴퓨터 본체추천 데스크탑중고,470000,판매중,,https://media.bunjang.co.kr/product/406620035_1_1778156210_w{res}.jpg,https://m.bunjang.co.kr/products/406620035,2026-05-07 21:16,게이밍컴퓨터 게임용조립식 pc컴퓨터 본체추천 데스크탑중고,,,desktop,N,,SALE,,,,,UNKNOWN
본체,번개장터,406618622,번장 이벤트 사무용 주식 TM 카톡업무 컴퓨터 본체 최저가 판매!,150000,판매중,,https://media.bunjang.co.kr/product/406618622_1_1778155768_w{res}.jpg,https://m.bunjang.co.kr/products/406618622,2026-05-07 21:09,번장 이벤트 사무용 주식 tm 카톡업무 컴퓨터 본체 최저가 !,,,desktop,N,,SALE,,,,,UNKNOWN
본체,번개장터,406618254,(새제품)버즈3FE 블랙 본체(충전케이스) 단품/낱개/삼성정품,49900,판매중,,https://media.bunjang.co.kr/product/406618254_1_1778155647_w{res}.jpg,https://m.bunjang.co.kr/products/406618254,2026-05-07 21:07,(새제품)버즈3fe 블랙 본체(충전케이스) 단품/낱개/삼성,,,CASE,Y,,SALE,,,,,UNKNOWN
본체,번개장터,321882095,한정기획특가 i7/램16g/gtx1080 본체 게이밍 데스크탑 컴퓨터,350000,판매중,,https://media.bunjang.co.kr/product/321882095_1_1774873401_w{res}.jpg,https://m.bunjang.co.kr/products/321882095,2026-05-07 21:06,한정기획특가 i7/램16g/gtx1080 본체 게이밍 데스크탑 컴퓨터,,,desktop,N,,SALE,,GTX1080,,,UNKNOWN
본체,번개장터,318851988,안전결제가능 i7/램12g/gtx970 본체 게이밍 데스크탑 컴퓨터,193000,판매중,,https://media.bunjang.co.kr/product/318851988_1_1773893523_w{res}.jpg,https://m.bunjang.co.kr/products/318851988,2026-05-07 21:06,안전결제가능 i7/램12g/gtx970 본체 게이밍 데스크탑 컴퓨터,,,desktop,N,,SALE,,,,,UNKNOWN
본체,번개장터,318688897,안전결제가능 i7/ gtx970 게이밍 데스크탑 컴퓨터 pc 본체,177000,판매중,,https://media.bunjang.co.kr/product/318688897_1_1773889730_w{res}.jpg,https://m.bunjang.co.kr/products/318688897,2026-05-07 21:06,안전결제가능 i7/ gtx970 게이밍 데스크탑 컴퓨터 pc 본체,,,desktop,N,,SALE,,,,,UNKNOWN
본체,번개장터,406617713,삼성 갤럭시 A32 화이트 본체+박스,100000,판매중,,https://media.bunjang.co.kr/product/406617713_1_1778220603_w{res}.jpg,https://m.bunjang.co.kr/products/406617713,2026-05-07 21:04,삼성 갤럭시 a32 화이트 본체+박스,삼성,,BOX,Y,,SALE,,,,,UNKNOWN
본체,번개장터,404071408,[풀세팅/게이밍/최적화] i7 4790 + 1660 본체,490000,판매중,,https://media.bunjang.co.kr/product/404071408_1_1778155414_w{res}.jpg,https://m.bunjang.co.kr/products/404071408,2026-05-07 21:03,[풀세팅/게이밍/최적화] i7 4790 + 1660 본체,,,SERVICE,Y,,SALE,I7 4790,,,,UNKNOWN
본체,번개장터,397268286,PS5 본체 + 포털 + 듀얼센스 충전거치대 + 케이스,1032000,판매중,,https://media.bunjang.co.kr/product/397268286_1_1776028848_w{res}.jpg,https://m.bunjang.co.kr/products/397268286,2026-05-07 21:03,ps5 본체 + 포털 + 듀얼센스 충전거치대 + 케이스,,,CASE,Y,,SALE,,,,,UNKNOWN
본체,번개장터,406617344,3060 게이밍 게임용 조립식PC 중고컴퓨터추천 데스크탑 사무용본체,750000,판매중,,https://media.bunjang.co.kr/product/406617344_1_1778155376_w{res}.jpg,https://m.bunjang.co.kr/products/406617344,2026-05-07 21:02,3060 게이밍 게임용 조립식pc 중고컴퓨터추천 데스크탑 사무용본체,,,desktop,N,,SALE,,,,,UNKNOWN
본체,번개장터,404071057,[풀세팅/사무용/가벼운게임] i5 3570 + GTX650 본체,180000,판매중,,https://media.bunjang.co.kr/product/404071057_1_1778155292_w{res}.jpg,https://m.bunjang.co.kr/products/404071057,2026-05-07 21:01,[풀세팅/사무용/가벼운게임] i5 3570 + gtx650 본체,,,SERVICE,Y,,SALE,I5 3570,,,,UNKNOWN
본체,번개장터,404070854,[사무용/풀세팅] 쿼드코어 CPU 본체,49000,판매중,,https://media.bunjang.co.kr/product/404070854_1_1778155257_w{res}.jpg,https://m.bunjang.co.kr/products/404070854,2026-05-07 21:00,[사무용/풀세팅] 쿼드코어 cpu 본체,,,SERVICE,Y,,SALE,,,,,UNKNOWN
본체,번개장터,406616842,닌텐도 스위치2 본체 박스구성,660000,예약중,,https://media.bunjang.co.kr/product/406616842_1_1778155212_w{res}.jpg,https://m.bunjang.co.kr/products/406616842,2026-05-07 21:00,닌텐도 스위치2 본체 박스구성,,,BOX,Y,,RESERVED,,,,,UNKNOWN
본체,번개장터,406616661,10400f RTX2060 중고게임용본체 조립PC 데스크탑 게이밍컴퓨터,630000,판매중,,https://media.bunjang.co.kr/product/406616661_1_1778155151_w{res}.jpg,https://m.bunjang.co.kr/products/406616661,2026-05-07 20:59,10400f rtx2060 중고게임용본체 조립pc 데스크탑 게이밍컴퓨터,,,desktop,N,,SALE,,RTX2060,,,MID
본체,번개장터,406616642,로렉스 10인치 습식코아 본체만,160000,판매중,,https://media.bunjang.co.kr/product/406616642_1_1778155146_w{res}.jpg,https://m.bunjang.co.kr/products/406616642,2026-05-07 20:59,로렉스 10인치 습식코아 본체만,,,desktop,N,,SALE,,,,,UNKNOWN
본체,번개장터,403340609,9800x3d/rx9070xt어로스엘리트 고사양본체,2850000,판매중,,https://media.bunjang.co.kr/product/403340609_1_1776911366_w{res}.jpg,https://m.bunjang.co.kr/products/403340609,2026-05-07 20:57,9800x3d/rx9070xt어로스엘리트 고사양본체,,,desktop,N,,SALE,,RX9070XT,,,UNKNOWN
본체,번개장터,403902546,9800x3d/x870e/rtx5080 안텍 하이엔드 본체,4250000,판매중,,https://media.bunjang.co.kr/product/403902546_1_1777104465_w{res}.jpg,https://m.bunjang.co.kr/products/403902546,2026-05-07 20:57,9800x3d/x870e/rtx5080 안텍 하이엔드 본체,,,desktop,N,,SALE,,RTX5080,,,UNKNOWN
본체,번개장터,406615452,9950x3d  pny5090 본체팝니다,9300000,판매중,,https://media.bunjang.co.kr/product/406615452_1_1778154785_w{res}.jpg,https://m.bunjang.co.kr/products/406615452,2026-05-07 20:53,9950x3d pny5090 본체,,,desktop,N,,SALE,,,,,UNKNOWN
본체,번개장터,406615338,(새제품)버즈3FE 그레이 본체(충전케이스) 단품/낱개/정품,49900,판매중,,https://media.bunjang.co.kr/product/406615338_1_1778154748_w{res}.jpg,https://m.bunjang.co.kr/products/406615338,2026-05-07 20:52,(새제품)버즈3fe 그레이 본체(충전케이스) 단품/낱개/,,,CASE,Y,,SALE,,,,,UNKNOWN
본체,번개장터,406614946,PC엔진 미니 본체 + 컨트롤러 세트,130000,판매중,,https://media.bunjang.co.kr/product/406614946_1_1778218475_w{res}.jpg,https://m.bunjang.co.kr/products/406614946,2026-05-07 20:50,pc엔진 미니 본체 + 컨트롤러 세트,,,desktop,N,,SALE,,,,,UNKNOWN
본체,번개장터,406614763,번장 이벤트 사무용 주식 TM 메신저업무 컴퓨터 본체 최저가 판매!,150000,판매중,,https://media.bunjang.co.kr/product/406614763_1_1778154577_w{res}.jpg,https://m.bunjang.co.kr/products/406614763,2026-05-07 20:49,번장 이벤트 사무용 주식 tm 메신저업무 컴퓨터 본체 최저가 !,,,desktop,N,,SALE,,,,,UNKNOWN
본체,번개장터,406614057,[번장특판 컴퓨터 이벤트]RTX 3060TI 모음 본체 최저가 한정수량,720000,판매중,,https://media.bunjang.co.kr/product/406614057_1_1778154366_w{res}.jpg,https://m.bunjang.co.kr/products/406614057,2026-05-07 20:46,[번장특판 컴퓨터 이벤트]rtx 3060ti 모음 본체 최저가 한정수량,,,desktop,N,,SALE,,RTX3060TI,,,MID
본체,번개장터,374052926,에어팟 2세대 유선 [본체] 팔아요,20210,판매중,,https://media.bunjang.co.kr/product/374052926_1_1775047390_w{res}.jpg,https://m.bunjang.co.kr/products/374052926,2026-05-07 20:44,에어팟 2세대 유선 [본체],애플,에어팟 2세대,earphone,N,,SALE,,,,,UNKNOWN
본체,번개장터,406613698,택포) 에어팟 프로 1세대 본체 A급,45000,판매중,,https://media.bunjang.co.kr/product/406613698_1_1778154267_w{res}.jpg,https://m.bunjang.co.kr/products/406613698,2026-05-07 20:44,) 에어팟 프로 1세대 본체 a급,애플,에어팟 프로,earphone,N,,SALE,,,,,UNKNOWN
본체,번개장터,406613039,I5 게임용게이밍 조립pc 컴퓨터본체 데스크탑 사무용,420000,판매중,,https://media.bunjang.co.kr/product/406613039_1_1778154066_w{res}.jpg,https://m.bunjang.co.kr/products/406613039,2026-05-07 20:41,i5 게임용게이밍 조립pc 컴퓨터본체 데스크탑 사무용,,,desktop,N,,SALE,,,,,UNKNOWN
본체,번개장터,406612869,여름 맞이 파격 할인! 게임용 컴퓨터 49만원 부터 판매합니다 pc 본체,630000,판매중,,https://media.bunjang.co.kr/product/406612869_1_1778154019_w{res}.jpg,https://m.bunjang.co.kr/products/406612869,2026-05-07 20:40,여름 맞이 파격 할인! 게임용 컴퓨터 49만원 부터 pc 본체,,,desktop,N,,SALE,,,,,UNKNOWN
본체,번개장터,284011042,수리된 아이나비 QXD1000알파 본체.,49000,판매중,,https://media.bunjang.co.kr/product/284011042_1_1768554051_w{res}.jpg,https://m.bunjang.co.kr/products/284011042,2026-05-07 20:38,수리된 아이나비 qxd1000알파 본체.,,,SERVICE,Y,,SALE,,,,,UNKNOWN
본체,번개장터,283922509,수리된 아이클론 클론2000 본체.,49000,판매중,,https://media.bunjang.co.kr/product/283922509_1_1749371858_w{res}.jpg,https://m.bunjang.co.kr/products/283922509,2026-05-07 20:38,수리된 아이클론 클론2000 본체.,,,SERVICE,Y,,SALE,,,,,UNKNOWN
본체,번개장터,283892891,정비된 파인뷰 옥타곤2 QHD 파인뷰 octagon2 QHD 본체만.,45000,판매중,,https://media.bunjang.co.kr/product/283892891_1_1735803976_w{res}.jpg,https://m.bunjang.co.kr/products/283892891,2026-05-07 20:38,정비된 파인뷰 옥타곤2 qhd 파인뷰 octagon2 qhd 본체만.,,,desktop,N,,SALE,,,,,UNKNOWN
본체,번개장터,283889990,정비된 파인뷰 LX2000 앞쪽 본체만.,30000,판매중,,https://media.bunjang.co.kr/product/283889990_1_1725784991_w{res}.jpg,https://m.bunjang.co.kr/products/283889990,2026-05-07 20:38,정비된 파인뷰 lx2000 앞쪽 본체만.,,,desktop,N,,SALE,,,,,UNKNOWN
본체,번개장터,283696772,정비된 만도 H1 앞쪽 본체만.,30000,판매중,,https://media.bunjang.co.kr/product/283696772_1_1723166118_w{res}.jpg,https://m.bunjang.co.kr/products/283696772,2026-05-07 20:38,정비된 만도 h1 앞쪽 본체만.,,,desktop,N,,SALE,,,,,UNKNOWN
본체,번개장터,395086299,정비된 아이나비 FXD7000 앞쪽 본체만.,45000,판매중,,https://media.bunjang.co.kr/product/395086299_1_1773470829_w{res}.jpg,https://m.bunjang.co.kr/products/395086299,2026-05-07 20:37,정비된 아이나비 fxd7000 앞쪽 본체만.,,,desktop,N,,SALE,,,,,UNKNOWN
본체,번개장터,343909412,정비된 아이나비 A1000알파 본체.,40000,판매중,,https://media.bunjang.co.kr/product/343909412_1_1752031673_w{res}.jpg,https://m.bunjang.co.kr/products/343909412,2026-05-07 20:37,정비된 아이나비 a1000알파 본체.,,,desktop,N,,SALE,,,,,UNKNOWN
본체,번개장터,335491825,정비된 아이로드 NX10 앞쪽 본체만.,38000,판매중,,https://media.bunjang.co.kr/product/335491825_1_1748148355_w{res}.jpg,https://m.bunjang.co.kr/products/335491825,2026-05-07 20:37,정비된 아이로드 nx10 앞쪽 본체만.,,,desktop,N,,SALE,,,,,UNKNOWN
본체,번개장터,284245656,수리된 터치고 K5 TOUCHGO K5 앞쪽 본체.,49000,판매중,,https://media.bunjang.co.kr/product/284245656_1_1732191772_w{res}.jpg,https://m.bunjang.co.kr/products/284245656,2026-05-07 20:37,수리된 터치고 k5 touchgo k5 앞쪽 본체.,,,SERVICE,Y,,SALE,,,,,UNKNOWN
본체,번개장터,284232261,정비된 ESV K7 F type 앞쪽 본체만.,50000,판매중,,https://media.bunjang.co.kr/product/284232261_1_1723455721_w{res}.jpg,https://m.bunjang.co.kr/products/284232261,2026-05-07 20:37,정비된 esv k7 f type 앞쪽 본체만.,,,desktop,N,,SALE,,,,,UNKNOWN
본체,번개장터,284047931,수리된 폰터스 센스 앞쪽 본체만.,41000,판매중,,https://media.bunjang.co.kr/product/284047931_1_1750662937_w{res}.jpg,https://m.bunjang.co.kr/products/284047931,2026-05-07 20:37,수리된 폰터스 센스 앞쪽 본체만.,,,SERVICE,Y,,SALE,,,,,UNKNOWN
본체,번개장터,284047271,정비된 PONTUS SENSE PLUS 폰터스 센스 플러스 앞쪽 본체만.,30000,판매중,,https://media.bunjang.co.kr/product/284047271_1_1732187243_w{res}.jpg,https://m.bunjang.co.kr/products/284047271,2026-05-07 20:37,정비된 pontus sense plus 폰터스 센스 플러스 앞쪽 본체만.,,,desktop,N,,SALE,,,,,UNKNOWN
본체,번개장터,283707331,정비된 지넷 H2 GNET H2 앞쪽 본체만.,30000,판매중,,https://media.bunjang.co.kr/product/283707331_1_1732853712_w{res}.jpg,https://m.bunjang.co.kr/products/283707331,2026-05-07 20:37,정비된 지넷 h2 gnet h2 앞쪽 본체만.,,,desktop,N,,SALE,,,,,UNKNOWN
본체,번개장터,283625545,정비된 만도 ZP2000 앞쪽 본체만.,50000,판매중,,https://media.bunjang.co.kr/product/283625545_1_1723114187_w{res}.jpg,https://m.bunjang.co.kr/products/283625545,2026-05-07 20:37,정비된 만도 zp2000 앞쪽 본체만.,,,desktop,N,,SALE,,,,,UNKNOWN
본체,번개장터,406611758,"게이밍 게임용컴퓨터, 중고 조립식컴퓨터, 컴퓨터본체",470000,판매중,,https://media.bunjang.co.kr/product/406611758_1_1778153676_w{res}.jpg,https://m.bunjang.co.kr/products/406611758,2026-05-07 20:34,"게이밍 게임용컴퓨터, 중고 조립식컴퓨터, 컴퓨터본체",,,desktop,N,,SALE,,,,,UNKNOWN
본체,번개장터,406611378,"사무용,게임용 조립식PC 컴퓨터추천 데스크탑 중고컴퓨터본체 피파서든배그",180000,판매중,,https://media.bunjang.co.kr/product/406611378_1_1778153559_w{res}.jpg,https://m.bunjang.co.kr/products/406611378,2026-05-07 20:32,"사무용,게임용 조립식pc 컴퓨터추천 데스크탑 중고컴퓨터본체 피파서든배그",,,desktop,N,,SALE,,,,,UNKNOWN
본체,번개장터,406611296,"[리니지 클래식 컴퓨터, 아이온 본체. 수량 및 소량 납품 전문]",170000,판매중,,https://media.bunjang.co.kr/product/406611296_1_1778153535_w{res}.jpg,https://m.bunjang.co.kr/products/406611296,2026-05-07 20:32,"[리니지 클래식 컴퓨터, 아이온 본체. 수량 및 소량 납품 전문]",,,desktop,N,,SALE,,,,,UNKNOWN
본체,번개장터,406610919,[번장인증] 에어팟 낱개 1 2 3 4 프로 한쪽 낱개 왼쪽 오른쪽 본체,53000,판매중,,https://media.bunjang.co.kr/product/406610919_1_1778153420_w{res}.jpg,https://m.bunjang.co.kr/products/406610919,2026-05-07 20:30,[번장인증] 에어팟 낱개 1 2 3 4 프로 한쪽 낱개 왼쪽 오른쪽 본체,애플,에어팟 프로,earphone,N,,SALE,,,,,UNKNOWN
본체,번개장터,406610538,게이밍 커브드 모니터 본체 같이 팝니다,200000,판매중,,https://media.bunjang.co.kr/product/406610538_1_1778153414_w{res}.jpg,https://m.bunjang.co.kr/products/406610538,2026-05-07 20:28,게이밍 커브드 모니터 본체 같이,,,desktop,N,,SALE,,,,,UNKNOWN
본체,번개장터,406610022,에어팟 프로2 본체,53000,판매중,,https://media.bunjang.co.kr/product/406610022_1_1778153130_w{res}.jpg,https://m.bunjang.co.kr/products/406610022,2026-05-07 20:25,에어팟 프로2 본체,애플,에어팟 프로,earphone,N,,SALE,,,,,UNKNOWN
본체,번개장터,284773805,[특가본체] 라이젠5600 인기사양 갓성비 그자체! 게이밍컴퓨터 데스크탑,790000,판매중,,https://media.bunjang.co.kr/product/284773805_1_1776576492_w{res}.jpg,https://m.bunjang.co.kr/products/284773805,2026-05-07 20:24,[특가본체] 라이젠5600 인기사양 갓성비 그자체! 게이밍컴퓨터 데스크탑,,,desktop,N,,SALE,RYZEN5600,,,,UNKNOWN
본체,번개장터,406609516,번장 이벤트 사무용 주식 TM 카톡업무 컴퓨터 본체 최저가 판매!,150000,판매중,,https://media.bunjang.co.kr/product/406609516_1_1778152963_w{res}.jpg,https://m.bunjang.co.kr/products/406609516,2026-05-07 20:22,번장 이벤트 사무용 주식 tm 카톡업무 컴퓨터 본체 최저가 !,,,desktop,N,,SALE,,,,,UNKNOWN
본체,번개장터,406609471,에어팟 프로2 8핀 라이트닝 본체 충전케이스 단품/중고,49900,판매중,,https://media.bunjang.co.kr/product/406609471_1_1778152949_w{res}.jpg,https://m.bunjang.co.kr/products/406609471,2026-05-07 20:22,에어팟 프로2 8핀 라이트닝 본체 충전케이스 단품/중고,애플,에어팟 프로,CASE,Y,,SALE,,,,,UNKNOWN
본체,번개장터,406608960,가성비 본체 싹 다 여기있습니다컴퓨터본체pc데스크탑조립식최저가PC,270000,판매중,,https://media.bunjang.co.kr/product/406608960_1_1778152789_w{res}.jpg,https://m.bunjang.co.kr/products/406608960,2026-05-07 20:19,가성비 본체 싹 다 여기있습니다컴퓨터본체pc데스크탑조립식최저가pc,,,desktop,N,,SALE,,,,,UNKNOWN
본체,번개장터,406608507,구매율1위컴퓨터!최저가pc비교불가!!컴퓨터pc본체데스크탑조립식컴퓨터사무용,420000,판매중,,https://media.bunjang.co.kr/product/406608507_1_1778152642_w{res}.jpg,https://m.bunjang.co.kr/products/406608507,2026-05-07 20:17,구매율1위컴퓨터!최저가pc비교불가!!컴퓨터pc본체데스크탑조립식컴퓨터사무용,,,desktop,N,,SALE,,,,,UNKNOWN
본체,번개장터,405045132,에어팟프로2 C타입 본체,73000,판매중,,https://media.bunjang.co.kr/product/405045132_1_1777560652_w{res}.jpg,https://m.bunjang.co.kr/products/405045132,2026-05-07 20:14,에어팟프로2 c타입 본체,애플,에어팟 프로,earphone,N,,SALE,,,,,UNKNOWN
본체,번개장터,401808447,에어팟프로2 C타입 S급 본체,65000,판매중,,https://media.bunjang.co.kr/product/401808447_1_1776261073_w{res}.jpg,https://m.bunjang.co.kr/products/401808447,2026-05-07 20:14,에어팟프로2 c타입 s급 본체,애플,에어팟 프로,earphone,N,,SALE,,,,,UNKNOWN
본체,번개장터,399669209,에어팟프로2  C타입 S급 본체,73000,판매중,,https://media.bunjang.co.kr/product/399669209_1_1775386325_w{res}.jpg,https://m.bunjang.co.kr/products/399669209,2026-05-07 20:14,에어팟프로2 c타입 s급 본체,애플,에어팟 프로,earphone,N,,SALE,,,,,UNKNOWN
본체,번개장터,406608002,에어팟프로3 본체 정품 작동잘됨  총알배송,100000,판매중,,https://media.bunjang.co.kr/product/406608002_1_1778152468_w{res}.jpg,https://m.bunjang.co.kr/products/406608002,2026-05-07 20:14,에어팟프로3 본체 작동잘됨 총알배송,애플,에어팟 프로,earphone,N,,SALE,,,,,UNKNOWN
본체,번개장터,406607827,에어팟4세대 본체 노캔가능버전 작동잘됨  총알배송,60000,판매중,,https://media.bunjang.co.kr/product/406607827_1_1778152416_w{res}.jpg,https://m.bunjang.co.kr/products/406607827,2026-05-07 20:13,에어팟4세대 본체 노캔가능버전 작동잘됨 총알배송,애플,에어팟,earphone,N,,SALE,,,,,UNKNOWN
본체,번개장터,406607698,에어팟프로2 본체 8핀 정품 총알배송,50000,판매중,,https://media.bunjang.co.kr/product/406607698_1_1778152374_w{res}.jpg,https://m.bunjang.co.kr/products/406607698,2026-05-07 20:12,에어팟프로2 본체 8핀 총알배송,애플,에어팟 프로,earphone,N,,SALE,,,,,UNKNOWN
본체,번개장터,406606666,에어팟 프로2 C타입 본체 충전케이스 단품/중고,52900,판매중,,https://media.bunjang.co.kr/product/406606666_1_1778152059_w{res}.jpg,https://m.bunjang.co.kr/products/406606666,2026-05-07 20:07,에어팟 프로2 c타입 본체 충전케이스 단품/중고,애플,에어팟 프로,CASE,Y,,SALE,,,,,UNKNOWN
본체,번개장터,387371749,안전결제가능 i7/램12g/gtx1050 본체 게이밍 데스크탑 컴퓨터,175000,판매중,,https://media.bunjang.co.kr/product/387371749_1_1773505301_w{res}.jpg,https://m.bunjang.co.kr/products/387371749,2026-05-07 20:03,안전결제가능 i7/램12g/gtx1050 본체 게이밍 데스크탑 컴퓨터,,,desktop,N,,SALE,,GTX1050,,,UNKNOWN
본체,번개장터,347078884,안전결제가능i7/램12g/gtx1060 컴퓨터 게이밍 데스크탑 본체,206000,판매중,,https://media.bunjang.co.kr/product/347078884_1_1774425074_w{res}.jpg,https://m.bunjang.co.kr/products/347078884,2026-05-07 20:03,안전결제가능i7/램12g/gtx1060 컴퓨터 게이밍 데스크탑 본체,,,desktop,N,,SALE,,GTX1060,,,LOW
본체,번개장터,318624046,안전결제가능 i7/gtx970 본체 게이밍 데스크탑 컴퓨터 pc,179000,판매중,,https://media.bunjang.co.kr/product/318624046_1_1773890035_w{res}.jpg,https://m.bunjang.co.kr/products/318624046,2026-05-07 20:03,안전결제가능 i7/gtx970 본체 게이밍 데스크탑 컴퓨터 pc,,,desktop,N,,SALE,,,,,UNKNOWN
본체,번개장터,334796158,다이슨 V6 SV09 본체 모터 헤드 배터리포함,45000,판매중,,https://media.bunjang.co.kr/product/334796158_1_1755679902_w{res}.jpg,https://m.bunjang.co.kr/products/334796158,2026-05-07 20:02,다이슨 v6 sv09 본체 모터 헤드 배터리포함,,,desktop,N,,SALE,,,,,UNKNOWN
본체,번개장터,406605014,[번장특판 컴퓨터 이벤트]RTX 3060TI 모음 본체 최저가 한정수량,720000,판매중,,https://media.bunjang.co.kr/product/406605014_1_1778151560_w{res}.jpg,https://m.bunjang.co.kr/products/406605014,2026-05-07 19:59,[번장특판 컴퓨터 이벤트]rtx 3060ti 모음 본체 최저가 한정수량,,,desktop,N,,SALE,,RTX3060TI,,,MID
본체,번개장터,363606163,아이스테이션 PMP i2 20G 본체.충전기포함,43000,판매중,,https://media.bunjang.co.kr/product/363606163_1_1777966640_w{res}.jpg,https://m.bunjang.co.kr/products/363606163,2026-05-07 19:55,아이스테이션 pmp i2 20g 본체.충전기포함,,,CHARGER,Y,,SALE,,,,,UNKNOWN
본체,번개장터,406603904,[번장특판 컴퓨터 이벤트]RTX 3060TI 모음 본체 최저가 한정수량,720000,판매중,,https://media.bunjang.co.kr/product/406603904_1_1778151175_w{res}.jpg,https://m.bunjang.co.kr/products/406603904,2026-05-07 19:52,[번장특판 컴퓨터 이벤트]rtx 3060ti 모음 본체 최저가 한정수량,,,desktop,N,,SALE,,RTX3060TI,,,MID
본체,번개장터,406603841,(미사용/새상품) 버즈2프로 퍼플/보라 본체(충전케이스) 이어폰 단품,52900,판매중,,https://media.bunjang.co.kr/product/406603841_1_1778151157_w{res}.jpg,https://m.bunjang.co.kr/products/406603841,2026-05-07 19:52,(미사용/) 버즈2프로 퍼플/보라 본체(충전케이스) 이어폰 단품,,,CASE,Y,,SALE,,,,,UNKNOWN
본체,번개장터,394685635,급처) i7-12700KF(7800X3D급) RTX4060 32GB,1100000,판매중,,https://media.bunjang.co.kr/product/394685635_1_1778213645_w{res}.jpg,https://m.bunjang.co.kr/products/394685635,2026-05-07 19:48,) i7-12700kf(7800x3d급) rtx4060 32gb,,,UNKNOWN,N,32.0,SALE,I7-12700KF,RTX4060,,,MID
본체,번개장터,406602907,버즈2프로 화이트 본체(충전케이스) 단품/낱개/중고/삼성정품,46900,판매중,,https://media.bunjang.co.kr/product/406602907_1_1778150848_w{res}.jpg,https://m.bunjang.co.kr/products/406602907,2026-05-07 19:47,버즈2프로 화이트 본체(충전케이스) 단품/낱개/중고/삼성,,,CASE,Y,,SALE,,,,,UNKNOWN
본체,번개장터,389167583,치카비 msd 노말 미뉴엣 본체 구체관절인형,128000,판매중,,https://media.bunjang.co.kr/product/389167583_1_1777903660_w{res}.jpg,https://m.bunjang.co.kr/products/389167583,2026-05-07 19:44,치카비 msd 노말 미뉴엣 본체 구체관절인형,,,desktop,N,,SALE,,,,,UNKNOWN
본체,번개장터,406467361,버즈2 본체 판매합니다,24000,판매중,,https://media.bunjang.co.kr/product/406467361_1_1778086509_w{res}.jpg,https://m.bunjang.co.kr/products/406467361,2026-05-07 19:44,버즈2 본체,,,desktop,N,,SALE,,,,,UNKNOWN
본체,번개장터,406467951,버즈fe 본체 판매합니다,24000,판매중,,https://media.bunjang.co.kr/product/406467951_1_1778086771_w{res}.jpg,https://m.bunjang.co.kr/products/406467951,2026-05-07 19:43,버즈fe 본체,,,desktop,N,,SALE,,,,,UNKNOWN
본체,번개장터,406468600,버즈2프로 본체 판매합니다,34000,판매중,,https://media.bunjang.co.kr/product/406468600_1_1778087091_w{res}.jpg,https://m.bunjang.co.kr/products/406468600,2026-05-07 19:43,버즈2프로 본체,,,desktop,N,,SALE,,,,,UNKNOWN
본체,번개장터,406172728,버즈2프로 본체 판매합니다,35000,판매중,,https://media.bunjang.co.kr/product/406172728_1_1777979319_w{res}.jpg,https://m.bunjang.co.kr/products/406172728,2026-05-07 19:42,버즈2프로 본체,,,desktop,N,,SALE,,,,,UNKNOWN
본체,번개장터,406173715,버즈2 본체 판매합니다,25000,판매중,,https://media.bunjang.co.kr/product/406173715_1_1777979563_w{res}.jpg,https://m.bunjang.co.kr/products/406173715,2026-05-07 19:42,버즈2 본체,,,desktop,N,,SALE,,,,,UNKNOWN
본체,번개장터,405088619,아이닉청소기 i 20  본체 부품용 판매합니다,17000,판매중,,https://media.bunjang.co.kr/product/405088619_1_1777593690_w{res}.jpg,https://m.bunjang.co.kr/products/405088619,2026-05-07 19:41,아이닉청소기 i 20 본체 부품용,,,PARTS,Y,,SALE,,,,,UNKNOWN
본체,번개장터,406601728,60년대 협궤열차 다닐때 나왔던 옛 송도역 철도여행기념스탬프 본체 팝니다,5000000,판매중,,https://media.bunjang.co.kr/product/406601728_1_1778150462_w{res}.jpg,https://m.bunjang.co.kr/products/406601728,2026-05-07 19:41,60년대 협궤열차 다닐때 나왔던 옛 송도역 철도여행기념스탬프 본체,,,desktop,N,,SALE,,,,,UNKNOWN
본체,번개장터,398976486,에어팟4세대 노캔본체,60000,판매중,,https://media.bunjang.co.kr/product/398976486_1_1775135773_w{res}.jpg,https://m.bunjang.co.kr/products/398976486,2026-05-07 19:40,에어팟4세대 노캔본체,애플,에어팟,earphone,N,,SALE,,,,,UNKNOWN
본체,번개장터,406601510,"작동잘됨) 닌텐도 wii 본체, 리모콘, 센서바, 눈차크",36700,판매중,,https://media.bunjang.co.kr/product/406601510_1_1778162958_w{res}.jpg,https://m.bunjang.co.kr/products/406601510,2026-05-07 19:39,"작동잘됨) 닌텐도 wii 본체, 리모콘, 센서바, 눈차크",,,desktop,N,,SALE,,,,,UNKNOWN
본체,번개장터,406601287,애플 에어팟 3세대 프로 본체,100000,판매중,,https://media.bunjang.co.kr/product/406601287_1_1778150331_w{res}.jpg,https://m.bunjang.co.kr/products/406601287,2026-05-07 19:38,애플 에어팟 3세대 프로 본체,애플,에어팟 프로,earphone,N,,SALE,,,,,UNKNOWN
본체,번개장터,406601115,컴퓨터 최저가로 구매하자최저가보장컴퓨터본체데스크탑pc조립식컴퓨터,280000,판매중,,https://media.bunjang.co.kr/product/406601115_1_1778150280_w{res}.jpg,https://m.bunjang.co.kr/products/406601115,2026-05-07 19:38,컴퓨터 최저가로 구매하자최저가보장컴퓨터본체데스크탑pc조립식컴퓨터,,,desktop,N,,SALE,,,,,UNKNOWN
본체,번개장터,406600729,[번장1등 컴퓨터 풀셋트 본체]한정수량 초특가 이벤트 판매 합니다,285000,판매중,,https://media.bunjang.co.kr/product/406600729_1_1778150158_w{res}.jpg,https://m.bunjang.co.kr/products/406600729,2026-05-07 19:35,[번장1등 컴퓨터 풀셋트 본체]한정수량 초특가 이벤트 합니다,,,desktop,N,,SALE,,,,,UNKNOWN
본체,번개장터,406600172,버즈2프로 블랙/그라파이트 본체(충전케이스) 단품/낱개/중고/정품,46900,판매중,,https://media.bunjang.co.kr/product/406600172_1_1778149958_w{res}.jpg,https://m.bunjang.co.kr/products/406600172,2026-05-07 19:32,버즈2프로 블랙/그라파이트 본체(충전케이스) 단품/낱개/중고/,,,CASE,Y,,SALE,,,,,UNKNOWN
본체,번개장터,406599238,PS4 플레이스테이션4 본체 + 컨트롤러,155000,판매중,,https://media.bunjang.co.kr/product/406599238_1_1778161274_w{res}.jpg,https://m.bunjang.co.kr/products/406599238,2026-05-07 19:27,ps4 플레이스테이션4 본체 + 컨트롤러,,,desktop,N,,SALE,,,,,UNKNOWN
본체,번개장터,406598634,[번장1등 컴퓨터 풀셋트 본체]한정수량 초특가 이벤트 판매 합니다,285000,판매중,,https://media.bunjang.co.kr/product/406598634_1_1778149473_w{res}.jpg,https://m.bunjang.co.kr/products/406598634,2026-05-07 19:24,[번장1등 컴퓨터 풀셋트 본체]한정수량 초특가 이벤트 합니다,,,desktop,N,,SALE,,,,,UNKNOWN
본체,번개장터,392066668,닌텐도 3DS XL 한국판 그레이 본체만 + 충전기 + 영어 + 틀린그림,298000,판매중,,https://media.bunjang.co.kr/product/392066668_1_1777199354_w{res}.jpg,https://m.bunjang.co.kr/products/392066668,2026-05-07 19:22,닌텐도 3ds xl 한국판 그레이 본체만 + 충전기 + 영어 + 틀린그림,,,CHARGER,Y,,SALE,,,,,UNKNOWN
본체,번개장터,406598073,택포) 에어팟 2 무선 본체 (1세대 가능) 무선충전 충전케이스,23000,판매중,,https://media.bunjang.co.kr/product/406598073_1_1778149288_w{res}.jpg,https://m.bunjang.co.kr/products/406598073,2026-05-07 19:21,) 에어팟 2 무선 본체 (1세대 가능) 무선충전 충전케이스,애플,에어팟,CASE,Y,,SALE,,,,,UNKNOWN
본체,번개장터,406597308,버즈3 화이트 본체(충전케이스) 단품/낱개/중고/삼성정품,63900,판매중,,https://media.bunjang.co.kr/product/406597308_1_1778149060_w{res}.jpg,https://m.bunjang.co.kr/products/406597308,2026-05-07 19:17,버즈3 화이트 본체(충전케이스) 단품/낱개/중고/삼성,,,CASE,Y,,SALE,,,,,UNKNOWN
본체,번개장터,406597158,택포) 에어팟 3 본체,45000,판매중,,https://media.bunjang.co.kr/product/406597158_1_1778149013_w{res}.jpg,https://m.bunjang.co.kr/products/406597158,2026-05-07 19:16,) 에어팟 3 본체,애플,에어팟,earphone,N,,SALE,,,,,UNKNOWN
본체,번개장터,395254098,9800X3D / 3080ti 슈프림 완본체 게이밍본체,2000000,예약중,,https://media.bunjang.co.kr/product/395254098_1_1773546052_w{res}.jpg,https://m.bunjang.co.kr/products/395254098,2026-05-07 19:15,9800x3d / 3080ti 슈프림 완본체 게이밍본체,,,desktop,N,,RESERVED,,,,,UNKNOWN
본체,번개장터,406596728,갤럭시 버즈2 프로 블랙 본체,35000,판매중,,https://media.bunjang.co.kr/product/406596728_1_1778148875_w{res}.jpg,https://m.bunjang.co.kr/products/406596728,2026-05-07 19:14,갤럭시 버즈2 프로 블랙 본체,삼성,,smartphone,N,,SALE,,,,,UNKNOWN
본체,번개장터,406596652,"갤럭시버즈 프로2 블랙 왼쪽, 오른쪽,본체 개별 판매",35000,판매중,,https://media.bunjang.co.kr/product/406596652_1_1778148853_w{res}.jpg,https://m.bunjang.co.kr/products/406596652,2026-05-07 19:14,"갤럭시버즈 프로2 블랙 왼쪽, 오른쪽,본체 개별",삼성,,smartphone,N,,SALE,,,,,UNKNOWN
본체,번개장터,406596499,"갤럭시버즈 프로2 흰색 왼쪽, 오른쪽, 본체 각개 판매",35000,판매중,,https://media.bunjang.co.kr/product/406596499_1_1778148803_w{res}.jpg,https://m.bunjang.co.kr/products/406596499,2026-05-07 19:13,"갤럭시버즈 프로2 흰색 왼쪽, 오른쪽, 본체 각개",삼성,,smartphone,N,,SALE,,,,,UNKNOWN
본체,번개장터,406596356,[번장1등 컴퓨터 풀셋트 본체]한정수량 초특가 이벤트 판매 합니다,285000,판매중,,https://media.bunjang.co.kr/product/406596356_1_1778148755_w{res}.jpg,https://m.bunjang.co.kr/products/406596356,2026-05-07 19:12,[번장1등 컴퓨터 풀셋트 본체]한정수량 초특가 이벤트 합니다,,,desktop,N,,SALE,,,,,UNKNOWN
본체,번개장터,406596352,에어팟 프로 2세대 본체 C타입,78000,판매중,,https://media.bunjang.co.kr/product/406596352_1_1778148753_w{res}.jpg,https://m.bunjang.co.kr/products/406596352,2026-05-07 19:12,에어팟 프로 2세대 본체 c타입,애플,에어팟 프로,earphone,N,,SALE,,,,,UNKNOWN
본체,번개장터,406596350,가성비 중고컴퓨터 본체 조립식 게이밍 게임용컴퓨터 가격 추천,190000,판매중,,https://media.bunjang.co.kr/product/406596350_1_1778148753_w{res}.jpg,https://m.bunjang.co.kr/products/406596350,2026-05-07 19:12,가성비 중고컴퓨터 본체 조립식 게이밍 게임용컴퓨터 가격 추천,,,desktop,N,,SALE,,,,,UNKNOWN
본체,번개장터,406596304,닌텐도 스위치2 본체 풀박스,600000,판매중,,https://media.bunjang.co.kr/product/406596304_1_1778148740_w{res}.jpg,https://m.bunjang.co.kr/products/406596304,2026-05-07 19:12,닌텐도 스위치2 본체 스,,,desktop,N,,SALE,,,,,UNKNOWN
본체,번개장터,406596221,GTX 게임용 중고컴퓨터 조립식 컴퓨터본체 게이밍,190000,판매중,,https://media.bunjang.co.kr/product/406596221_1_1778148714_w{res}.jpg,https://m.bunjang.co.kr/products/406596221,2026-05-07 19:11,gtx 게임용 중고컴퓨터 조립식 컴퓨터본체 게이밍,,,desktop,N,,SALE,,,,,UNKNOWN
본체,번개장터,403938341,개인 게이밍 데스크탑 본체 쓸만한거 판매합니다.,520000,판매중,,https://media.bunjang.co.kr/product/403938341_1_1778148608_w{res}.jpg,https://m.bunjang.co.kr/products/403938341,2026-05-07 19:02,개인 게이밍 데스크탑 본체 쓸만한거 .,,,desktop,N,,SALE,,,,,UNKNOWN
본체,번개장터,406594419,버즈3 실버 본체(충전케이스) 단품/낱개/중고/삼성정품,60000,판매중,,https://media.bunjang.co.kr/product/406594419_1_1778203290_w{res}.jpg,https://m.bunjang.co.kr/products/406594419,2026-05-07 19:02,버즈3 실버 본체(충전케이스) 단품/낱개/중고/삼성,,,CASE,Y,,SALE,,,,,UNKNOWN
본체,번개장터,388370321,삼성 겜보이 본체 분양합니다,532000,판매중,,https://media.bunjang.co.kr/product/388370321_1_1771152625_w{res}.jpg,https://m.bunjang.co.kr/products/388370321,2026-05-07 19:01,삼성 겜보이 본체 분양합니다,,,desktop,N,,SALE,,,,,UNKNOWN
본체,번개장터,406593834,에어팟 2 세대 유선충전 본체,15000,판매중,,https://media.bunjang.co.kr/product/406593834_1_1778147939_w{res}.jpg,https://m.bunjang.co.kr/products/406593834,2026-05-07 18:58,에어팟 2 세대 유선충전 본체,애플,에어팟,earphone,N,,SALE,,,,,UNKNOWN
본체,번개장터,406092001,게이밍 본체 팝니다.,2000000,판매중,,https://media.bunjang.co.kr/product/406092001_1_1778042376_w{res}.jpg,https://m.bunjang.co.kr/products/406092001,2026-05-07 18:57,게이밍 본체 .,,,desktop,N,,SALE,,,,,UNKNOWN
본체,번개장터,406593352,번장 이벤트 사무용 주식 TM 메신저업무 컴퓨터 본체 최저가 판매!,150000,판매중,,https://media.bunjang.co.kr/product/406593352_1_1778147771_w{res}.jpg,https://m.bunjang.co.kr/products/406593352,2026-05-07 18:56,번장 이벤트 사무용 주식 tm 메신저업무 컴퓨터 본체 최저가 !,,,desktop,N,,SALE,,,,,UNKNOWN
본체,번개장터,406592906,게임전용 조립PC 조립식컴퓨터 본체가격 게이밍,780000,판매중,,https://media.bunjang.co.kr/product/406592906_1_1778147616_w{res}.jpg,https://m.bunjang.co.kr/products/406592906,2026-05-07 18:53,게임전용 조립pc 조립식컴퓨터 본체가격 게이밍,,,desktop,N,,SALE,,,,,UNKNOWN
본체,번개장터,406592063,번장 이벤트 사무용 주식 TM 카톡업무 컴퓨터 본체 최저가 판매!,150000,판매중,,https://media.bunjang.co.kr/product/406592063_1_1778147352_w{res}.jpg,https://m.bunjang.co.kr/products/406592063,2026-05-07 18:49,번장 이벤트 사무용 주식 tm 카톡업무 컴퓨터 본체 최저가 !,,,desktop,N,,SALE,,,,,UNKNOWN
본체,번개장터,406591726,(새제품)버즈3 화이트 본체(충전케이스) 단품/낱개/삼성정품,67900,판매중,,https://media.bunjang.co.kr/product/406591726_1_1778147248_w{res}.jpg,https://m.bunjang.co.kr/products/406591726,2026-05-07 18:47,(새제품)버즈3 화이트 본체(충전케이스) 단품/낱개/삼성,,,CASE,Y,,SALE,,,,,UNKNOWN
본체,번개장터,406591558,I5 RTX 게이밍 게임용전용 컴퓨터 (중고조립식컴퓨터본체),750000,판매중,,https://media.bunjang.co.kr/product/406591558_1_1778147197_w{res}.jpg,https://m.bunjang.co.kr/products/406591558,2026-05-07 18:46,i5 rtx 게이밍 게임용전용 컴퓨터 (중고조립식컴퓨터본체),,,desktop,N,,SALE,,,,,UNKNOWN
본체,번개장터,405880171,5060ti(신품) FHD끝판왕 고사양게이밍pc 본체 판매합니다,1150000,판매중,,https://media.bunjang.co.kr/product/405880171_1_1778165559_w{res}.jpg,https://m.bunjang.co.kr/products/405880171,2026-05-07 18:45,5060ti(신품) fhd끝판왕 고사양게이밍pc 본체,,,desktop,N,,SALE,,,,,UNKNOWN
본체,번개장터,397097090,닌텐도 Wii 화이트/블랙 본체 세트(리모콘없음),30000,판매중,,https://media.bunjang.co.kr/product/397097090_1_1775355385_w{res}.jpg,https://m.bunjang.co.kr/products/397097090,2026-05-07 18:42,닌텐도 wii 화이트/블랙 본체 세트(리모콘없음),,,desktop,N,,SALE,,,,,UNKNOWN
본체,번개장터,226527262,인기PC총집합!최저가보장잔고장없는본체컴퓨터데스크탑pc조립식컴퓨터중고컴퓨터,460000,판매중,,https://media.bunjang.co.kr/product/226527262_1_1776172184_w{res}.jpg,https://m.bunjang.co.kr/products/226527262,2026-05-07 18:41,인기pc총집합!최저가보장잔고장없는본체컴퓨터데스크탑pc조립식컴퓨터중고컴퓨터,,,PARTS,Y,,SALE,,,,,UNKNOWN
본체,번개장터,226526932,최저가PC잔고장걱정X확실한컴퓨터구매하세요!컴퓨터본체데스크탑pc중고컴퓨터,460000,판매중,,https://media.bunjang.co.kr/product/226526932_1_1776172157_w{res}.jpg,https://m.bunjang.co.kr/products/226526932,2026-05-07 18:41,최저가pc잔고장걱정x확실한컴퓨터구매하세요!컴퓨터본체데스크탑pc중고컴퓨터,,,PARTS,Y,,SALE,,,,,UNKNOWN
본체,번개장터,226499586,서든/롤/피파/던파/오버워치/발로란트/메이플컴퓨터본체데스크탑pc중고,420000,판매중,,https://media.bunjang.co.kr/product/226499586_1_1776172118_w{res}.jpg,https://m.bunjang.co.kr/products/226499586,2026-05-07 18:41,서든/롤/피파/던파/오버워치/발로란트/메이플컴퓨터본체데스크탑pc중고,,,desktop,N,,SALE,,,,,UNKNOWN
본체,번개장터,406590335,택포) 에어팟 프로 2세대 본체 8핀,63000,판매중,,https://media.bunjang.co.kr/product/406590335_1_1778146798_w{res}.jpg,https://m.bunjang.co.kr/products/406590335,2026-05-07 18:39,) 에어팟 프로 2세대 본체 8핀,애플,에어팟 프로,earphone,N,,SALE,,,,,UNKNOWN
본체,번개장터,403764662,GTX750TI 데스크탑 본체 라이젠 3400g,250000,판매중,,https://media.bunjang.co.kr/product/403764662_1_1777982600_w{res}.jpg,https://m.bunjang.co.kr/products/403764662,2026-05-07 18:35,gtx750ti 데스크탑 본체 라이젠 3400g,,,desktop,N,,SALE,RYZEN 3400G,,,,UNKNOWN
본체,번개장터,406588931,(새제품)버즈3 실버 본체(충전케이스) 단품/낱개/정품,67900,판매중,,https://media.bunjang.co.kr/product/406588931_1_1778146359_w{res}.jpg,https://m.bunjang.co.kr/products/406588931,2026-05-07 18:32,(새제품)버즈3 실버 본체(충전케이스) 단품/낱개/,,,CASE,Y,,SALE,,,,,UNKNOWN
본체,번개장터,406206784,"닌텐도스위치 구형 본체 단품 (국내정발 , 19년 제조)",90000,판매중,,https://media.bunjang.co.kr/product/406206784_1_1777988774_w{res}.jpg,https://m.bunjang.co.kr/products/406206784,2026-05-07 18:29,"닌텐도스위치 구형 본체 단품 (국내정발 , 19년 제조)",,,desktop,N,,SALE,,,,,UNKNOWN
본체,번개장터,406587678,[번장특판 컴퓨터 이벤트]RTX 3060TI 모음 본체 최저가 한정수량,720000,판매중,,https://media.bunjang.co.kr/product/406587678_1_1778145949_w{res}.jpg,https://m.bunjang.co.kr/products/406587678,2026-05-07 18:25,[번장특판 컴퓨터 이벤트]rtx 3060ti 모음 본체 최저가 한정수량,,,desktop,N,,SALE,,RTX3060TI,,,MID
본체,번개장터,406587560,아이패드 에어 5세대 256GB wifi 본체 상태좋음,950000,판매중,,https://media.bunjang.co.kr/product/406587560_1_1778145913_w{res}.jpg,https://m.bunjang.co.kr/products/406587560,2026-05-07 18:25,아이패드 에어 5세대 256gb wifi 본체,애플,아이패드 에어,desktop,N,256.0,SALE,,,,,UNKNOWN
본체,번개장터,406586478,고사양 게이밍 라이젠 게임용 중고컴퓨터 조립식컴퓨터본체,780000,판매중,,https://media.bunjang.co.kr/product/406586478_1_1778145551_w{res}.jpg,https://m.bunjang.co.kr/products/406586478,2026-05-07 18:19,고사양 게이밍 라이젠 게임용 중고컴퓨터 조립식컴퓨터본체,,,desktop,N,,SALE,,,,,UNKNOWN
본체,번개장터,406586400,게이밍 게임용 조립식PC 컴퓨터추천 데스크탑 중고컴퓨터본체,420000,판매중,,https://media.bunjang.co.kr/product/406586400_1_1778145529_w{res}.jpg,https://m.bunjang.co.kr/products/406586400,2026-05-07 18:18,게이밍 게임용 조립식pc 컴퓨터추천 데스크탑 중고컴퓨터본체,,,desktop,N,,SALE,,,,,UNKNOWN
본체,번개장터,406586185,버즈3프로 화이트 본체(충전케이스) 단품/낱개/중고/삼성정품,72900,판매중,,https://media.bunjang.co.kr/product/406586185_1_1778145457_w{res}.jpg,https://m.bunjang.co.kr/products/406586185,2026-05-07 18:17,버즈3프로 화이트 본체(충전케이스) 단품/낱개/중고/삼성,,,CASE,Y,,SALE,,,,,UNKNOWN
본체,번개장터,368952206,"게이밍 PC 본체 (라이젠5 5500, GTX 1660 SUPER)",520000,판매중,,https://media.bunjang.co.kr/product/368952206_1_1776389346_w{res}.jpg,https://m.bunjang.co.kr/products/368952206,2026-05-07 18:15,"게이밍 pc 본체 (라이젠5 5500, gtx 1660 super)",,,desktop,N,,SALE,RYZEN5 5500,GTX1660,,,LOW
본체,번개장터,350597654,4080super 컴퓨터 본체 윈도우11설치,3100000,판매중,,https://media.bunjang.co.kr/product/350597654_1_1771849954_w{res}.jpg,https://m.bunjang.co.kr/products/350597654,2026-05-07 18:15,4080super 컴퓨터 본체 윈도우11설치,,,SERVICE,Y,,SALE,,,,,UNKNOWN
본체,번개장터,406585006,갤럭시 버즈3 실버 본체,40000,판매중,,https://media.bunjang.co.kr/product/406585006_1_1778145093_w{res}.jpg,https://m.bunjang.co.kr/products/406585006,2026-05-07 18:11,갤럭시 버즈3 실버 본체,삼성,,smartphone,N,,SALE,,,,,UNKNOWN
본체,번개장터,406584843,갤럭시 버즈3 화이트 본체,40000,판매중,,https://media.bunjang.co.kr/product/406584843_1_1778145053_w{res}.jpg,https://m.bunjang.co.kr/products/406584843,2026-05-07 18:10,갤럭시 버즈3 화이트 본체,삼성,,smartphone,N,,SALE,,,,,UNKNOWN
본체,번개장터,406583863,인텔 I5 사무용컴퓨터본체 추가 게이밍컴퓨터 사용가능,180000,판매중,,https://media.bunjang.co.kr/product/406583863_1_1778144729_w{res}.jpg,https://m.bunjang.co.kr/products/406583863,2026-05-07 18:05,인텔 i5 사무용컴퓨터본체 추가 게이밍컴퓨터 사용가능,,,desktop,N,,SALE,,,,,UNKNOWN
본체,번개장터,406444761,지포스 RTX 3070 8g 그래픽카드 본체,330000,판매중,,https://media.bunjang.co.kr/product/406444761_1_1778165502_w{res}.jpg,https://m.bunjang.co.kr/products/406444761,2026-05-07 18:04,지포스 rtx 3070 8g 그래픽카드 본체,,,desktop,N,,SALE,,RTX3070,,,MID
본체,번개장터,391989625,메이커 삼성슬림 I5 6400본체 판매합니다 사무용/가정용/웹서핑pc,170000,판매중,,https://media.bunjang.co.kr/product/391989625_1_1772173603_w{res}.jpg,https://m.bunjang.co.kr/products/391989625,2026-05-07 18:03,메이커 삼성슬림 i5 6400본체 사무용/가정용/웹서핑pc,,,desktop,N,,SALE,I5 6400,,,,LOW
본체,번개장터,358630569,가성비 게임용본체 인텔 9400F+1660슈퍼 Ti+16GB 게이밍PC,510000,판매중,,https://media.bunjang.co.kr/product/358630569_1_1775624124_w{res}.jpg,https://m.bunjang.co.kr/products/358630569,2026-05-07 18:03,가성비 게임용본체 인텔 9400f+1660슈퍼 ti+16gb 게이밍pc,,,desktop,N,16.0,SALE,,,,,UNKNOWN
본체,번개장터,406583294,버즈3프로 실버 본체(충전케이스) 단품/낱개/중고/삼성정품,69700,판매중,,https://media.bunjang.co.kr/product/406583294_1_1778144549_w{res}.jpg,https://m.bunjang.co.kr/products/406583294,2026-05-07 18:02,버즈3프로 실버 본체(충전케이스) 단품/낱개/중고/삼성,,,CASE,Y,,SALE,,,,,UNKNOWN
본체,번개장터,406583279,번장 이벤트 사무용 주식 TM 카톡업무 컴퓨터 본체 최저가 판매!,150000,판매중,,https://media.bunjang.co.kr/product/406583279_1_1778144546_w{res}.jpg,https://m.bunjang.co.kr/products/406583279,2026-05-07 18:02,번장 이벤트 사무용 주식 tm 카톡업무 컴퓨터 본체 최저가 !,,,desktop,N,,SALE,,,,,UNKNOWN
본체,번개장터,406582958,부산 i5 13500 rtx4070 컴퓨터 본체 데스크탑 pc,1420000,판매중,,https://media.bunjang.co.kr/product/406582958_1_1778144448_w{res}.jpg,https://m.bunjang.co.kr/products/406582958,2026-05-07 18:00,부산 i5 13500 rtx4070 컴퓨터 본체 데스크탑 pc,,,desktop,N,,SALE,I5 13500,RTX4070,,,HIGH
본체,번개장터,406582776,i7 14700k ddr5 64g 컴퓨터 반본체 데스크탑 pc,1880000,판매중,,https://media.bunjang.co.kr/product/406582776_1_1778144392_w{res}.jpg,https://m.bunjang.co.kr/products/406582776,2026-05-07 17:59,i7 14700k ddr5 64g 컴퓨터 반본체 데스크탑 pc,,,desktop,N,,SALE,I7 14700K,,,,UNKNOWN
본체,번개장터,406582709,[번장특판 컴퓨터 이벤트]RTX 3060TI 모음 본체 최저가 한정수량,720000,판매중,,https://media.bunjang.co.kr/product/406582709_1_1778144369_w{res}.jpg,https://m.bunjang.co.kr/products/406582709,2026-05-07 17:59,[번장특판 컴퓨터 이벤트]rtx 3060ti 모음 본체 최저가 한정수량,,,desktop,N,,SALE,,RTX3060TI,,,MID
본체,번개장터,393592150,PS4 Pro 화이트 본체 + 듀얼쇼크,260000,판매중,,https://media.bunjang.co.kr/product/393592150_1_1777291236_w{res}.jpg,https://m.bunjang.co.kr/products/393592150,2026-05-07 17:56,ps4 pro 화이트 본체 + 듀얼쇼크,,,desktop,N,,SALE,,,,,UNKNOWN
본체,번개장터,372019691,사무용 게임용 중고 i5-6세대 조립 PC 본체 데스크탑 무료배송!,230000,판매중,,https://media.bunjang.co.kr/product/372019691_1_1768283855_w{res}.jpg,https://m.bunjang.co.kr/products/372019691,2026-05-07 17:55,사무용 게임용 중고 i5-6세대 조립 pc 본체 데스크탑 무료배송!,,,desktop,N,,SALE,,,,,UNKNOWN
본체,번개장터,372027970,게임용 게이밍 i5-9세대 중고 조립 PC 본체 데스크탑 영상작업 사무용,280000,판매중,,https://media.bunjang.co.kr/product/372027970_1_1774882837_w{res}.jpg,https://m.bunjang.co.kr/products/372027970,2026-05-07 17:55,게임용 게이밍 i5-9세대 중고 조립 pc 본체 데스크탑 영상작업 사무용,,,desktop,N,,SALE,,,,,UNKNOWN
본체,번개장터,372026763,사무용 게임용 조립 중고 PC 본체 데스크탑 무료배송! 안전포장!,240000,판매중,,https://media.bunjang.co.kr/product/372026763_1_1768283837_w{res}.jpg,https://m.bunjang.co.kr/products/372026763,2026-05-07 17:55,사무용 게임용 조립 중고 pc 본체 데스크탑 무료배송! 안전포장!,,,desktop,N,,SALE,,,,,UNKNOWN
본체,번개장터,372022113,배그 오버워치 게임용 게이밍 중고 리퍼 i5-6500+GTX1060 본체,480000,판매중,,https://media.bunjang.co.kr/product/372022113_1_1774509969_w{res}.jpg,https://m.bunjang.co.kr/products/372022113,2026-05-07 17:55,배그 오버워치 게임용 게이밍 중고 리퍼 i5-6500+gtx1060 본체,,,desktop,N,,SALE,I5-6500,GTX1060,,,LOW
본체,번개장터,371971550,사무실 학원 부동산 문서작업용 i5 중고 리퍼 PC 본체+24인치 모니터,230000,판매중,,https://media.bunjang.co.kr/product/371971550_1_1775633195_w{res}.jpg,https://m.bunjang.co.kr/products/371971550,2026-05-07 17:55,사무실 학원 부동산 문서작업용 i5 중고 리퍼 pc 본체+24인치 모니터,,,desktop,N,,SALE,,,,,UNKNOWN
본체,번개장터,371986287,발로란트 피파 롤 리니지클래식 게임용 중고리퍼 PC 본체 게이밍 컴퓨터,380000,판매중,,https://media.bunjang.co.kr/product/371986287_1_1774509874_w{res}.jpg,https://m.bunjang.co.kr/products/371986287,2026-05-07 17:50,발로란트 피파 롤 리니지클래식 게임용 중고리퍼 pc 본체 게이밍 컴퓨터,,,desktop,N,,SALE,,,,,UNKNOWN
본체,번개장터,371978697,사무용 문서작업용 가정용 i5-4세대 본체 데스크탑 PC 안전포장!,160000,판매중,,https://media.bunjang.co.kr/product/371978697_1_1772708920_w{res}.jpg,https://m.bunjang.co.kr/products/371978697,2026-05-07 17:50,사무용 문서작업용 가정용 i5-4세대 본체 데스크탑 pc 안전포장!,,,desktop,N,,SALE,,,,,UNKNOWN
본체,번개장터,324225743,라이젠9600X B850 화이트 반본체 컴퓨터,1320000,판매중,,https://media.bunjang.co.kr/product/324225743_1_1777793566_w{res}.jpg,https://m.bunjang.co.kr/products/324225743,2026-05-07 17:50,라이젠9600x b850 화이트 반본체 컴퓨터,,,desktop,N,,SALE,RYZEN9600X,,,,UNKNOWN
본체,번개장터,406580845,아이패드 에어4 스페이스그레이 64GB 본체만 상태좋음,470000,판매중,,https://media.bunjang.co.kr/product/406580845_1_1778143804_w{res}.jpg,https://m.bunjang.co.kr/products/406580845,2026-05-07 17:50,아이패드 에어4 스페이스그레이 64gb 본체만,애플,아이패드 에어,desktop,N,64.0,SALE,,,,,UNKNOWN
본체,번개장터,406580491,아이패드 에어 5 M2 128G 본체+케이스+필름 상태최상,900000,판매중,,https://media.bunjang.co.kr/product/406580491_1_1778143702_w{res}.jpg,https://m.bunjang.co.kr/products/406580491,2026-05-07 17:48,아이패드 에어 5 m2 128g 본체+케이스+필름 상태최상,애플,아이패드 에어,FILM,Y,,SALE,,,,,UNKNOWN
본체,번개장터,406580355,(새제품)버즈3프로 화이트 본체(충전케이스) 단품/낱개/삼성정품,94900,판매중,,https://media.bunjang.co.kr/product/406580355_1_1778143657_w{res}.jpg,https://m.bunjang.co.kr/products/406580355,2026-05-07 17:47,(새제품)버즈3프로 화이트 본체(충전케이스) 단품/낱개/삼성,,,CASE,Y,,SALE,,,,,UNKNOWN
본체,번개장터,398226535,게이밍 PC 본체 (5600X / RTX 3070),950000,판매중,,https://media.bunjang.co.kr/product/398226535_1_1778037006_w{res}.jpg,https://m.bunjang.co.kr/products/398226535,2026-05-07 17:46,게이밍 pc 본체 (5600x / rtx 3070),,,desktop,N,,SALE,,RTX3070,,,MID
본체,번개장터,406578730,[번장특판 컴퓨터 이벤트]RTX 3060TI 모음 본체 최저가 한정수량,720000,판매중,,https://media.bunjang.co.kr/product/406578730_1_1778143144_w{res}.jpg,https://m.bunjang.co.kr/products/406578730,2026-05-07 17:39,[번장특판 컴퓨터 이벤트]rtx 3060ti 모음 본체 최저가 한정수량,,,desktop,N,,SALE,,RTX3060TI,,,MID
본체,번개장터,406578488,조립식PC추천!! 게이밍 게임용 데스크탑 중고컴퓨터본체,490000,판매중,,https://media.bunjang.co.kr/product/406578488_1_1778143072_w{res}.jpg,https://m.bunjang.co.kr/products/406578488,2026-05-07 17:37,조립식pc추천!! 게이밍 게임용 데스크탑 중고컴퓨터본체,,,desktop,N,,SALE,,,,,UNKNOWN
본체,번개장터,405901382,애플 맥 프로 (Mac Pro) 본체,420000,판매중,,https://media.bunjang.co.kr/product/405901382_1_1777882415_w{res}.jpg,https://m.bunjang.co.kr/products/405901382,2026-05-07 17:34,애플 맥 프로 (mac pro) 본체,,,desktop,N,,SALE,,,,,UNKNOWN
본체,번개장터,406577619,디월트호환용 7인치 원형톱 YDJ006 본체베어툴,69000,판매중,,https://media.bunjang.co.kr/product/406577619_1_1778142820_w{res}.jpg,https://m.bunjang.co.kr/products/406577619,2026-05-07 17:33,디월트호환용 7인치 원형톱 ydj006 본체베어툴,,,desktop,N,,SALE,,,,,UNKNOWN
본체,번개장터,406577127,[번장1등 컴퓨터 풀셋트 본체]한정수량 초특가 이벤트 판매 합니다,285000,판매중,,https://media.bunjang.co.kr/product/406577127_1_1778142668_w{res}.jpg,https://m.bunjang.co.kr/products/406577127,2026-05-07 17:31,[번장1등 컴퓨터 풀셋트 본체]한정수량 초특가 이벤트 합니다,,,desktop,N,,SALE,,,,,UNKNOWN
본체,번개장터,349175443,에어팟 프로1 본체 + 왼쪽 유닛,60000,판매중,,https://media.bunjang.co.kr/product/349175443_1_1767845166_w{res}.jpg,https://m.bunjang.co.kr/products/349175443,2026-05-07 17:28,에어팟 프로1 본체 + 왼쪽 유닛,애플,에어팟 프로,earphone,N,,SALE,,,,,UNKNOWN
본체,번개장터,406576265,택포) 에어팟 프로 2세대 본체 8핀,63000,판매중,,https://media.bunjang.co.kr/product/406576265_1_1778142413_w{res}.jpg,https://m.bunjang.co.kr/products/406576265,2026-05-07 17:26,) 에어팟 프로 2세대 본체 8핀,애플,에어팟 프로,earphone,N,,SALE,,,,,UNKNOWN
본체,번개장터,406329235,에어팟 프로 본체 왼쪽유닛,60000,판매중,,https://media.bunjang.co.kr/product/406329235_1_1778123447_w{res}.jpg,https://m.bunjang.co.kr/products/406329235,2026-05-07 17:26,에어팟 프로 본체 왼쪽유닛,애플,에어팟 프로,earphone,N,,SALE,,,,,UNKNOWN
본체,번개장터,301595820,에어팟 프로 본체,55000,판매중,,https://media.bunjang.co.kr/product/301595820_1_1732160234_w{res}.jpg,https://m.bunjang.co.kr/products/301595820,2026-05-07 17:25,에어팟 프로 본체,애플,에어팟 프로,earphone,N,,SALE,,,,,UNKNOWN
본체,번개장터,388154767,"롤,오버워치 FHD용 본체판매 (4770/Z87/GTX970/16GB)",170000,판매중,,https://media.bunjang.co.kr/product/388154767_1_1776597945_w{res}.jpg,https://m.bunjang.co.kr/products/388154767,2026-05-07 17:23,"롤,오버워치 fhd용 본체 (4770/z87/gtx970/16gb)",,,desktop,N,16.0,SALE,,,,,UNKNOWN
본체,번개장터,406575233,닌텐도 Wii 본체 + 핸들 2개 + 주변기기,100000,판매중,,https://media.bunjang.co.kr/product/406575233_1_1778142150_w{res}.jpg,https://m.bunjang.co.kr/products/406575233,2026-05-07 17:22,닌텐도 wii 본체 + 핸들 2개 + 주변기기,,,desktop,N,,SALE,,,,,UNKNOWN
본체,번개장터,354424820,미사용 이쁜 시계..80개 일괄  시계..미사용  본체 판,180000,판매중,,https://media.bunjang.co.kr/product/354424820_1_1774683588_w{res}.jpg,https://m.bunjang.co.kr/products/354424820,2026-05-07 17:20,미사용 이쁜 시계..80개 일괄 시계..미사용 본체 판,,,desktop,N,,SALE,,,,,UNKNOWN
본체,번개장터,406574778,버즈 3 충전케이스 (본체),35000,판매중,,https://media.bunjang.co.kr/product/406574778_1_1778142039_w{res}.jpg,https://m.bunjang.co.kr/products/406574778,2026-05-07 17:20,버즈 3 충전케이스 (본체),,,CASE,Y,,SALE,,,,,UNKNOWN
본체,번개장터,406574035,에어팟 낱개 왼쪽 오른쪽 본체 1 2 3 세대 프로 1 2 L R,19900,판매중,,https://media.bunjang.co.kr/product/406574035_1_1778141836_w{res}.jpg,https://m.bunjang.co.kr/products/406574035,2026-05-07 17:17,에어팟 낱개 왼쪽 오른쪽 본체 1 2 3 세대 프로 1 2 l r,애플,에어팟 프로,earphone,N,,SALE,,,,,UNKNOWN
본체,번개장터,395155282,"애플 맥프로(Mac Pro) 본체, 정품 케이블",470000,판매중,,https://media.bunjang.co.kr/product/395155282_1_1777922045_w{res}.jpg,https://m.bunjang.co.kr/products/395155282,2026-05-07 17:16,"애플 맥프로(mac pro) 본체, 케이블",,,CABLE,Y,,SALE,,,,,UNKNOWN
본체,번개장터,390827986,"애플 맥프로(Mac Pro) 본체, 정품 케이블",430000,판매중,,https://media.bunjang.co.kr/product/390827986_1_1777922071_w{res}.jpg,https://m.bunjang.co.kr/products/390827986,2026-05-07 17:16,"애플 맥프로(mac pro) 본체, 케이블",,,CABLE,Y,,SALE,,,,,UNKNOWN
본체,번개장터,378943307,"애플 맥프로(Mac Pro) 본체,정품 케이블 팝니다.모두 순정",540000,판매중,,https://media.bunjang.co.kr/product/378943307_1_1777888364_w{res}.jpg,https://m.bunjang.co.kr/products/378943307,2026-05-07 17:16,"애플 맥프로(mac pro) 본체, 케이블 .모두 순정",,,CABLE,Y,,SALE,,,,,UNKNOWN
본체,번개장터,406573634,[번장1등 컴퓨터 풀셋트 본체]한정수량 초특가 이벤트 판매 합니다,285000,판매중,,https://media.bunjang.co.kr/product/406573634_1_1778141741_w{res}.jpg,https://m.bunjang.co.kr/products/406573634,2026-05-07 17:15,[번장1등 컴퓨터 풀셋트 본체]한정수량 초특가 이벤트 합니다,,,desktop,N,,SALE,,,,,UNKNOWN
본체,번개장터,406572858,앤커 사운드코어 리버티3프로 본체,10000,판매중,,https://media.bunjang.co.kr/product/406572858_1_1778141523_w{res}.jpg,https://m.bunjang.co.kr/products/406572858,2026-05-07 17:12,앤커 사운드코어 리버티3프로 본체,,,desktop,N,,SALE,,,,,UNKNOWN
본체,번개장터,399903876,컴퓨터 본체,350000,판매중,,https://media.bunjang.co.kr/product/399903876_1_1775480169_w{res}.jpg,https://m.bunjang.co.kr/products/399903876,2026-05-07 17:11,컴퓨터 본체,,,desktop,N,,SALE,,,,,UNKNOWN
본체,번개장터,402845127,첸첸샵 토마토 + 치카비 바디 msd 본체,260000,판매중,,https://media.bunjang.co.kr/product/402845127_1_1776654757_w{res}.jpg,https://m.bunjang.co.kr/products/402845127,2026-05-07 17:05,첸첸샵 토마토 + 치카비 바디 msd 본체,,,desktop,N,,SALE,,,,,UNKNOWN
본체,번개장터,277352484,"에어팟프로2세대 본체, 준A-급, 라이트닝 타입, LXV4~, A2700",39100,판매중,,https://media.bunjang.co.kr/product/277352484_1_1778141074_w{res}.jpg,https://m.bunjang.co.kr/products/277352484,2026-05-07 17:04,"에어팟프로2세대 본체, 준a-급, 라이트닝 타입, lxv4~, a2700",애플,에어팟 프로,earphone,N,,SALE,,,,,UNKNOWN
본체,번개장터,289314524,"에어팟프로1세대 본체, GX9C~, A2190",29100,판매중,,https://media.bunjang.co.kr/product/289314524_1_1778141086_w{res}.jpg,https://m.bunjang.co.kr/products/289314524,2026-05-07 17:04,"에어팟프로1세대 본체, gx9c~, a2190",애플,에어팟 프로,earphone,N,,SALE,,,,,UNKNOWN
본체,번개장터,287471650,"에어팟2세대 본체(충전기), GFFC~, A1602",11000,판매중,,https://media.bunjang.co.kr/product/287471650_1_1778141099_w{res}.jpg,https://m.bunjang.co.kr/products/287471650,2026-05-07 17:03,"에어팟2세대 본체(충전기), gffc~, a1602",애플,에어팟 2세대,CHARGER,Y,,SALE,,,,,UNKNOWN
본체,번개장터,327101348,닌텐도 스위치 본체 게임칩 슬롯 교체 수리,15000,판매중,,https://media.bunjang.co.kr/product/327101348_1_1777120731_w{res}.jpg,https://m.bunjang.co.kr/products/327101348,2026-05-07 17:03,닌텐도 스위치 본체 게임칩 슬롯 교체 수리,,,SERVICE,Y,,SALE,,,,,UNKNOWN
본체,번개장터,406570831,번장 이벤트 사무용 주식 TM 메신저업무 컴퓨터 본체 최저가 판매!,150000,판매중,,https://media.bunjang.co.kr/product/406570831_1_1778140966_w{res}.jpg,https://m.bunjang.co.kr/products/406570831,2026-05-07 17:02,번장 이벤트 사무용 주식 tm 메신저업무 컴퓨터 본체 최저가 !,,,desktop,N,,SALE,,,,,UNKNOWN
본체,번개장터,364696584,"로제트 이어폰의 본체 케이스, ROZET RX-1810",6150,판매중,,https://media.bunjang.co.kr/product/364696584_1_1778141135_w{res}.jpg,https://m.bunjang.co.kr/products/364696584,2026-05-07 17:02,"로제트 이어폰의 본체 케이스, rozet rx-1810",,,CASE,Y,,SALE,,,,,UNKNOWN
본체,번개장터,406514094,"(본체,케이스,이어팁,설명서)사운드코어 리버티 3프로",26000,판매중,,https://media.bunjang.co.kr/product/406514094_1_1778168798_w{res}.jpg,https://m.bunjang.co.kr/products/406514094,2026-05-07 17:01,"(본체,케이스,이어팁,설명서)사운드코어 리버티 3프로",,,CASE,Y,,SALE,,,,,UNKNOWN
본체,번개장터,405928718,에어팟 프로3 오른쪽 유닛+본체,167000,판매중,,https://media.bunjang.co.kr/product/405928718_1_1777891689_w{res}.jpg,https://m.bunjang.co.kr/products/405928718,2026-05-07 17:00,에어팟 프로3 오른쪽 유닛+본체,애플,에어팟 프로,earphone,N,,SALE,,,,,UNKNOWN
본체,번개장터,391891991,본체 ASUS STRIX Z370-F GAMING 조립 PC,370000,판매중,,https://media.bunjang.co.kr/product/391891991_1_1777627255_w{res}.jpg,https://m.bunjang.co.kr/products/391891991,2026-05-07 17:00,본체 asus strix z370-f gaming 조립 pc,,,desktop,N,,SALE,,,,,UNKNOWN
본체,번개장터,406569664,RTX2060 게이밍 게임용 중고컴퓨터 저렴 조립컴퓨터본체,390000,판매중,,https://media.bunjang.co.kr/product/406569664_1_1778140605_w{res}.jpg,https://m.bunjang.co.kr/products/406569664,2026-05-07 16:56,rtx2060 게이밍 게임용 중고컴퓨터 저렴 조립컴퓨터본체,,,desktop,N,,SALE,,RTX2060,,,MID
본체,번개장터,406568736,[번장1등 컴퓨터 풀셋트 본체]한정수량 초특가 이벤트 판매 합니다,285000,판매중,,https://media.bunjang.co.kr/product/406568736_1_1778140338_w{res}.jpg,https://m.bunjang.co.kr/products/406568736,2026-05-07 16:52,[번장1등 컴퓨터 풀셋트 본체]한정수량 초특가 이벤트 합니다,,,desktop,N,,SALE,,,,,UNKNOWN
본체,번개장터,402159730,애플 파워맥 G4 본체,120000,판매중,,https://media.bunjang.co.kr/product/402159730_1_1776401103_w{res}.jpg,https://m.bunjang.co.kr/products/402159730,2026-05-07 16:47,애플 파워맥 g4 본체,,,PARTS,Y,,SALE,,,,,UNKNOWN
본체,번개장터,406417773,(S급)에어팟 프로3 본체 풀박스1주일사용 급처,94700,판매중,,https://media.bunjang.co.kr/product/406417773_1_1778100450_w{res}.jpg,https://m.bunjang.co.kr/products/406417773,2026-05-07 16:46,(s급)에어팟 프로3 본체 스1주일사용,애플,에어팟 프로,earphone,N,,SALE,,,,,UNKNOWN
본체,번개장터,398782789,게이밍 PC 본체 Ryzen 5 7500F RX 6700 XT,1050000,판매중,,https://media.bunjang.co.kr/product/398782789_1_1776764341_w{res}.jpg,https://m.bunjang.co.kr/products/398782789,2026-05-07 16:39,게이밍 pc 본체 ryzen 5 7500f rx 6700 xt,,,desktop,N,,SALE,RYZEN 5 7500F,RX6700XT,,,MID
본체,번개장터,406565858,컴퓨터본체추천! 데스크탑 중고 게이밍게임용조립식PC,390000,판매중,,https://media.bunjang.co.kr/product/406565858_1_1778139471_w{res}.jpg,https://m.bunjang.co.kr/products/406565858,2026-05-07 16:37,컴퓨터본체추천! 데스크탑 중고 게이밍게임용조립식pc,,,desktop,N,,SALE,,,,,UNKNOWN
본체,번개장터,403757970,컴퓨터완본체 3700X B450M 램16GB 1660TI 팝니다.,470000,판매중,,https://media.bunjang.co.kr/product/403757970_1_1777039515_w{res}.jpg,https://m.bunjang.co.kr/products/403757970,2026-05-07 16:37,컴퓨터완본체 3700x b450m 램16gb 1660ti .,,,desktop,N,16.0,SALE,,,16.0,,UNKNOWN
본체,번개장터,403760330,컴퓨터완본체 5700G B550M 램16GB GTX1070TI 팝니다.,630000,판매중,,https://media.bunjang.co.kr/product/403760330_1_1777040214_w{res}.jpg,https://m.bunjang.co.kr/products/403760330,2026-05-07 16:37,컴퓨터완본체 5700g b550m 램16gb gtx1070ti .,,,desktop,N,16.0,SALE,,GTX1070TI,16.0,,UNKNOWN
본체,번개장터,403764699,컴퓨터완본체 5700G B550M 램16GB RTX3050 팝니다.,700000,판매중,,https://media.bunjang.co.kr/product/403764699_1_1777041623_w{res}.jpg,https://m.bunjang.co.kr/products/403764699,2026-05-07 16:36,컴퓨터완본체 5700g b550m 램16gb rtx3050 .,,,desktop,N,16.0,SALE,,RTX3050,16.0,,UNKNOWN
본체,번개장터,403763055,컴퓨터완본체 5700G B550M 램16GB RTX3050 팝니다.,700000,판매중,,https://media.bunjang.co.kr/product/403763055_1_1777041077_w{res}.jpg,https://m.bunjang.co.kr/products/403763055,2026-05-07 16:36,컴퓨터완본체 5700g b550m 램16gb rtx3050 .,,,desktop,N,16.0,SALE,,RTX3050,16.0,,UNKNOWN
본체,번개장터,406565296,가성비 본체 싹 다 여기있습니다컴퓨터본체pc데스크탑조립식최저가PC,270000,판매중,,https://media.bunjang.co.kr/product/406565296_1_1778139309_w{res}.jpg,https://m.bunjang.co.kr/products/406565296,2026-05-07 16:35,가성비 본체 싹 다 여기있습니다컴퓨터본체pc데스크탑조립식최저가pc,,,desktop,N,,SALE,,,,,UNKNOWN
본체,번개장터,406565037,에어팟 프로3 본체,90000,판매중,,https://media.bunjang.co.kr/product/406565037_1_1778139272_w{res}.jpg,https://m.bunjang.co.kr/products/406565037,2026-05-07 16:33,에어팟 프로3 본체,애플,에어팟 프로,earphone,N,,SALE,,,,,UNKNOWN
본체,번개장터,404793419,게임용 가성비 컴퓨터 본체 PC,700000,판매중,,https://media.bunjang.co.kr/product/404793419_1_1778161694_w{res}.jpg,https://m.bunjang.co.kr/products/404793419,2026-05-07 16:28,게임용 가성비 컴퓨터 본체 pc,,,desktop,N,,SALE,,,,,UNKNOWN
본체,번개장터,406564005,번장 이벤트 사무용 주식 TM 카톡업무 컴퓨터 본체 최저가 판매!,150000,판매중,,https://media.bunjang.co.kr/product/406564005_1_1778138935_w{res}.jpg,https://m.bunjang.co.kr/products/406564005,2026-05-07 16:28,번장 이벤트 사무용 주식 tm 카톡업무 컴퓨터 본체 최저가 !,,,desktop,N,,SALE,,,,,UNKNOWN
본체,번개장터,406563947,새상품) 에어팟 3세대 유닛 왼쪽 오른쪽 낱개 유닛 본체,75000,판매중,,https://media.bunjang.co.kr/product/406563947_1_1778138915_w{res}.jpg,https://m.bunjang.co.kr/products/406563947,2026-05-07 16:28,) 에어팟 3세대 유닛 왼쪽 오른쪽 낱개 유닛 본체,애플,에어팟 3세대,earphone,N,,SALE,,,,,UNKNOWN
본체,번개장터,406175755,에어팟 프로 3 본체,99000,판매중,,https://media.bunjang.co.kr/product/406175755_1_1778211169_w{res}.jpg,https://m.bunjang.co.kr/products/406175755,2026-05-07 16:18,에어팟 프로 3 본체,애플,에어팟 프로,earphone,N,,SALE,,,,,UNKNOWN
본체,번개장터,406561312,구매율1위컴퓨터!최저가pc비교불가!!컴퓨터pc본체데스크탑조립식컴퓨터사무용,420000,판매중,,https://media.bunjang.co.kr/product/406561312_1_1778138142_w{res}.jpg,https://m.bunjang.co.kr/products/406561312,2026-05-07 16:15,구매율1위컴퓨터!최저가pc비교불가!!컴퓨터pc본체데스크탑조립식컴퓨터사무용,,,desktop,N,,SALE,,,,,UNKNOWN
본체,번개장터,406560996,사무용부터 게이밍용까지!컴퓨터본체데스크탑PC조립식컴퓨터,440000,판매중,,https://media.bunjang.co.kr/product/406560996_1_1778138042_w{res}.jpg,https://m.bunjang.co.kr/products/406560996,2026-05-07 16:14,사무용부터 게이밍용까지!컴퓨터본체데스크탑pc조립식컴퓨터,,,desktop,N,,SALE,,,,,UNKNOWN
본체,번개장터,405562620,애플 에어팟 프로2 본체,75000,판매중,,https://media.bunjang.co.kr/product/405562620_1_1777786455_w{res}.jpg,https://m.bunjang.co.kr/products/405562620,2026-05-07 16:07,애플 에어팟 프로2 본체,애플,에어팟 프로,earphone,N,,SALE,,,,,UNKNOWN
본체,번개장터,406559473,[번장특판 컴퓨터 이벤트]RTX 3060TI 모음 본체 최저가 한정수량,720000,판매중,,https://media.bunjang.co.kr/product/406559473_1_1778137564_w{res}.jpg,https://m.bunjang.co.kr/products/406559473,2026-05-07 16:06,[번장특판 컴퓨터 이벤트]rtx 3060ti 모음 본체 최저가 한정수량,,,desktop,N,,SALE,,RTX3060TI,,,MID
본체,번개장터,406559365,[번장특판 컴퓨터 이벤트]RTX 3060TI 모음 본체 최저가 한정수량,720000,판매중,,https://media.bunjang.co.kr/product/406559365_1_1778137532_w{res}.jpg,https://m.bunjang.co.kr/products/406559365,2026-05-07 16:05,[번장특판 컴퓨터 이벤트]rtx 3060ti 모음 본체 최저가 한정수량,,,desktop,N,,SALE,,RTX3060TI,,,MID
본체,번개장터,405562152,블랙박스 본체 및 연결선 일체 유라이브 urive g500,40000,판매중,,https://media.bunjang.co.kr/product/405562152_1_1777991633_w{res}.jpg,https://m.bunjang.co.kr/products/405562152,2026-05-07 16:05,블랙박스 본체 및 연결선 일체 유라이브 urive g500,,,BOX,Y,,SALE,,,,,UNKNOWN
본체,번개장터,206306299,(새제품)라이젠7500f RTX5060.개인본체.영상편집.게이밍컴퓨터,1370000,판매중,,https://media.bunjang.co.kr/product/206306299_1_1778081944_w{res}.jpg,https://m.bunjang.co.kr/products/206306299,2026-05-07 16:02,(새제품)라이젠7500f rtx5060.개인본체.영상편집.게이밍컴퓨터,,,desktop,N,,SALE,RYZEN7500F,RTX5060,,,UNKNOWN
본체,번개장터,406558734,게이밍컴퓨터 게임용조립식 PC컴퓨터 본체추천 데스크탑중고,470000,판매중,,https://media.bunjang.co.kr/product/406558734_1_1778137326_w{res}.jpg,https://m.bunjang.co.kr/products/406558734,2026-05-07 16:02,게이밍컴퓨터 게임용조립식 pc컴퓨터 본체추천 데스크탑중고,,,desktop,N,,SALE,,,,,UNKNOWN
본체,번개장터,320770401,에어팟 프로 본체 단품,35000,판매중,,https://media.bunjang.co.kr/product/320770401_1_1741314971_w{res}.jpg,https://m.bunjang.co.kr/products/320770401,2026-05-07 15:52,에어팟 프로 본체 단품,애플,에어팟 프로,earphone,N,,SALE,,,,,UNKNOWN
본체,번개장터,406556989,라이젠7 9800X3D RTX5080 본체 싸게팝니다,4100000,판매중,,https://media.bunjang.co.kr/product/406556989_1_1778136762_w{res}.jpg,https://m.bunjang.co.kr/products/406556989,2026-05-07 15:52,라이젠7 9800x3d rtx5080 본체 싸게,,,desktop,N,,SALE,RYZEN7 9800X,RTX5080,,,UNKNOWN
본체,번개장터,406555582,에어팟 프로 본체+ 오른쪽,70000,판매중,,https://media.bunjang.co.kr/product/406555582_1_1778136309_w{res}.jpg,https://m.bunjang.co.kr/products/406555582,2026-05-07 15:45,에어팟 프로 본체+ 오른쪽,애플,에어팟 프로,earphone,N,,SALE,,,,,UNKNOWN
본체,번개장터,406555123,3060 게이밍 게임용 조립식PC 중고컴퓨터추천 데스크탑 사무용본체,750000,판매중,,https://media.bunjang.co.kr/product/406555123_1_1778136164_w{res}.jpg,https://m.bunjang.co.kr/products/406555123,2026-05-07 15:42,3060 게이밍 게임용 조립식pc 중고컴퓨터추천 데스크탑 사무용본체,,,desktop,N,,SALE,,,,,UNKNOWN
본체,번개장터,406554993,번장 이벤트 사무용 주식 TM 카톡업무 컴퓨터 본체 최저가 판매!,150000,판매중,,https://media.bunjang.co.kr/product/406554993_1_1778136129_w{res}.jpg,https://m.bunjang.co.kr/products/406554993,2026-05-07 15:42,번장 이벤트 사무용 주식 tm 카톡업무 컴퓨터 본체 최저가 !,,,desktop,N,,SALE,,,,,UNKNOWN
본체,번개장터,406554473,10400f RTX2060 중고게임용본체 조립PC 데스크탑 게이밍컴퓨터,630000,판매중,,https://media.bunjang.co.kr/product/406554473_1_1778135957_w{res}.jpg,https://m.bunjang.co.kr/products/406554473,2026-05-07 15:39,10400f rtx2060 중고게임용본체 조립pc 데스크탑 게이밍컴퓨터,,,desktop,N,,SALE,,RTX2060,,,MID
본체,번개장터,406126599,조립 컴퓨터 반본체 데스크탑,50000,판매중,,https://media.bunjang.co.kr/product/406126599_1_1777967494_w{res}.jpg,https://m.bunjang.co.kr/products/406126599,2026-05-07 15:34,조립 컴퓨터 반본체 데스크탑,,,desktop,N,,SALE,,,,,UNKNOWN
본체,번개장터,406553335,데스크탑 추천!! 게이밍 게임용 조립식PC 중고컴퓨터본체,460000,판매중,,https://media.bunjang.co.kr/product/406553335_1_1778135622_w{res}.jpg,https://m.bunjang.co.kr/products/406553335,2026-05-07 15:33,데스크탑 추천!! 게이밍 게임용 조립식pc 중고컴퓨터본체,,,desktop,N,,SALE,,,,,UNKNOWN
본체,번개장터,385627934,루츠돌 msd(키드델프) 멜론 본체 판매합니다.,320000,판매중,,https://media.bunjang.co.kr/product/385627934_1_1769678215_w{res}.jpg,https://m.bunjang.co.kr/products/385627934,2026-05-07 15:30,루츠돌 msd(키드델프) 멜론 본체 .,,,desktop,N,,SALE,,,,,UNKNOWN
본체,번개장터,406551301,"에어팟 3,4세대 본체 왼쪽 오른쪽 유닛 노캔 일반 ANC (케이스)",40000,판매중,,https://media.bunjang.co.kr/product/406551301_1_1778135019_w{res}.jpg,https://m.bunjang.co.kr/products/406551301,2026-05-07 15:23,"에어팟 3,4세대 본체 왼쪽 오른쪽 유닛 노캔 일반 anc (케이스)",애플,에어팟,CASE,Y,,SALE,,,,,UNKNOWN
본체,번개장터,405383202,"i5 8600,16G,SSD 512G,GTX 1080ti 게이밍 본체!",575000,판매중,,https://media.bunjang.co.kr/product/405383202_1_1778134973_w{res}.jpg,https://m.bunjang.co.kr/products/405383202,2026-05-07 15:22,"i5 8600,16g,ssd 512g,gtx 1080ti 게이밍 본체!",,,desktop,N,,SALE,I5 8600,GTX1080TI,,,UNKNOWN
본체,번개장터,406550422,[번장특판 컴퓨터 이벤트]RTX 3060TI 모음 본체 최저가 한정수량,720000,판매중,,https://media.bunjang.co.kr/product/406550422_1_1778134726_w{res}.jpg,https://m.bunjang.co.kr/products/406550422,2026-05-07 15:18,[번장특판 컴퓨터 이벤트]rtx 3060ti 모음 본체 최저가 한정수량,,,desktop,N,,SALE,,RTX3060TI,,,MID
본체,번개장터,406550397,"에어팟3,4 프로2,3 본체 왼쪽 오른쪽 유닛 C타입 라이트닝 미개봉",73000,판매중,,https://media.bunjang.co.kr/product/406550397_1_1778134718_w{res}.jpg,https://m.bunjang.co.kr/products/406550397,2026-05-07 15:18,"에어팟3,4 프로2,3 본체 왼쪽 오른쪽 유닛 c타입 라이트닝",애플,에어팟 프로,earphone,N,,SALE,,,,,UNKNOWN
본체,번개장터,406549781,"[리니지 클래식 컴퓨터, 아이온 본체. 수량 및 소량 납품 전문]",170000,판매중,,https://media.bunjang.co.kr/product/406549781_1_1778134507_w{res}.jpg,https://m.bunjang.co.kr/products/406549781,2026-05-07 15:15,"[리니지 클래식 컴퓨터, 아이온 본체. 수량 및 소량 납품 전문]",,,desktop,N,,SALE,,,,,UNKNOWN
본체,번개장터,406549687,"게이밍 게임용컴퓨터, 중고 조립식컴퓨터, 컴퓨터본체",470000,판매중,,https://media.bunjang.co.kr/product/406549687_1_1778134479_w{res}.jpg,https://m.bunjang.co.kr/products/406549687,2026-05-07 15:14,"게이밍 게임용컴퓨터, 중고 조립식컴퓨터, 컴퓨터본체",,,desktop,N,,SALE,,,,,UNKNOWN
본체,번개장터,406549401,"사무용,게임용 조립식PC 컴퓨터추천 데스크탑 중고컴퓨터본체 피파서든배그",180000,판매중,,https://media.bunjang.co.kr/product/406549401_1_1778134396_w{res}.jpg,https://m.bunjang.co.kr/products/406549401,2026-05-07 15:13,"사무용,게임용 조립식pc 컴퓨터추천 데스크탑 중고컴퓨터본체 피파서든배그",,,desktop,N,,SALE,,,,,UNKNOWN
본체,번개장터,406548878,가성비 사무용컴퓨터! 조립식PC 중고컴퓨터 데스크탑 컴퓨터본체 추천부품,180000,판매중,,https://media.bunjang.co.kr/product/406548878_1_1778134235_w{res}.jpg,https://m.bunjang.co.kr/products/406548878,2026-05-07 15:10,가성비 사무용컴퓨터! 조립식pc 중고컴퓨터 데스크탑 컴퓨터본체 추천부품,,,PARTS,Y,,SALE,,,,,UNKNOWN
본체,번개장터,403712089,에어팟프로2c타입 본체,63000,판매중,,https://media.bunjang.co.kr/product/403712089_1_1777034080_w{res}.jpg,https://m.bunjang.co.kr/products/403712089,2026-05-07 15:09,에어팟프로2c타입 본체,애플,에어팟 프로,earphone,N,,SALE,,,,,UNKNOWN
본체,번개장터,406548627,번장 이벤트 사무용 주식 TM 메신저업무 컴퓨터 본체 최저가 판매!,150000,판매중,,https://media.bunjang.co.kr/product/406548627_1_1778134160_w{res}.jpg,https://m.bunjang.co.kr/products/406548627,2026-05-07 15:09,번장 이벤트 사무용 주식 tm 메신저업무 컴퓨터 본체 최저가 !,,,desktop,N,,SALE,,,,,UNKNOWN
본체,번개장터,404304042,"상태 좋은 에어팟 프로 2세대 (본체,오른쪽)",115000,판매중,,https://media.bunjang.co.kr/product/404304042_1_1777264209_w{res}.jpg,https://m.bunjang.co.kr/products/404304042,2026-05-07 15:08,"상태 좋은 에어팟 프로 2세대 (본체,오른쪽)",애플,에어팟 프로,earphone,N,,SALE,,,,,UNKNOWN
본체,번개장터,401688030,다이슨 V8무선  청소기  본체,50000,판매중,,https://media.bunjang.co.kr/product/401688030_1_1776208445_w{res}.jpg,https://m.bunjang.co.kr/products/401688030,2026-05-07 15:08,다이슨 v8무선 청소기 본체,,,desktop,N,,SALE,,,,,UNKNOWN
본체,번개장터,403439004,7500F 32GB RX7600 본체 팝니다,1250000,판매중,,https://media.bunjang.co.kr/product/403439004_1_1778133504_w{res}.jpg,https://m.bunjang.co.kr/products/403439004,2026-05-07 14:58,7500f 32gb rx7600 본체,,,desktop,N,32.0,SALE,,RX7600,,,UNKNOWN
본체,번개장터,406546715,에어팟4세대 본체 노캔 ANC 일반 케이스 노이즈캔슬링 미개봉 중고,62900,판매중,,https://media.bunjang.co.kr/product/406546715_1_1778133507_w{res}.jpg,https://m.bunjang.co.kr/products/406546715,2026-05-07 14:58,에어팟4세대 본체 노캔 anc 일반 케이스 노이즈캔슬링 중고,애플,에어팟,CASE,Y,,SALE,,,,,UNKNOWN
본체,번개장터,406546606,닌텐도 스위치 2 본체 미개봉,700000,판매중,,https://media.bunjang.co.kr/product/406546606_1_1778145254_w{res}.jpg,https://m.bunjang.co.kr/products/406546606,2026-05-07 14:57,닌텐도 스위치 2 본체,,,desktop,N,,SALE,,,,,UNKNOWN
본체,번개장터,391592849,컴퓨터(7500X3d 반본체) 753d02,2030000,판매중,,https://media.bunjang.co.kr/product/391592849_1_1777952503_w{res}.jpg,https://m.bunjang.co.kr/products/391592849,2026-05-07 14:56,컴퓨터(7500x3d 반본체) 753d02,,,desktop,N,,SALE,,,,,UNKNOWN
본체,번개장터,406546193,[번장1등 컴퓨터 풀셋트 본체]한정수량 초특가 이벤트 판매 합니다,285000,판매중,,https://media.bunjang.co.kr/product/406546193_1_1778133324_w{res}.jpg,https://m.bunjang.co.kr/products/406546193,2026-05-07 14:55,[번장1등 컴퓨터 풀셋트 본체]한정수량 초특가 이벤트 합니다,,,desktop,N,,SALE,,,,,UNKNOWN
본체,번개장터,406545895,애플 에어팟 프로1 본체 + 유닛 한쪽,50000,판매중,,https://media.bunjang.co.kr/product/406545895_1_1778133219_w{res}.jpg,https://m.bunjang.co.kr/products/406545895,2026-05-07 14:53,애플 에어팟 프로1 본체 + 유닛 한쪽,애플,에어팟 프로,earphone,N,,SALE,,,,,UNKNOWN
본체,번개장터,398329424,삼성 갤럭시 버즈 1  충전케이스 본체 실버 단품 SM-R17,19000,판매중,,https://media.bunjang.co.kr/product/398329424_1_1775042816_w{res}.jpg,https://m.bunjang.co.kr/products/398329424,2026-05-07 14:51,삼성 갤럭시 버즈 1 충전케이스 본체 실버 단품 sm-r17,삼성,,CASE,Y,,SALE,,,,,UNKNOWN
본체,번개장터,399343437,디월트 무선 충전 각도절단기 dcs778 본체만 팝니다,450000,판매중,,https://media.bunjang.co.kr/product/399343437_1_1777679654_w{res}.jpg,https://m.bunjang.co.kr/products/399343437,2026-05-07 14:51,디월트 무선 충전 각도절단기 dcs778 본체만,,,desktop,N,,SALE,,,,,UNKNOWN
본체,번개장터,406545051,에어팟 3세대 본체 팝니다,50000,판매중,,https://media.bunjang.co.kr/product/406545051_1_1778132946_w{res}.jpg,https://m.bunjang.co.kr/products/406545051,2026-05-07 14:49,에어팟 3세대 본체,애플,에어팟 3세대,earphone,N,,SALE,,,,,UNKNOWN
본체,번개장터,401766181,(본체 케이스) 닌텐도 스위치 스칼렛 바이올렛 *OLED 전용,5000,판매중,,https://media.bunjang.co.kr/product/401766181_1_1777986965_w{res}.jpg,https://m.bunjang.co.kr/products/401766181,2026-05-07 14:48,(본체 케이스) 닌텐도 스위치 스칼렛 바이올렛 *oled 전용,,,CASE,Y,,SALE,,,,,UNKNOWN
본체,번개장터,296261734,"버즈2세대 본체, 적은사용, 화이트, SM-R177(3B27)",18100,판매중,,https://media.bunjang.co.kr/product/296261734_1_1778132820_w{res}.jpg,https://m.bunjang.co.kr/products/296261734,2026-05-07 14:47,"버즈2세대 본체, 적은사용, 화이트, sm-r177(3b27)",,,desktop,N,,SALE,,,,,UNKNOWN
본체,번개장터,406544641,고사양본체 판매합니다. [9800x3d+RTX5070tI+64GB/SSD,4500000,판매중,,https://media.bunjang.co.kr/product/406544641_1_1778132798_w{res}.jpg,https://m.bunjang.co.kr/products/406544641,2026-05-07 14:46,고사양본체 . [9800x3d+rtx5070ti+64gb/ssd,,,desktop,N,64.0,SALE,,RTX5070TI,,,UNKNOWN
본체,번개장터,401511312,Intel i9 9980xe 반본체 컴퓨터,850000,판매중,,https://media.bunjang.co.kr/product/401511312_1_1777191743_w{res}.jpg,https://m.bunjang.co.kr/products/401511312,2026-05-07 14:42,intel i9 9980xe 반본체 컴퓨터,,,desktop,N,,SALE,I9 9980XE,,,,UNKNOWN
본체,번개장터,376759717,"애플워치se 44m GPS셀룰러 본체 박스 풀세트, 스트랩 총7개",130000,판매중,,https://media.bunjang.co.kr/product/376759717_1_1778132477_w{res}.jpg,https://m.bunjang.co.kr/products/376759717,2026-05-07 14:41,"애플워치se 44m gps셀룰러 본체 박스 풀세트, 스트랩 총7개",애플,애플워치,STRAP,Y,,SALE,,,,,UNKNOWN
본체,번개장터,355259765,"닌텐도 윌 본체 (묻지마 정크  , 부픔용)",25000,판매중,,https://media.bunjang.co.kr/product/355259765_1_1774405254_w{res}.jpg,https://m.bunjang.co.kr/products/355259765,2026-05-07 14:41,"닌텐도 윌 본체 (묻지마 정크 , 부픔용)",,,desktop,N,,SALE,,,,,UNKNOWN
본체,번개장터,262024188,"신품, 중고 맞춤형 조립 PC 용도에 맞게 딱 맞춰 드립니다! 컴퓨터",1010000,판매중,,https://media.bunjang.co.kr/product/262024188_1_1776497970_w{res}.jpg,https://m.bunjang.co.kr/products/262024188,2026-05-07 14:41,"신품, 중고 맞춤형 조립 pc 용도에 맞게 딱 맞춰 드립니다! 컴퓨터",,,desktop,N,,SALE,,,,,UNKNOWN
본체,번개장터,262050229,"제일싸다! 엑셀, 회사 업무용 사무용 컴퓨터 여기서 구매하세요 당일출고",280000,판매중,,https://media.bunjang.co.kr/product/262050229_1_1776497675_w{res}.jpg,https://m.bunjang.co.kr/products/262050229,2026-05-07 14:41,"제일싸다! 엑셀, 회사 업무용 사무용 컴퓨터 여기서 구매하세요 당일출고",,,desktop,N,,SALE,,,,,UNKNOWN
본체,번개장터,242255684,"[우주특가] 라이젠 9600X 3060TI, 5060 게이밍컴퓨터",1270000,판매중,,https://media.bunjang.co.kr/product/242255684_1_1778114783_w{res}.jpg,https://m.bunjang.co.kr/products/242255684,2026-05-07 14:38,"[우주특가] 라이젠 9600x 3060ti, 5060 게이밍컴퓨터",,,desktop,N,,SALE,RYZEN 9600X,,,,UNKNOWN
본체,번개장터,406543195,에어팟 프로2 본체 라이트닝 C타입 8핀 미개봉 중고,49900,판매중,,https://media.bunjang.co.kr/product/406543195_1_1778132311_w{res}.jpg,https://m.bunjang.co.kr/products/406543195,2026-05-07 14:38,에어팟 프로2 본체 라이트닝 c타입 8핀 중고,애플,에어팟 프로,earphone,N,,SALE,,,,,UNKNOWN
본체,번개장터,406542008,[번장1등 컴퓨터 풀셋트 본체]한정수량 초특가 이벤트 판매 합니다,285000,판매중,,https://media.bunjang.co.kr/product/406542008_1_1778131921_w{res}.jpg,https://m.bunjang.co.kr/products/406542008,2026-05-07 14:32,[번장1등 컴퓨터 풀셋트 본체]한정수량 초특가 이벤트 합니다,,,desktop,N,,SALE,,,,,UNKNOWN
본체,번개장터,386032983,게이밍컴퓨터 완본체 라이젠 8400F. Rx9060,940000,판매중,,https://media.bunjang.co.kr/product/386032983_1_1777616780_w{res}.jpg,https://m.bunjang.co.kr/products/386032983,2026-05-07 14:31,게이밍컴퓨터 완본체 라이젠 8400f. rx9060,,,desktop,N,,SALE,,RX9060,,,UNKNOWN
본체,번개장터,406540220,RTX3060 게이밍 게임용컴퓨터 중고 조립식컴퓨터본체,750000,판매중,,https://media.bunjang.co.kr/product/406540220_1_1778131283_w{res}.jpg,https://m.bunjang.co.kr/products/406540220,2026-05-07 14:21,rtx3060 게이밍 게임용컴퓨터 중고 조립식컴퓨터본체,,,desktop,N,,SALE,,RTX3060,,,MID
본체,번개장터,297170043,"대량! 윈도우 11 홈 , 프로 DSP DVD패키지 (정품 인증키,CD)",20000,판매중,,https://media.bunjang.co.kr/product/297170043_1_1776065493_w{res}.jpg,https://m.bunjang.co.kr/products/297170043,2026-05-07 14:18,"대량! 윈도우 11 홈 , 프로 dsp dvd패키지 ( 인증키,cd)",,,UNKNOWN,N,,SALE,,,,,UNKNOWN
본체,번개장터,406539182,라이젠고사양 게임용조립PC컴퓨터본체추천 게이밍,490000,판매중,,https://media.bunjang.co.kr/product/406539182_1_1778130913_w{res}.jpg,https://m.bunjang.co.kr/products/406539182,2026-05-07 14:15,라이젠고사양 게임용조립pc컴퓨터본체추천 게이밍,,,desktop,N,,SALE,,,,,UNKNOWN
본체,번개장터,406538036,번장 이벤트 사무용 주식 TM 카톡업무 컴퓨터 본체 최저가 판매!,150000,판매중,,https://media.bunjang.co.kr/product/406538036_1_1778130518_w{res}.jpg,https://m.bunjang.co.kr/products/406538036,2026-05-07 14:08,번장 이벤트 사무용 주식 tm 카톡업무 컴퓨터 본체 최저가 !,,,desktop,N,,SALE,,,,,UNKNOWN
본체,번개장터,405016621,7500F RTX5060 본체팝니다,1070000,판매중,,https://media.bunjang.co.kr/product/405016621_1_1778069106_w{res}.jpg,https://m.bunjang.co.kr/products/405016621,2026-05-07 14:07,7500f rtx5060 본체,,,desktop,N,,SALE,,RTX5060,,,UNKNOWN
본체,번개장터,400911491,[무료배송]HP PRO 컴퓨터 본체  윈도우10가정 사무용Computer,150000,판매중,,https://media.bunjang.co.kr/product/400911491_1_1778136886_w{res}.jpg,https://m.bunjang.co.kr/products/400911491,2026-05-07 14:00,[무료배송]hp pro 컴퓨터 본체 윈도우10가정 사무용computer,,,desktop,N,,SALE,,,,,UNKNOWN
본체,번개장터,399888214,버즈 프로 바이올렛 충전기 본체 판매합니다,25000,판매중,,https://media.bunjang.co.kr/product/399888214_1_1775476438_w{res}.jpg,https://m.bunjang.co.kr/products/399888214,2026-05-07 13:59,버즈 프로 바이올렛 충전기 본체,,,CHARGER,Y,,SALE,,,,,UNKNOWN
본체,번개장터,401076139,드라이로즈 리본체크후드집업 판매해요,78000,판매중,,https://media.bunjang.co.kr/product/401076139_1_1778203057_w{res}.jpg,https://m.bunjang.co.kr/products/401076139,2026-05-07 13:58,드라이로즈 리본체크후드집업 해요,,,desktop,N,,SALE,,,,,UNKNOWN
본체,번개장터,406536343,라이젠5 7400F 데스크탑 반본체,660000,판매중,,https://media.bunjang.co.kr/product/406536343_1_1778129900_w{res}.jpg,https://m.bunjang.co.kr/products/406536343,2026-05-07 13:58,라이젠5 7400f 데스크탑 반본체,,,desktop,N,,SALE,RYZEN5 7400F,,,,UNKNOWN
본체,번개장터,406535567,가성비 중고컴퓨터 본체 조립식 게이밍 게임용컴퓨터 가격 추천,190000,판매중,,https://media.bunjang.co.kr/product/406535567_1_1778129611_w{res}.jpg,https://m.bunjang.co.kr/products/406535567,2026-05-07 13:53,가성비 중고컴퓨터 본체 조립식 게이밍 게임용컴퓨터 가격 추천,,,desktop,N,,SALE,,,,,UNKNOWN
본체,번개장터,392196750,엘지 LG 톤프리 TFN4 본체,40000,판매중,,https://media.bunjang.co.kr/product/392196750_1_1772259109_w{res}.jpg,https://m.bunjang.co.kr/products/392196750,2026-05-07 13:52,엘지 lg 톤프리 tfn4 본체,,,desktop,N,,SALE,,,,,UNKNOWN
본체,번개장터,406534246,[번장특판 컴퓨터 이벤트]RTX 3060TI 모음 본체 최저가 한정수량,720000,판매중,,https://media.bunjang.co.kr/product/406534246_1_1778129115_w{res}.jpg,https://m.bunjang.co.kr/products/406534246,2026-05-07 13:45,[번장특판 컴퓨터 이벤트]rtx 3060ti 모음 본체 최저가 한정수량,,,desktop,N,,SALE,,RTX3060TI,,,MID
본체,번개장터,406534077,[번장1등 컴퓨터 풀셋트 본체]한정수량 초특가 이벤트 판매 합니다,285000,판매중,,https://media.bunjang.co.kr/product/406534077_1_1778129056_w{res}.jpg,https://m.bunjang.co.kr/products/406534077,2026-05-07 13:44,[번장1등 컴퓨터 풀셋트 본체]한정수량 초특가 이벤트 합니다,,,desktop,N,,SALE,,,,,UNKNOWN
본체,번개장터,406533387,에어팟프로2 본체만 팝니다,40000,판매중,,https://media.bunjang.co.kr/product/406533387_1_1778128808_w{res}.jpg,https://m.bunjang.co.kr/products/406533387,2026-05-07 13:40,에어팟프로2 본체만,애플,에어팟 프로,earphone,N,,SALE,,,,,UNKNOWN
본체,번개장터,406533204,"라이젠 4650G, 16GB, 256ssd, 사무용 본체",500000,판매중,,https://media.bunjang.co.kr/product/406533204_1_1778128741_w{res}.jpg,https://m.bunjang.co.kr/products/406533204,2026-05-07 13:39,"라이젠 4650g, 16gb, 256ssd, 사무용 본체",,,desktop,N,16.0,SALE,,,,,UNKNOWN
본체,번개장터,406532161,에어팟 프로3 오른쪽 유닛이랑 본체 팔아요,160000,판매중,,https://media.bunjang.co.kr/product/406532161_1_1778130854_w{res}.jpg,https://m.bunjang.co.kr/products/406532161,2026-05-07 13:32,에어팟 프로3 오른쪽 유닛이랑 본체,애플,에어팟 프로,earphone,N,,SALE,,,,,UNKNOWN
본체,번개장터,406531576,애플 파워비츠 프로 비츠 프로 블루투스 무선 이어폰 본체,65000,판매중,,https://media.bunjang.co.kr/product/406531576_1_1778128157_w{res}.jpg,https://m.bunjang.co.kr/products/406531576,2026-05-07 13:29,애플 파워비츠 프로 비츠 프로 블루투스 무선 이어폰 본체,,,PARTS,Y,,SALE,,,,,UNKNOWN
본체,번개장터,406531514,에어팟 프로1 본체만 팔아요,20000,판매중,,https://media.bunjang.co.kr/product/406531514_1_1778128132_w{res}.jpg,https://m.bunjang.co.kr/products/406531514,2026-05-07 13:28,에어팟 프로1 본체만,애플,에어팟 프로,earphone,N,,SALE,,,,,UNKNOWN
본체,번개장터,397368812,다잘되는 만능 i7-8700 GTX1660슈퍼 컴퓨터 본체 싸게판매,660000,판매중,,https://media.bunjang.co.kr/product/397368812_1_1774441484_w{res}.jpg,https://m.bunjang.co.kr/products/397368812,2026-05-07 13:27,다잘되는 만능 i7-8700 gtx1660슈퍼 컴퓨터 본체 싸게,,,desktop,N,,SALE,I7-8700,GTX1660,,,LOW
본체,번개장터,338393927,[세제품]14세대  RTX5060 컴퓨터 본체 최최저가 판매,1490000,판매중,,https://media.bunjang.co.kr/product/338393927_1_1774437569_w{res}.jpg,https://m.bunjang.co.kr/products/338393927,2026-05-07 13:27,[세제품]14세대 rtx5060 컴퓨터 본체 최최저가,,,desktop,N,,SALE,,RTX5060,,,UNKNOWN
본체,번개장터,406531032,I5 RTX 게이밍 게임용전용 컴퓨터 (중고조립식컴퓨터본체),750000,판매중,,https://media.bunjang.co.kr/product/406531032_1_1778127951_w{res}.jpg,https://m.bunjang.co.kr/products/406531032,2026-05-07 13:25,i5 rtx 게이밍 게임용전용 컴퓨터 (중고조립식컴퓨터본체),,,desktop,N,,SALE,,,,,UNKNOWN
본체,번개장터,406530877,고사양 게임용 게이밍 조립pc컴퓨터 데스크탑중고컴퓨터본체 조립식,780000,판매중,,https://media.bunjang.co.kr/product/406530877_1_1778127894_w{res}.jpg,https://m.bunjang.co.kr/products/406530877,2026-05-07 13:24,고사양 게임용 게이밍 조립pc컴퓨터 데스크탑중고컴퓨터본체 조립식,,,desktop,N,,SALE,,,,,UNKNOWN
본체,번개장터,333999029,라이젠9800X3D블랙감성 반본체 컴퓨터,2000000,판매중,,https://media.bunjang.co.kr/product/333999029_1_1777794818_w{res}.jpg,https://m.bunjang.co.kr/products/333999029,2026-05-07 13:23,라이젠9800x3d블랙감성 반본체 컴퓨터,,,desktop,N,,SALE,RYZEN9800X,,,,UNKNOWN
본체,번개장터,406530442,피포스 초이 미백스킨 인형 본체,80000,판매중,,https://media.bunjang.co.kr/product/406530442_1_1778127751_w{res}.jpg,https://m.bunjang.co.kr/products/406530442,2026-05-07 13:22,피포스 초이 미백스킨 인형 본체,,,desktop,N,,SALE,,,,,UNKNOWN
본체,번개장터,406530352,번장 이벤트 사무용 주식 TM 카톡업무 컴퓨터 본체 최저가 판매!,150000,판매중,,https://media.bunjang.co.kr/product/406530352_1_1778127712_w{res}.jpg,https://m.bunjang.co.kr/products/406530352,2026-05-07 13:21,번장 이벤트 사무용 주식 tm 카톡업무 컴퓨터 본체 최저가 !,,,desktop,N,,SALE,,,,,UNKNOWN
본체,번개장터,406530201,"사무용컴퓨터pc 중고컴퓨터, 조립식컴퓨터본체 rtx2070",780000,판매중,,https://media.bunjang.co.kr/product/406530201_1_1778127652_w{res}.jpg,https://m.bunjang.co.kr/products/406530201,2026-05-07 13:20,"사무용컴퓨터pc 중고컴퓨터, 조립식컴퓨터본체 rtx2070",,,desktop,N,,SALE,,RTX2070,,,MID
본체,번개장터,378612329,[8인치] 폰터스 PM-600G 지니3D맵 네비게이션 (본체단품),60000,판매중,,https://media.bunjang.co.kr/product/378612329_1_1766839440_w{res}.jpg,https://m.bunjang.co.kr/products/378612329,2026-05-07 13:19,[8인치] 폰터스 pm-600g 지니3d맵 네비게이션 (본체단품),,,desktop,N,,SALE,,,,,UNKNOWN
본체,번개장터,406276709,닌텐도 스위치 oled 기기 본체 단품 닌텐도스위치 올레드,170000,판매중,,https://media.bunjang.co.kr/product/406276709_1_1778028049_w{res}.jpg,https://m.bunjang.co.kr/products/406276709,2026-05-07 13:17,닌텐도 스위치 oled 기기 본체 단품 닌텐도스위치 올레드,,,desktop,N,,SALE,,,,,UNKNOWN
본체,번개장터,403897767,신일 창문형 에어컨 화이트 본체만 판매합니다,199000,판매중,,https://media.bunjang.co.kr/product/403897767_1_1777329001_w{res}.jpg,https://m.bunjang.co.kr/products/403897767,2026-05-07 13:14,신일 창문형 에어컨 화이트 본체만,,,desktop,N,,SALE,,,,,UNKNOWN
본체,번개장터,406528332,애플워치10 GPS 42mm 블랙 본체박스충전기 상태양호,430000,판매중,,https://media.bunjang.co.kr/product/406528332_1_1778126925_w{res}.jpg,https://m.bunjang.co.kr/products/406528332,2026-05-07 13:08,애플워치10 gps 42mm 블랙 본체박스충전기 상태양호,애플,애플워치,CHARGER,Y,,SALE,,,,,UNKNOWN
본체,번개장터,269549205,*안심상점*에어팟3세대 본체 (단품) 판매합니다,49000,판매중,,https://media.bunjang.co.kr/product/269549205_1_1745204835_w{res}.jpg,https://m.bunjang.co.kr/products/269549205,2026-05-07 13:07,*안심상점*에어팟3세대 본체 (단품),애플,에어팟 3세대,earphone,N,,SALE,,,,,UNKNOWN
본체,번개장터,406528076,자브라 엘리트 3 블루투스 무선 이어폰 본체,35000,판매중,,https://media.bunjang.co.kr/product/406528076_1_1778126816_w{res}.jpg,https://m.bunjang.co.kr/products/406528076,2026-05-07 13:06,자브라 엘리트 3 블루투스 무선 이어폰 본체,,,desktop,N,,SALE,,,,,UNKNOWN
본체,번개장터,327094760,닌텐도 스위치 본체 측면 접촉 불량 수리 교체(조이콘 아님),15000,판매중,,https://media.bunjang.co.kr/product/327094760_1_1778194521_w{res}.jpg,https://m.bunjang.co.kr/products/327094760,2026-05-07 13:02,닌텐도 스위치 본체 측면 접촉 불량 수리 교체(조이콘 아님),,,SERVICE,Y,,SALE,,,,,UNKNOWN
본체,번개장터,403285069,"게이밍PC 본체 (i5-9400F, RTX 5050)",700000,판매중,,https://media.bunjang.co.kr/product/403285069_1_1776845070_w{res}.jpg,https://m.bunjang.co.kr/products/403285069,2026-05-07 12:59,"게이밍pc 본체 (i5-9400f, rtx 5050)",,,desktop,N,,SALE,I5-9400F,RTX5050,,,UNKNOWN
본체,번개장터,406526814,[번장특판 컴퓨터 이벤트]RTX 3060TI 모음 본체 최저가 한정수량,720000,판매중,,https://media.bunjang.co.kr/product/406526814_1_1778126310_w{res}.jpg,https://m.bunjang.co.kr/products/406526814,2026-05-07 12:58,[번장특판 컴퓨터 이벤트]rtx 3060ti 모음 본체 최저가 한정수량,,,desktop,N,,SALE,,RTX3060TI,,,MID
본체,번개장터,406526627,RTX2060 게이밍게임용컴퓨터 데스크탑 가성비 조립pc 중고컴퓨터본체,560000,판매중,,https://media.bunjang.co.kr/product/406526627_1_1778126245_w{res}.jpg,https://m.bunjang.co.kr/products/406526627,2026-05-07 12:57,rtx2060 게이밍게임용컴퓨터 데스크탑 가성비 조립pc 중고컴퓨터본체,,,desktop,N,,SALE,,RTX2060,,,MID
본체,번개장터,406526609,인텔 I5 사무용컴퓨터본체 추가 게이밍컴퓨터 사용가능,180000,판매중,,https://media.bunjang.co.kr/product/406526609_1_1778126237_w{res}.jpg,https://m.bunjang.co.kr/products/406526609,2026-05-07 12:57,인텔 i5 사무용컴퓨터본체 추가 게이밍컴퓨터 사용가능,,,desktop,N,,SALE,,,,,UNKNOWN
본체,번개장터,406526290,소니 WF1000XM5 (YY2963) 본체,70000,판매중,,https://media.bunjang.co.kr/product/406526290_1_1778126106_w{res}.jpg,https://m.bunjang.co.kr/products/406526290,2026-05-07 12:55,소니 wf1000xm5 (yy2963) 본체,,,desktop,N,,SALE,,,,,UNKNOWN
본체,번개장터,374608169,[HILTI]힐티충전함마드릴 TE4A22앙카드릴 로타리함마드릴 본체만,250000,판매중,,https://media.bunjang.co.kr/product/374608169_1_1777526354_w{res}.jpg,https://m.bunjang.co.kr/products/374608169,2026-05-07 12:52,[hilti]힐티충전함마드릴 te4a22앙카드릴 로타리함마드릴 본체만,,,desktop,N,,SALE,,,,,UNKNOWN
본체,번개장터,365794438,마끼다충전함마드릴DDF458본체만 블랙에디션 A급,99000,판매중,,https://media.bunjang.co.kr/product/365794438_1_1761714235_w{res}.jpg,https://m.bunjang.co.kr/products/365794438,2026-05-07 12:52,마끼다충전함마드릴ddf458본체만 블랙에디션 a급,,,desktop,N,,SALE,,,,,UNKNOWN
본체,번개장터,402465451,라이젠 9700X RX 초고수양 게이밍 컴퓨터 본체 모니터 풀세트 PC,1900000,판매중,,https://media.bunjang.co.kr/product/402465451_1_1776514077_w{res}.jpg,https://m.bunjang.co.kr/products/402465451,2026-05-07 12:51,라이젠 9700x rx 초고수양 게이밍 컴퓨터 본체 모니터 풀세트 pc,,,desktop,N,,SALE,RYZEN 9700X,,,,UNKNOWN
본체,번개장터,404310634,에어팟 본체 (유닛 X),25000,판매중,,https://media.bunjang.co.kr/product/404310634_1_1777306465_w{res}.jpg,https://m.bunjang.co.kr/products/404310634,2026-05-07 12:50,에어팟 본체 (유닛 x),애플,에어팟,earphone,N,,SALE,,,,,UNKNOWN
본체,번개장터,405342978,컴퓨터본체,320000,판매중,,https://media.bunjang.co.kr/product/405342978_1_1777698991_w{res}.jpg,https://m.bunjang.co.kr/products/405342978,2026-05-07 12:40,컴퓨터본체,,,desktop,N,,SALE,,,,,UNKNOWN
본체,번개장터,404212032,컴퓨터본체,430000,예약중,,https://media.bunjang.co.kr/product/404212032_1_1777372539_w{res}.jpg,https://m.bunjang.co.kr/products/404212032,2026-05-07 12:40,컴퓨터본체,,,desktop,N,,RESERVED,,,,,UNKNOWN
본체,번개장터,405604256,아이패드 10세대 64GB Wi-Fi 실버 본체 박스 케이스 상태좋음,480000,판매중,,https://media.bunjang.co.kr/product/405604256_1_1778125091_w{res}.jpg,https://m.bunjang.co.kr/products/405604256,2026-05-07 12:37,아이패드 10세대 64gb wi-fi 실버 본체 박스 케이스,애플,아이패드,CASE,Y,64.0,SALE,,,,,UNKNOWN
본체,번개장터,372542836,채굴 반본체(12WAY보드+CPU+RAM 8GB),100000,판매중,,https://media.bunjang.co.kr/product/372542836_1_1764416651_w{res}.jpg,https://m.bunjang.co.kr/products/372542836,2026-05-07 12:35,채굴 반본체(12way보드+cpu+ram 8gb),,,desktop,N,,SALE,,,8.0,,UNKNOWN
본체,번개장터,406523381,라이젠 5 5600 RTX 4060 본체 (RAM 32GB),1000000,판매중,,https://media.bunjang.co.kr/product/406523381_1_1778124914_w{res}.jpg,https://m.bunjang.co.kr/products/406523381,2026-05-07 12:35,라이젠 5 5600 rtx 4060 본체 (ram 32gb),,,desktop,N,32.0,SALE,RYZEN 5 5600,RTX4060,32.0,,HIGH
본체,번개장터,406523359,[번장1등 컴퓨터 풀셋트 본체]한정수량 초특가 이벤트 판매 합니다,285000,판매중,,https://media.bunjang.co.kr/product/406523359_1_1778124907_w{res}.jpg,https://m.bunjang.co.kr/products/406523359,2026-05-07 12:35,[번장1등 컴퓨터 풀셋트 본체]한정수량 초특가 이벤트 합니다,,,desktop,N,,SALE,,,,,UNKNOWN
본체,번개장터,249019130,"삼성pc 데스크탑 i5 , ssd 와이파이 무선 완본체 컴퓨터",410000,판매중,,https://media.bunjang.co.kr/product/249019130_1_1765415358_w{res}.jpg,https://m.bunjang.co.kr/products/249019130,2026-05-07 12:33,"삼성pc 데스크탑 i5 , ssd 와이파이 무선 완본체 컴퓨터",,,desktop,N,,SALE,,,,,UNKNOWN
본체,번개장터,406522896,사무용부터게임용까지 조립식PC 컴퓨터추천 데스크탑 중고컴퓨터본체,500000,판매중,,https://media.bunjang.co.kr/product/406522896_1_1778124731_w{res}.jpg,https://m.bunjang.co.kr/products/406522896,2026-05-07 12:32,사무용부터게임용까지 조립식pc 컴퓨터추천 데스크탑 중고컴퓨터본체,,,desktop,N,,SALE,,,,,UNKNOWN
본체,번개장터,406522460,조립식PC추천!! 게이밍 게임용 데스크탑 중고컴퓨터본체,490000,판매중,,https://media.bunjang.co.kr/product/406522460_1_1778124564_w{res}.jpg,https://m.bunjang.co.kr/products/406522460,2026-05-07 12:29,조립식pc추천!! 게이밍 게임용 데스크탑 중고컴퓨터본체,,,desktop,N,,SALE,,,,,UNKNOWN
본체,번개장터,406120139,PS5 디스크에디션  본체 + 게임 3개 + 컨트롤러,630000,판매중,,https://media.bunjang.co.kr/product/406120139_1_1778025309_w{res}.jpg,https://m.bunjang.co.kr/products/406120139,2026-05-07 12:27,ps5 디스크에디션 본체 + 게임 3개 + 컨트롤러,,,desktop,N,,SALE,,,,,UNKNOWN
본체,번개장터,406522107,JBL Reflect mini NC tws 블루투스 무선 이어폰 본체,60000,판매중,,https://media.bunjang.co.kr/product/406522107_1_1778124420_w{res}.jpg,https://m.bunjang.co.kr/products/406522107,2026-05-07 12:27,jbl reflect mini nc tws 블루투스 무선 이어폰 본체,,,desktop,N,,SALE,,,,,UNKNOWN
본체,번개장터,406521957,에어팟 프로3 본체,120000,판매중,,https://media.bunjang.co.kr/product/406521957_1_1778124354_w{res}.jpg,https://m.bunjang.co.kr/products/406521957,2026-05-07 12:25,에어팟 프로3 본체,애플,에어팟 프로,earphone,N,,SALE,,,,,UNKNOWN
본체,번개장터,406467600,버즈2프로 본체 판매합니다,34000,판매중,,https://media.bunjang.co.kr/product/406467600_1_1778086621_w{res}.jpg,https://m.bunjang.co.kr/products/406467600,2026-05-07 12:24,버즈2프로 본체,,,desktop,N,,SALE,,,,,UNKNOWN
본체,번개장터,396537784,9600x 9060xt 32gb ram 2tb ssd 화이트 본체,2200000,판매중,,https://media.bunjang.co.kr/product/396537784_1_1774086539_w{res}.jpg,https://m.bunjang.co.kr/products/396537784,2026-05-07 12:24,9600x 9060xt 32gb ram 2tb ssd 화이트 본체,,,desktop,N,32.0,SALE,,,,2048.0,UNKNOWN
본체,번개장터,313923500,"정품 윈도우11 프로,홈 두 종류 DSP 패키지 (CD,인증키)",25000,판매중,,https://media.bunjang.co.kr/product/313923500_1_1772599332_w{res}.jpg,https://m.bunjang.co.kr/products/313923500,2026-05-07 12:12,"윈도우11 프로,홈 두 종류 dsp 패키지 (cd,인증키)",,,UNKNOWN,N,,SALE,,,,,UNKNOWN
본체,번개장터,406519953,[번장1등 컴퓨터 풀셋트 본체]한정수량 초특가 이벤트 판매 합니다,285000,판매중,,https://media.bunjang.co.kr/product/406519953_1_1778123504_w{res}.jpg,https://m.bunjang.co.kr/products/406519953,2026-05-07 12:11,[번장1등 컴퓨터 풀셋트 본체]한정수량 초특가 이벤트 합니다,,,desktop,N,,SALE,,,,,UNKNOWN
본체,번개장터,405423786,라이젠9 5900x 본체 팝니다,1280000,판매중,,https://media.bunjang.co.kr/product/405423786_1_1777722327_w{res}.jpg,https://m.bunjang.co.kr/products/405423786,2026-05-07 12:10,라이젠9 5900x 본체,,,desktop,N,,SALE,RYZEN9 5900X,,,,UNKNOWN
본체,번개장터,406518918,소니 WF-G700N 인존버즈 블루투스 무선 이어폰 본체,100000,판매중,,https://media.bunjang.co.kr/product/406518918_1_1778123077_w{res}.jpg,https://m.bunjang.co.kr/products/406518918,2026-05-07 12:04,소니 wf-g700n 인존버즈 블루투스 무선 이어폰 본체,,,desktop,N,,SALE,,,,,UNKNOWN
본체,번개장터,341437518,닌텐도 스위치 OLED 스플래툰 에디션 본체 + SD 128g,210000,판매중,,https://media.bunjang.co.kr/product/341437518_1_1760084799_w{res}.jpg,https://m.bunjang.co.kr/products/341437518,2026-05-07 12:00,닌텐도 스위치 oled 스플래툰 에디션 본체 + sd 128g,,,desktop,N,,SALE,,,,,UNKNOWN
본체,번개장터,405302753,i5 12400F DDR5 16G 가성비본체 팝니다.,900000,판매중,,https://media.bunjang.co.kr/product/405302753_1_1777685027_w{res}.jpg,https://m.bunjang.co.kr/products/405302753,2026-05-07 11:59,i5 12400f ddr5 16g 가성비본체 .,,,desktop,N,,SALE,I5 12400F,,,,UNKNOWN
본체,번개장터,406518072,게이밍본체12400 rtx 4060,1000000,판매중,,https://media.bunjang.co.kr/product/406518072_1_1778122735_w{res}.jpg,https://m.bunjang.co.kr/products/406518072,2026-05-07 11:58,게이밍본체12400 rtx 4060,,,desktop,N,,SALE,,RTX4060,,,MID
본체,번개장터,406518002,psp 1000 화이트 본체,80000,판매중,,https://media.bunjang.co.kr/product/406518002_1_1778122755_w{res}.jpg,https://m.bunjang.co.kr/products/406518002,2026-05-07 11:58,psp 1000 화이트 본체,,,desktop,N,,SALE,,,,,UNKNOWN
본체,번개장터,406517820,버즈프로 본체 (택배비포함),33000,판매중,,https://media.bunjang.co.kr/product/406517820_1_1778122608_w{res}.jpg,https://m.bunjang.co.kr/products/406517820,2026-05-07 11:56,버즈프로 본체 (비포함),,,desktop,N,,SALE,,,,,UNKNOWN
본체,번개장터,387624032,잘만 p30+리안리 유선 시스템 화이트빌드 반본체,500000,판매중,,https://media.bunjang.co.kr/product/387624032_1_1777812365_w{res}.jpg,https://m.bunjang.co.kr/products/387624032,2026-05-07 11:53,잘만 p30+리안리 유선 시스템 화이트빌드 반본체,,,desktop,N,,SALE,,,,,UNKNOWN
본체,번개장터,406517089,힐티충전함마드릴 TE6A36AVR 1회사용 거의새거 힐티함마드릴본체만,450000,판매중,,https://media.bunjang.co.kr/product/406517089_1_1778122323_w{res}.jpg,https://m.bunjang.co.kr/products/406517089,2026-05-07 11:52,힐티충전함마드릴 te6a36avr 1회사용 거의새거 힐티함마드릴본체만,,,desktop,N,,SALE,,,,,UNKNOWN
본체,번개장터,406517075,에어팟프로3 본체 정품 작동잘됨  총알배송,100000,판매중,,https://media.bunjang.co.kr/product/406517075_1_1778122316_w{res}.jpg,https://m.bunjang.co.kr/products/406517075,2026-05-07 11:51,에어팟프로3 본체 작동잘됨 총알배송,애플,에어팟 프로,earphone,N,,SALE,,,,,UNKNOWN
본체,번개장터,406516979,사운드코어 리버티 pro 3 블루투스 무선 이어폰 본체,40000,판매중,,https://media.bunjang.co.kr/product/406516979_1_1778122274_w{res}.jpg,https://m.bunjang.co.kr/products/406516979,2026-05-07 11:51,사운드코어 리버티 pro 3 블루투스 무선 이어폰 본체,,,desktop,N,,SALE,,,,,UNKNOWN
본체,번개장터,406516935,에어팟4세대 본체 노캔가능버전 작동잘됨  총알배송,60000,판매중,,https://media.bunjang.co.kr/product/406516935_1_1778122254_w{res}.jpg,https://m.bunjang.co.kr/products/406516935,2026-05-07 11:50,에어팟4세대 본체 노캔가능버전 작동잘됨 총알배송,애플,에어팟,earphone,N,,SALE,,,,,UNKNOWN
본체,번개장터,406516838,에어팟프로2 본체 8핀 정품 총알배송,50000,판매중,,https://media.bunjang.co.kr/product/406516838_1_1778122215_w{res}.jpg,https://m.bunjang.co.kr/products/406516838,2026-05-07 11:50,에어팟프로2 본체 8핀 총알배송,애플,에어팟 프로,earphone,N,,SALE,,,,,UNKNOWN
본체,번개장터,406516583,번장 이벤트 사무용 주식 TM 카톡업무 컴퓨터 본체 최저가 판매!,150000,판매중,,https://media.bunjang.co.kr/product/406516583_1_1778122101_w{res}.jpg,https://m.bunjang.co.kr/products/406516583,2026-05-07 11:48,번장 이벤트 사무용 주식 tm 카톡업무 컴퓨터 본체 최저가 !,,,desktop,N,,SALE,,,,,UNKNOWN
본체,번개장터,396226665,14700K 본체 판매합니다.,1650000,판매중,,https://media.bunjang.co.kr/product/396226665_1_1777185128_w{res}.jpg,https://m.bunjang.co.kr/products/396226665,2026-05-07 11:47,14700k 본체 .,,,desktop,N,,SALE,,,,,UNKNOWN
본체,번개장터,404724151,HP OMEN 라이젠5800X RTX3080 게이밍 본체 판매합니다.,1450000,판매중,,https://media.bunjang.co.kr/product/404724151_1_1777440421_w{res}.jpg,https://m.bunjang.co.kr/products/404724151,2026-05-07 11:47,hp omen 라이젠5800x rtx3080 게이밍 본체 .,,,desktop,N,,SALE,RYZEN5800X,RTX3080,,,HIGH
본체,번개장터,397276767,5700X3D RTX3080 게이밍 본체 판매합니다.,1450000,판매중,,https://media.bunjang.co.kr/product/397276767_1_1777871897_w{res}.jpg,https://m.bunjang.co.kr/products/397276767,2026-05-07 11:47,5700x3d rtx3080 게이밍 본체 .,,,desktop,N,,SALE,,RTX3080,,,HIGH
본체,번개장터,398283934,(미개봉/새상품)티피텐트 본체+본체이너 판매합니다,690000,판매중,,https://media.bunjang.co.kr/product/398283934_1_1774849129_w{res}.jpg,https://m.bunjang.co.kr/products/398283934,2026-05-07 11:45,(/)티피텐트 본체+본체이너,,,desktop,N,,SALE,,,,,UNKNOWN
본체,번개장터,406516064,LG 톤프리 TFP8W 블루투스 무선 이어폰 본체,75000,판매중,,https://media.bunjang.co.kr/product/406516064_1_1778121870_w{res}.jpg,https://m.bunjang.co.kr/products/406516064,2026-05-07 11:44,lg 톤프리 tfp8w 블루투스 무선 이어폰 본체,,,desktop,N,,SALE,,,,,UNKNOWN
본체,번개장터,402770026,"9950x3d, x870 wifi, rtx 5080 하이엔드급 본체",1111,예약중,,https://media.bunjang.co.kr/product/402770026_1_1778154302_w{res}.jpg,https://m.bunjang.co.kr/products/402770026,2026-05-07 11:40,"9950x3d, x870 wifi, rtx 5080 하이엔드급 본체",,,desktop,N,,RESERVED,,RTX5080,,,UNKNOWN
본체,번개장터,406514995,RTX2060 게이밍 게임용 중고컴퓨터 저렴 조립컴퓨터본체,390000,판매중,,https://media.bunjang.co.kr/product/406514995_1_1778121412_w{res}.jpg,https://m.bunjang.co.kr/products/406514995,2026-05-07 11:36,rtx2060 게이밍 게임용 중고컴퓨터 저렴 조립컴퓨터본체,,,desktop,N,,SALE,,RTX2060,,,MID
본체,번개장터,403213477,새거 또는 단순개봉)에어팟 프로3 본체케이스만,110000,판매중,,https://media.bunjang.co.kr/product/403213477_1_1777266721_w{res}.jpg,https://m.bunjang.co.kr/products/403213477,2026-05-07 11:36,새거 또는 단순개봉)에어팟 프로3 본체케이스만,애플,에어팟 프로,CASE,Y,,SALE,,,,,UNKNOWN
본체,번개장터,406066063,급처)에어팟 프로3 본체케이스만 따로 판매,89000,판매중,,https://media.bunjang.co.kr/product/406066063_1_1777950250_w{res}.jpg,https://m.bunjang.co.kr/products/406066063,2026-05-07 11:36,)에어팟 프로3 본체케이스만 따로,애플,에어팟 프로,CASE,Y,,SALE,,,,,UNKNOWN
본체,번개장터,406514010,번장1위컴퓨터!최저가pc비교불가!!컴퓨터pc본체데스크탑조립식컴퓨터사무용,270000,판매중,,https://media.bunjang.co.kr/product/406514010_1_1778120999_w{res}.jpg,https://m.bunjang.co.kr/products/406514010,2026-05-07 11:29,번장1위컴퓨터!최저가pc비교불가!!컴퓨터pc본체데스크탑조립식컴퓨터사무용,,,desktop,N,,SALE,,,,,UNKNOWN
본체,번개장터,406513883,i5 9400F GTX1060 3G 롤 메이플 피파 던파 서든 상옵,460000,판매중,,https://media.bunjang.co.kr/product/406513883_1_1778120949_w{res}.jpg,https://m.bunjang.co.kr/products/406513883,2026-05-07 11:29,i5 9400f gtx1060 3g 롤 메이플 피파 던파 서든 상옵,,,UNKNOWN,N,,SALE,I5 9400F,GTX1060,,,LOW
본체,번개장터,383241613,닌텐도 wii 본체 거치대,6000,판매중,,https://media.bunjang.co.kr/product/383241613_1_1770617422_w{res}.jpg,https://m.bunjang.co.kr/products/383241613,2026-05-07 11:28,닌텐도 wii 본체 거치대,,,STAND,Y,,SALE,,,,,UNKNOWN
본체,번개장터,217957333,[7인치] 아이나비 KP850s 네비게이션 (본체단품),55000,판매중,,https://media.bunjang.co.kr/product/217957333_1_1765083761_w{res}.jpg,https://m.bunjang.co.kr/products/217957333,2026-05-07 11:25,[7인치] 아이나비 kp850s 네비게이션 (본체단품),,,desktop,N,,SALE,,,,,UNKNOWN
본체,번개장터,406513323,[번장특판 컴퓨터 이벤트]RTX 3060TI 모음 본체 최저가 한정수량,720000,판매중,,https://media.bunjang.co.kr/product/406513323_1_1778120699_w{res}.jpg,https://m.bunjang.co.kr/products/406513323,2026-05-07 11:24,[번장특판 컴퓨터 이벤트]rtx 3060ti 모음 본체 최저가 한정수량,,,desktop,N,,SALE,,RTX3060TI,,,MID
본체,번개장터,406512915,번장 이벤트 사무용 주식 TM 메신저업무 컴퓨터 본체 최저가 판매!,150000,판매중,,https://media.bunjang.co.kr/product/406512915_1_1778120548_w{res}.jpg,https://m.bunjang.co.kr/products/406512915,2026-05-07 11:22,번장 이벤트 사무용 주식 tm 메신저업무 컴퓨터 본체 최저가 !,,,desktop,N,,SALE,,,,,UNKNOWN
본체,번개장터,406512903,디월트충전함마드릴 DCH333AVR 디월트함마드릴 S급 본체만,320000,판매중,,https://media.bunjang.co.kr/product/406512903_1_1778120543_w{res}.jpg,https://m.bunjang.co.kr/products/406512903,2026-05-07 11:22,디월트충전함마드릴 dch333avr 디월트함마드릴 s급 본체만,,,desktop,N,,SALE,,,,,UNKNOWN
본체,번개장터,359372381,살바토레 페라가모 바라 리본체인백,350000,판매중,,https://media.bunjang.co.kr/product/359372381_1_1759546376_w{res}.jpg,https://m.bunjang.co.kr/products/359372381,2026-05-07 11:20,살바토레 페라가모 바라 리본체인백,,,desktop,N,,SALE,,,,,UNKNOWN
본체,번개장터,261985298,5점 만점 후기! 게이밍 컴퓨터 44만원 부터 판매합니다 안산 공식 매장,1010000,판매중,,https://media.bunjang.co.kr/product/261985298_1_1776497410_w{res}.jpg,https://m.bunjang.co.kr/products/261985298,2026-05-07 11:15,5점 만점 후기! 게이밍 컴퓨터 44만원 부터 안산 공식 매장,,,desktop,N,,SALE,,,,,UNKNOWN
본체,번개장터,91843524,[오직! 번개장터에서만] I5 9400F 게이밍 컴퓨터 최저가 판매,630000,판매중,,https://media.bunjang.co.kr/product/91843524_1_1776496669_w{res}.jpg,https://m.bunjang.co.kr/products/91843524,2026-05-07 11:15,[오직! 번개장터에서만] i5 9400f 게이밍 컴퓨터 최저가,,,desktop,N,,SALE,I5 9400F,,,,UNKNOWN
본체,번개장터,397718454,반본체 세트 판매 DDR3기반,39000,판매중,,https://media.bunjang.co.kr/product/397718454_1_1774970616_w{res}.jpg,https://m.bunjang.co.kr/products/397718454,2026-05-07 11:10,반본체 세트 ddr3기반,,,desktop,N,,SALE,,,,,UNKNOWN
본체,번개장터,406511057,i5 6500 GTX 1060 3G 게이밍 컴퓨터 본체 사무용 듀얼모니터,420000,판매중,,https://media.bunjang.co.kr/product/406511057_1_1778119756_w{res}.jpg,https://m.bunjang.co.kr/products/406511057,2026-05-07 11:09,i5 6500 gtx 1060 3g 게이밍 컴퓨터 본체 사무용 듀얼모니터,,,desktop,N,,SALE,I5 6500,GTX1060,,,LOW
본체,번개장터,399880930,에어팟프로2 8핀 본체,60000,판매중,,https://media.bunjang.co.kr/product/399880930_1_1775474634_w{res}.jpg,https://m.bunjang.co.kr/products/399880930,2026-05-07 11:06,에어팟프로2 8핀 본체,애플,에어팟 프로,earphone,N,,SALE,,,,,UNKNOWN
본체,번개장터,399669510,에어팟프로2 8핀 본체,67000,판매중,,https://media.bunjang.co.kr/product/399669510_1_1775386406_w{res}.jpg,https://m.bunjang.co.kr/products/399669510,2026-05-07 11:06,에어팟프로2 8핀 본체,애플,에어팟 프로,earphone,N,,SALE,,,,,UNKNOWN
본체,번개장터,336635400,디월트용 터보송풍기 제트팬<bl모터> 초강력파워(본체만),37000,판매중,,https://media.bunjang.co.kr/product/336635400_1_1776923956_w{res}.jpg,https://m.bunjang.co.kr/products/336635400,2026-05-07 11:06,디월트용 터보송풍기 제트팬<bl모터> 초강력파워(본체만),,,PARTS,Y,,SALE,,,,,UNKNOWN
본체,번개장터,373784941,12인치톱 전기톱 디월트배터리용(bl모터)본체만,71800,판매중,,https://media.bunjang.co.kr/product/373784941_1_1776985663_w{res}.jpg,https://m.bunjang.co.kr/products/373784941,2026-05-07 11:06,12인치톱 전기톱 디월트배터리용(bl모터)본체만,,,desktop,N,,SALE,,,,,UNKNOWN
본체,번개장터,406510227,엔비디아 RTX 3080 Ti / 인텔 i7-13700f 데스크탑 본체,1300000,판매중,,https://media.bunjang.co.kr/product/406510227_1_1778119458_w{res}.jpg,https://m.bunjang.co.kr/products/406510227,2026-05-07 11:02,엔비디아 rtx 3080 ti / 인텔 i7-13700f 데스크탑 본체,,,desktop,N,,SALE,I7-13700F,RTX3080TI,,,HIGH
본체,번개장터,406510148,닌텐도 2DS XL 터쿼이즈색상 본체,310000,판매중,,https://media.bunjang.co.kr/product/406510148_1_1778119323_w{res}.jpg,https://m.bunjang.co.kr/products/406510148,2026-05-07 11:02,닌텐도 2ds xl 터쿼이즈색상 본체,,,desktop,N,,SALE,,,,,UNKNOWN
본체,번개장터,348741826,디월트 임팩렌치 본체만,58000,판매중,,https://media.bunjang.co.kr/product/348741826_1_1774438866_w{res}.jpg,https://m.bunjang.co.kr/products/348741826,2026-05-07 11:01,디월트 임팩렌치 본체만,,,desktop,N,,SALE,,,,,UNKNOWN
본체,번개장터,406510088,번장 이벤트 사무용 주식 TM 카톡업무 컴퓨터 본체 최저가 판매!,150000,판매중,,https://media.bunjang.co.kr/product/406510088_1_1778119296_w{res}.jpg,https://m.bunjang.co.kr/products/406510088,2026-05-07 11:01,번장 이벤트 사무용 주식 tm 카톡업무 컴퓨터 본체 최저가 !,,,desktop,N,,SALE,,,,,UNKNOWN
본체,번개장터,406510031,LG 톤프리 UT90Q 블루투스 무선 이어폰 본체,90000,판매중,,https://media.bunjang.co.kr/product/406510031_1_1778119274_w{res}.jpg,https://m.bunjang.co.kr/products/406510031,2026-05-07 11:01,lg 톤프리 ut90q 블루투스 무선 이어폰 본체,,,desktop,N,,SALE,,,,,UNKNOWN
본체,번개장터,346819628,디월트 그라인더 본체만(호완),69000,판매중,,https://media.bunjang.co.kr/product/346819628_1_1775798137_w{res}.jpg,https://m.bunjang.co.kr/products/346819628,2026-05-07 11:00,디월트 그라인더 본체만(호완),,,desktop,N,,SALE,,,,,UNKNOWN
본체,번개장터,401122828,에어팟 1세대 (박스+본체+우측유닛)+케이스,30000,판매중,,https://media.bunjang.co.kr/product/401122828_1_1775981924_w{res}.jpg,https://m.bunjang.co.kr/products/401122828,2026-05-07 10:59,에어팟 1세대 (박스+본체+우측유닛)+케이스,애플,에어팟,CASE,Y,,SALE,,,,,UNKNOWN
본체,번개장터,394030628,스텐리충전컷쏘/20v/브러쉬리스/sbr310/정품/새상품/본체만/베어툴,119000,판매중,,https://media.bunjang.co.kr/product/394030628_1_1775698406_w{res}.jpg,https://m.bunjang.co.kr/products/394030628,2026-05-07 10:57,스텐리충전컷쏘/20v/브러쉬리스/sbr310///본체만/베어툴,,,desktop,N,,SALE,,,,,UNKNOWN
본체,번개장터,312004626,디월트/임팩렌치/dcf892/정품/새상품/본체만/디월트미드토크임팩렌치,208000,판매중,,https://media.bunjang.co.kr/product/312004626_1_1777853616_w{res}.jpg,https://m.bunjang.co.kr/products/312004626,2026-05-07 10:57,디월트/임팩렌치/dcf892///본체만/디월트미드토크임팩렌치,,,desktop,N,,SALE,,,,,UNKNOWN
본체,번개장터,396217639,리나슈슈 크림 본체 구체관절인형,230000,판매중,,https://media.bunjang.co.kr/product/396217639_1_1775384382_w{res}.jpg,https://m.bunjang.co.kr/products/396217639,2026-05-07 10:57,리나슈슈 크림 본체 구체관절인형,,,desktop,N,,SALE,,,,,UNKNOWN
본체,번개장터,377937918,마끼다/마끼다햄머드릴/dhp487/정품/새상품/본체만/무선충전해머드릴,117000,판매중,,https://media.bunjang.co.kr/product/377937918_1_1776003756_w{res}.jpg,https://m.bunjang.co.kr/products/377937918,2026-05-07 10:57,마끼다/마끼다햄머드릴/dhp487///본체만/무선충전해머드릴,,,desktop,N,,SALE,,,,,UNKNOWN
본체,번개장터,404852888,치카비 앙팡 카나리아 본체 외 물품 일괄,180000,판매중,,https://media.bunjang.co.kr/product/404852888_1_1777477039_w{res}.jpg,https://m.bunjang.co.kr/products/404852888,2026-05-07 10:56,치카비 앙팡 카나리아 본체 외 물품 일괄,,,desktop,N,,SALE,,,,,UNKNOWN
본체,번개장터,401236052,리나슈슈 리본 노메이크업 본체,215000,판매중,,https://media.bunjang.co.kr/product/401236052_1_1776010044_w{res}.jpg,https://m.bunjang.co.kr/products/401236052,2026-05-07 10:56,리나슈슈 리본 노메이크업 본체,,,desktop,N,,SALE,,,,,UNKNOWN
본체,번개장터,398801525,플러피치 하나 본체 판매 구체관절인형,320000,판매중,,https://media.bunjang.co.kr/product/398801525_1_1775780317_w{res}.jpg,https://m.bunjang.co.kr/products/398801525,2026-05-07 10:56,플러피치 하나 본체 구체관절인형,,,desktop,N,,SALE,,,,,UNKNOWN
본체,번개장터,406509457,뱅앤올룹슨 베오플레이 EX 블루투스 무선 이어폰 본체,170000,판매중,,https://media.bunjang.co.kr/product/406509457_1_1778119000_w{res}.jpg,https://m.bunjang.co.kr/products/406509457,2026-05-07 10:56,뱅앤올룹슨 베오플레이 ex 블루투스 무선 이어폰 본체,,,desktop,N,,SALE,,,,,UNKNOWN
본체,번개장터,402087754,인텔 펜티엄 G5400 데스크탑 PC 본체 사무용,120000,판매중,,https://media.bunjang.co.kr/product/402087754_1_1776649350_w{res}.jpg,https://m.bunjang.co.kr/products/402087754,2026-05-07 10:55,인텔 펜티엄 g5400 데스크탑 pc 본체 사무용,,,desktop,N,,SALE,,,,,UNKNOWN
본체,번개장터,406508764,lg 코드제로 본체(메인바디교체 후 미사용),55000,판매중,,https://media.bunjang.co.kr/product/406508764_1_1778153936_w{res}.jpg,https://m.bunjang.co.kr/products/406508764,2026-05-07 10:51,lg 코드제로 본체(메인바디교체 후 미사용),,,desktop,N,,SALE,,,,,UNKNOWN
본체,번개장터,406508559,사무용 사무실 컴퓨터는 꼭 여기서!본체컴퓨터데스크탑pc조립식컴퓨터,270000,판매중,,https://media.bunjang.co.kr/product/406508559_1_1778118604_w{res}.jpg,https://m.bunjang.co.kr/products/406508559,2026-05-07 10:50,사무용 사무실 컴퓨터는 꼭 여기서!본체컴퓨터데스크탑pc조립식컴퓨터,,,desktop,N,,SALE,,,,,UNKNOWN
본체,번개장터,406278657,컴퓨터 본체 4070super,1600000,판매중,,https://media.bunjang.co.kr/product/406278657_1_1778130006_w{res}.jpg,https://m.bunjang.co.kr/products/406278657,2026-05-07 10:49,컴퓨터 본체 4070super,,,desktop,N,,SALE,,,,,UNKNOWN
본체,번개장터,406508306,롤 메이플 피파 던파 서든 상옵 i5 9400F GTX1060 3G,460000,판매중,,https://media.bunjang.co.kr/product/406508306_1_1778118486_w{res}.jpg,https://m.bunjang.co.kr/products/406508306,2026-05-07 10:48,롤 메이플 피파 던파 서든 상옵 i5 9400f gtx1060 3g,,,UNKNOWN,N,,SALE,I5 9400F,GTX1060,,,LOW
본체,번개장터,405030286,마끼다 전동드릴 본체 새상품,35000,판매중,,https://media.bunjang.co.kr/product/405030286_1_1777555293_w{res}.jpg,https://m.bunjang.co.kr/products/405030286,2026-05-07 10:47,마끼다 전동드릴 본체,,,desktop,N,,SALE,,,,,UNKNOWN
본체,번개장터,355681814,"에어팟프로1세대 본체, 적은사용, GX6D~, A2190",29100,판매중,,https://media.bunjang.co.kr/product/355681814_1_1778118373_w{res}.jpg,https://m.bunjang.co.kr/products/355681814,2026-05-07 10:45,"에어팟프로1세대 본체, 적은사용, gx6d~, a2190",애플,에어팟 프로,earphone,N,,SALE,,,,,UNKNOWN
본체,번개장터,399028513,(택포)수이돌 시오 화이트 MSD 본체 BJD,256000,판매중,,https://media.bunjang.co.kr/product/399028513_1_1776824522_w{res}.jpg,https://m.bunjang.co.kr/products/399028513,2026-05-07 10:45,()수이돌 시오 화이트 msd 본체 bjd,,,desktop,N,,SALE,,,,,UNKNOWN
본체,번개장터,406507636,LG 톤프리 UT90S 블루투스 무선 이어폰 본체,70000,판매중,,https://media.bunjang.co.kr/product/406507636_1_1778118196_w{res}.jpg,https://m.bunjang.co.kr/products/406507636,2026-05-07 10:43,lg 톤프리 ut90s 블루투스 무선 이어폰 본체,,,desktop,N,,SALE,,,,,UNKNOWN
본체,번개장터,400534273,고성능 워크스테이션 슈퍼마이크로 스케일러블2cpu본체,1700000,판매중,,https://media.bunjang.co.kr/product/400534273_1_1775745191_w{res}.jpg,https://m.bunjang.co.kr/products/400534273,2026-05-07 10:43,고성능 워크스테이션 슈퍼마이크로 스케일러블2cpu본체,,,desktop,N,,SALE,,,,,UNKNOWN
본체,번개장터,406506965,[번장특판 컴퓨터 이벤트]RTX 3060TI 모음 본체 최저가 한정수량,720000,판매중,,https://media.bunjang.co.kr/product/406506965_1_1778117893_w{res}.jpg,https://m.bunjang.co.kr/products/406506965,2026-05-07 10:38,[번장특판 컴퓨터 이벤트]rtx 3060ti 모음 본체 최저가 한정수량,,,desktop,N,,SALE,,RTX3060TI,,,MID
본체,번개장터,199255168,디월트송풍기/dce100n/정품/새상품/18~20v/무선충전송풍기/본체만,94000,판매중,,https://media.bunjang.co.kr/product/199255168_1_1776815464_w{res}.jpg,https://m.bunjang.co.kr/products/199255168,2026-05-07 10:36,디월트송풍기/dce100n///18~20v/무선충전송풍기/본체만,,,desktop,N,,SALE,,,,,UNKNOWN
본체,번개장터,377660975,보쉬/GSR18V-150c/충전드릴드라이버/킥백방지/전자각도감지/본체만,168000,판매중,,https://media.bunjang.co.kr/product/377660975_1_1771812627_w{res}.jpg,https://m.bunjang.co.kr/products/377660975,2026-05-07 10:36,보쉬/gsr18v-150c/충전드릴드라이버/킥백방지/전자각도감지/본체만,,,desktop,N,,SALE,,,,,UNKNOWN
본체,번개장터,406506458,삼성 갤럭시 버즈 프로1 블랙 블루투스 무선 이어폰 A급 본체,28000,판매중,,https://media.bunjang.co.kr/product/406506458_1_1778117657_w{res}.jpg,https://m.bunjang.co.kr/products/406506458,2026-05-07 10:34,삼성 갤럭시 버즈 프로1 블랙 블루투스 무선 이어폰 a급 본체,삼성,,smartphone,N,,SALE,,,,,UNKNOWN
본체,번개장터,403955693,게이밍 데스크탑 PC 본체 i-7 8700(RTX 1070),500000,판매중,,https://media.bunjang.co.kr/product/403955693_1_1777974611_w{res}.jpg,https://m.bunjang.co.kr/products/403955693,2026-05-07 10:34,게이밍 데스크탑 pc 본체 i-7 8700(rtx 1070),,,desktop,N,,SALE,,RTX1070,,,UNKNOWN
본체,번개장터,395346591,"구체관절인형 마이디어보이 향, 무명 본체 양도",120000,판매중,,https://media.bunjang.co.kr/product/395346591_1_1777051948_w{res}.jpg,https://m.bunjang.co.kr/products/395346591,2026-05-07 10:32,"구체관절인형 마이디어보이 향, 무명 본체 양도",,,desktop,N,,SALE,,,,,UNKNOWN
본체,번개장터,406154771,본체 7800x3d rtx5070,2500000,판매중,,https://media.bunjang.co.kr/product/406154771_1_1777974516_w{res}.jpg,https://m.bunjang.co.kr/products/406154771,2026-05-07 10:31,본체 7800x3d rtx5070,,,desktop,N,,SALE,,RTX5070,,,UNKNOWN
본체,번개장터,289657089,구체관절인형 구관 MSD 중샵 45급 미백 여아 본체,380000,판매중,,https://media.bunjang.co.kr/product/289657089_1_1773326706_w{res}.jpg,https://m.bunjang.co.kr/products/289657089,2026-05-07 10:29,구체관절인형 구관 msd 중샵 45급 미백 여아 본체,,,desktop,N,,SALE,,,,,UNKNOWN
본체,번개장터,289196166,구체관절인형 구관 아니메 헤드 슈슈돌 작은야옹콩 본체,358000,판매중,,https://media.bunjang.co.kr/product/289196166_1_1778159797_w{res}.jpg,https://m.bunjang.co.kr/products/289196166,2026-05-07 10:29,구체관절인형 구관 아니메 헤드 슈슈돌 작은야옹콩 본체,,,desktop,N,,SALE,,,,,UNKNOWN
본체,번개장터,250635419,구체관절인형 MSD 중샵 모스캣돌 moscatdoll Yile 미백 본체,550000,판매중,,https://media.bunjang.co.kr/product/250635419_1_1778160751_w{res}.jpg,https://m.bunjang.co.kr/products/250635419,2026-05-07 10:29,구체관절인형 msd 중샵 모스캣돌 moscatdoll yile 미백 본체,,,desktop,N,,SALE,,,,,UNKNOWN
본체,번개장터,248899818,구체관절인형 구관 MSD LALUNAdoll 라루나돌 MSD 설리 본체,520000,판매중,,https://media.bunjang.co.kr/product/248899818_1_1778045337_w{res}.jpg,https://m.bunjang.co.kr/products/248899818,2026-05-07 10:29,구체관절인형 구관 msd lalunadoll 라루나돌 msd 설리 본체,,,desktop,N,,SALE,,,,,UNKNOWN
본체,번개장터,406505398,[번장특판 컴퓨터 이벤트]RTX 3060TI 모음 본체 최저가 한정수량,720000,판매중,,https://media.bunjang.co.kr/product/406505398_1_1778117146_w{res}.jpg,https://m.bunjang.co.kr/products/406505398,2026-05-07 10:25,[번장특판 컴퓨터 이벤트]rtx 3060ti 모음 본체 최저가 한정수량,,,desktop,N,,SALE,,RTX3060TI,,,MID
본체,번개장터,324092895,구체관절인형 스위치 소서 밀크티 본체,1436170,판매중,,https://media.bunjang.co.kr/product/324092895_1_1760187135_w{res}.jpg,https://m.bunjang.co.kr/products/324092895,2026-05-07 10:24,구체관절인형 스위치 소서 밀크티 본체,,,desktop,N,,SALE,,,,,UNKNOWN
본체,번개장터,204723532,게이밍 본체 배그 RTX 2060 고사양 게이밍 PC 발로란트,699000,판매중,,https://media.bunjang.co.kr/product/204723532_1_1770278461_w{res}.jpg,https://m.bunjang.co.kr/products/204723532,2026-05-07 10:22,게이밍 본체 배그 rtx 2060 고사양 게이밍 pc 발로란트,,,desktop,N,,SALE,,RTX2060,,,MID
본체,번개장터,360902342,에어팟 프로 1 (본체+양쪽버드),50000,판매중,,https://media.bunjang.co.kr/product/360902342_1_1769407805_w{res}.jpg,https://m.bunjang.co.kr/products/360902342,2026-05-07 10:21,에어팟 프로 1 (본체+양쪽버드),애플,에어팟 프로,earphone,N,,SALE,,,,,UNKNOWN
본체,번개장터,406504219,데스크탑 추천!! 게이밍 게임용 조립식PC 중고컴퓨터본체,460000,판매중,,https://media.bunjang.co.kr/product/406504219_1_1778116597_w{res}.jpg,https://m.bunjang.co.kr/products/406504219,2026-05-07 10:16,데스크탑 추천!! 게이밍 게임용 조립식pc 중고컴퓨터본체,,,desktop,N,,SALE,,,,,UNKNOWN
본체,번개장터,406504085,I5 게임용게이밍 조립pc 컴퓨터본체 데스크탑 사무용,420000,판매중,,https://media.bunjang.co.kr/product/406504085_1_1778116511_w{res}.jpg,https://m.bunjang.co.kr/products/406504085,2026-05-07 10:15,i5 게임용게이밍 조립pc 컴퓨터본체 데스크탑 사무용,,,desktop,N,,SALE,,,,,UNKNOWN
본체,번개장터,406504051,[번장1등 컴퓨터 풀셋트 본체]한정수량 초특가 이벤트 판매 합니다,285000,판매중,,https://media.bunjang.co.kr/product/406504051_1_1778116491_w{res}.jpg,https://m.bunjang.co.kr/products/406504051,2026-05-07 10:14,[번장1등 컴퓨터 풀셋트 본체]한정수량 초특가 이벤트 합니다,,,desktop,N,,SALE,,,,,UNKNOWN
본체,번개장터,374798319,에어팟프로2 8핀 유닛 본체 낱개 판매,73000,판매중,,https://media.bunjang.co.kr/product/374798319_1_1766429911_w{res}.jpg,https://m.bunjang.co.kr/products/374798319,2026-05-07 10:10,에어팟프로2 8핀 유닛 본체 낱개,애플,에어팟 프로,earphone,N,,SALE,,,,,UNKNOWN
본체,번개장터,398244893,컴퓨터본체   사무용  게임용   모니터,380000,판매중,,https://media.bunjang.co.kr/product/398244893_1_1777868812_w{res}.jpg,https://m.bunjang.co.kr/products/398244893,2026-05-07 10:09,컴퓨터본체 사무용 게임용 모니터,,,desktop,N,,SALE,,,,,UNKNOWN
본체,번개장터,406502963,DJI 매빅 에어 본체 + 배터리 3개,280000,판매중,,https://media.bunjang.co.kr/product/406502963_1_1778115941_w{res}.jpg,https://m.bunjang.co.kr/products/406502963,2026-05-07 10:05,dji 매빅 에어 본체 + 배터리 3개,,,desktop,N,,SALE,,,,,UNKNOWN
본체,번개장터,399977730,파라산광폭 테이프클리너 사선 롤 대형롱핸드크리너 35cm본체,4000,판매중,,https://media.bunjang.co.kr/product/399977730_1_1777367080_w{res}.jpg,https://m.bunjang.co.kr/products/399977730,2026-05-07 10:03,파라산광폭 테이프클리너 사선 롤 대형롱핸드크리너 35cm본체,,,desktop,N,,SALE,,,,,UNKNOWN
본체,번개장터,398458578,디월트 DCMBL777N 충전 송풍기 60V MAX 베어툴 본체만,275000,판매중,,https://media.bunjang.co.kr/product/398458578_1_1776421952_w{res}.jpg,https://m.bunjang.co.kr/products/398458578,2026-05-07 09:58,디월트 dcmbl777n 충전 송풍기 60v max 베어툴 본체만,,,desktop,N,,SALE,,,,,UNKNOWN
본체,번개장터,406502078,"[리니지 클래식 컴퓨터, 아이온 본체. 수량 및 소량 납품 전문]",170000,판매중,,https://media.bunjang.co.kr/product/406502078_1_1778115472_w{res}.jpg,https://m.bunjang.co.kr/products/406502078,2026-05-07 09:57,"[리니지 클래식 컴퓨터, 아이온 본체. 수량 및 소량 납품 전문]",,,desktop,N,,SALE,,,,,UNKNOWN
본체,번개장터,406502029,[번장1등 컴퓨터 풀셋트 본체]한정수량 초특가 이벤트 판매 합니다,285000,판매중,,https://media.bunjang.co.kr/product/406502029_1_1778115444_w{res}.jpg,https://m.bunjang.co.kr/products/406502029,2026-05-07 09:57,[번장1등 컴퓨터 풀셋트 본체]한정수량 초특가 이벤트 합니다,,,desktop,N,,SALE,,,,,UNKNOWN
본체,번개장터,406501559,"룩스패드 K63H LED 조명 2개(본체, 스탠드, 충전선)",280000,판매중,,https://media.bunjang.co.kr/product/406501559_1_1778115241_w{res}.jpg,https://m.bunjang.co.kr/products/406501559,2026-05-07 09:52,"룩스패드 k63h led 조명 2개(본체, 스탠드, 충전선)",,,CABLE,Y,,SALE,,,,,UNKNOWN
본체,번개장터,406501398,"게이밍 게임용컴퓨터, 중고 조립식컴퓨터, 컴퓨터본체",470000,판매중,,https://media.bunjang.co.kr/product/406501398_1_1778115090_w{res}.jpg,https://m.bunjang.co.kr/products/406501398,2026-05-07 09:51,"게이밍 게임용컴퓨터, 중고 조립식컴퓨터, 컴퓨터본체",,,desktop,N,,SALE,,,,,UNKNOWN
본체,번개장터,406501394,[번장1등 컴퓨터 풀셋트 본체]한정수량 초특가 이벤트 판매 합니다,285000,판매중,,https://media.bunjang.co.kr/product/406501394_1_1778115088_w{res}.jpg,https://m.bunjang.co.kr/products/406501394,2026-05-07 09:51,[번장1등 컴퓨터 풀셋트 본체]한정수량 초특가 이벤트 합니다,,,desktop,N,,SALE,,,,,UNKNOWN
본체,번개장터,387486771,산리오캐릭터즈 뱃지메이커 본체,3000,판매중,,https://media.bunjang.co.kr/product/387486771_1_1777467563_w{res}.jpg,https://m.bunjang.co.kr/products/387486771,2026-05-07 09:47,산리오캐릭터즈 뱃지메이커 본체,,,desktop,N,,SALE,,,,,UNKNOWN
본체,번개장터,391067784,와콤 신티크 액정타블렛 DTK-2200\K 본체단품,250000,판매중,,https://media.bunjang.co.kr/product/391067784_1_1772366140_w{res}.jpg,https://m.bunjang.co.kr/products/391067784,2026-05-07 09:46,와콤 신티크 액정타블렛 dtk-2200\k 본체단품,,,desktop,N,,SALE,,,,,UNKNOWN
본체,번개장터,262007118,한정수량! 그래픽 RTX 2070 인기 pc 모음 최저가 판매합니다,1150000,판매중,,https://media.bunjang.co.kr/product/262007118_1_1776498465_w{res}.jpg,https://m.bunjang.co.kr/products/262007118,2026-05-07 09:39,한정수량! 그래픽 rtx 2070 인기 pc 모음 최저가,,,desktop,N,,SALE,,RTX2070,,,MID
본체,번개장터,262019642,전부 새제품 RTX 50 시리즈 인기 pc 모음 최저가 판매합니다 컴퓨터,1590000,판매중,,https://media.bunjang.co.kr/product/262019642_1_1776499188_w{res}.jpg,https://m.bunjang.co.kr/products/262019642,2026-05-07 09:39,전부 새제품 rtx 50 시리즈 인기 pc 모음 최저가 컴퓨터,,,desktop,N,,SALE,,,,,UNKNOWN
본체,번개장터,404542480,언노운 카본체인링 49t,80000,판매중,,https://media.bunjang.co.kr/product/404542480_1_1777483108_w{res}.jpg,https://m.bunjang.co.kr/products/404542480,2026-05-07 09:30,언노운 카본체인링 49t,,,desktop,N,,SALE,,,,,UNKNOWN
본체,번개장터,406499101,번장 이벤트 사무용 주식 TM 메신저업무 컴퓨터 본체 최저가 판매!,150000,판매중,,https://media.bunjang.co.kr/product/406499101_1_1778113742_w{res}.jpg,https://m.bunjang.co.kr/products/406499101,2026-05-07 09:29,번장 이벤트 사무용 주식 tm 메신저업무 컴퓨터 본체 최저가 !,,,desktop,N,,SALE,,,,,UNKNOWN
본체,번개장터,406498996,번장 이벤트 사무용 주식 TM 카톡업무 컴퓨터 본체 최저가 판매!,150000,판매중,,https://media.bunjang.co.kr/product/406498996_1_1778113685_w{res}.jpg,https://m.bunjang.co.kr/products/406498996,2026-05-07 09:28,번장 이벤트 사무용 주식 tm 카톡업무 컴퓨터 본체 최저가 !,,,desktop,N,,SALE,,,,,UNKNOWN
본체,번개장터,406498890,슈퍼패미컴 본체 보관 케이스,60000,판매중,,https://media.bunjang.co.kr/product/406498890_1_1778113617_w{res}.jpg,https://m.bunjang.co.kr/products/406498890,2026-05-07 09:26,슈퍼패미컴 본체 보관 케이스,,,CASE,Y,,SALE,,,,,UNKNOWN
본체,번개장터,406498571,세가 메가 드라이브2 본체 풀세트,165000,판매중,,https://media.bunjang.co.kr/product/406498571_1_1778113497_w{res}.jpg,https://m.bunjang.co.kr/products/406498571,2026-05-07 09:23,세가 메가 드라이브2 본체 풀세트,,,desktop,N,,SALE,,,,,UNKNOWN
본체,번개장터,406498226,소니 PSone 본체 + 컨트롤러 + 케이블,105000,판매중,,https://media.bunjang.co.kr/product/406498226_1_1778113238_w{res}.jpg,https://m.bunjang.co.kr/products/406498226,2026-05-07 09:20,소니 psone 본체 + 컨트롤러 + 케이블,,,CABLE,Y,,SALE,,,,,UNKNOWN
본체,번개장터,404346421,갤럭시 버즈2 프로 SM-R510 본체 (충전케이스),53190,판매중,,https://media.bunjang.co.kr/product/404346421_1_1777277118_w{res}.jpg,https://m.bunjang.co.kr/products/404346421,2026-05-07 09:20,갤럭시 버즈2 프로 sm-r510 본체 (충전케이스),삼성,,CASE,Y,,SALE,,,,,UNKNOWN
본체,번개장터,406498054,세가 새턴 그레이 본체 + 컨트롤러,100000,판매중,,https://media.bunjang.co.kr/product/406498054_1_1778113123_w{res}.jpg,https://m.bunjang.co.kr/products/406498054,2026-05-07 09:18,세가 새턴 그레이 본체 + 컨트롤러,,,desktop,N,,SALE,,,,,UNKNOWN
본체,번개장터,371509719,에어팟프로3 본체 미사용제품,120000,판매중,,https://media.bunjang.co.kr/product/371509719_1_1777106219_w{res}.jpg,https://m.bunjang.co.kr/products/371509719,2026-05-07 09:16,에어팟프로3 본체 미사용제품,애플,에어팟 프로,earphone,N,,SALE,,,,,UNKNOWN
본체,번개장터,402563359,슈퍼패미컴 본체 + 게임팩 4개 + 컨트롤러,75000,판매중,,https://media.bunjang.co.kr/product/402563359_1_1776534381_w{res}.jpg,https://m.bunjang.co.kr/products/402563359,2026-05-07 09:15,슈퍼패미컴 본체 + 게임팩 4개 + 컨트롤러,,,desktop,N,,SALE,,,,,UNKNOWN
본체,번개장터,406496806,[번장특판 컴퓨터 이벤트]RTX 3060TI 모음 본체 최저가 한정수량,720000,판매중,,https://media.bunjang.co.kr/product/406496806_1_1778112282_w{res}.jpg,https://m.bunjang.co.kr/products/406496806,2026-05-07 09:04,[번장특판 컴퓨터 이벤트]rtx 3060ti 모음 본체 최저가 한정수량,,,desktop,N,,SALE,,RTX3060TI,,,MID
본체,번개장터,405071067,에어팟 2세대 본체,50000,판매중,,https://media.bunjang.co.kr/product/405071067_1_1778109168_w{res}.jpg,https://m.bunjang.co.kr/products/405071067,2026-05-07 09:00,에어팟 2세대 본체,애플,에어팟 2세대,earphone,N,,SALE,,,,,UNKNOWN
본체,번개장터,406495984,거의새거 미니 PC 본체 블랙,290000,판매중,,https://media.bunjang.co.kr/product/406495984_1_1778111768_w{res}.jpg,https://m.bunjang.co.kr/products/406495984,2026-05-07 08:55,거의새거 미니 pc 본체 블랙,,,desktop,N,,SALE,,,,,UNKNOWN
본체,번개장터,395709649,Beurer 보이러 MP62 전동 네일 드릴 키트 젤제거 비트(본체 X),50000,판매중,,https://media.bunjang.co.kr/product/395709649_1_1773736304_w{res}.jpg,https://m.bunjang.co.kr/products/395709649,2026-05-07 08:47,beurer 보이러 mp62 전동 네일 드릴 키트 젤제거 비트(본체 x),,,desktop,N,,SALE,,,,,UNKNOWN
본체,번개장터,403069580,9800x3d 9070xt 하이엔드 조합 완본체,3050000,판매중,,https://media.bunjang.co.kr/product/403069580_1_1778111027_w{res}.jpg,https://m.bunjang.co.kr/products/403069580,2026-05-07 08:43,9800x3d 9070xt 하이엔드 조합 완본체,,,desktop,N,,SALE,,,,,UNKNOWN
본체,번개장터,406494900,번장 이벤트 사무용 주식 TM 카톡업무 컴퓨터 본체 최저가 판매!,150000,판매중,,https://media.bunjang.co.kr/product/406494900_1_1778110879_w{res}.jpg,https://m.bunjang.co.kr/products/406494900,2026-05-07 08:41,번장 이벤트 사무용 주식 tm 카톡업무 컴퓨터 본체 최저가 !,,,desktop,N,,SALE,,,,,UNKNOWN
본체,번개장터,394158447,버즈2 프로 본체 (무료배송),43700,판매중,,https://media.bunjang.co.kr/product/394158447_1_1773039737_w{res}.jpg,https://m.bunjang.co.kr/products/394158447,2026-05-07 08:40,버즈2 프로 본체 (무료배송),,,desktop,N,,SALE,,,,,UNKNOWN
본체,번개장터,336708195,QCY BH20T13A 본체,5000,판매중,,https://media.bunjang.co.kr/product/336708195_1_1748691882_w{res}.jpg,https://m.bunjang.co.kr/products/336708195,2026-05-07 08:35,qcy bh20t13a 본체,,,desktop,N,,SALE,,,,,UNKNOWN
본체,번개장터,406494155,[번장특판 컴퓨터 이벤트]RTX 3060TI 모음 본체 최저가 한정수량,720000,판매중,,https://media.bunjang.co.kr/product/406494155_1_1778110340_w{res}.jpg,https://m.bunjang.co.kr/products/406494155,2026-05-07 08:32,[번장특판 컴퓨터 이벤트]rtx 3060ti 모음 본체 최저가 한정수량,,,desktop,N,,SALE,,RTX3060TI,,,MID
본체,번개장터,404557007,에어팟 프로 2세대 본체 (부품용),10000,판매중,,https://media.bunjang.co.kr/product/404557007_1_1777611669_w{res}.jpg,https://m.bunjang.co.kr/products/404557007,2026-05-07 08:32,에어팟 프로 2세대 본체 (부품용),애플,에어팟 프로,PARTS,Y,,SALE,,,,,UNKNOWN
본체,번개장터,406493981,갤럭시 버즈1 본체+오른쪽 유닛(상점정보 확인),8000,판매중,,https://media.bunjang.co.kr/product/406493981_1_1778215656_w{res}.jpg,https://m.bunjang.co.kr/products/406493981,2026-05-07 08:30,갤럭시 버즈1 본체+오른쪽 유닛(상점정보 확인),삼성,,smartphone,N,,SALE,,,,,UNKNOWN
본체,번개장터,406493971,"닌텐도 뉴 3DS xl 레드 본체 + 친모아, 울트라 썬",390000,판매중,,https://media.bunjang.co.kr/product/406493971_1_1778110212_w{res}.jpg,https://m.bunjang.co.kr/products/406493971,2026-05-07 08:30,"닌텐도 뉴 3ds xl 레드 본체 + 친모아, 울트라 썬",,,desktop,N,,SALE,,,,,UNKNOWN
본체,번개장터,401801055,amd 3900x 본체,1500000,판매중,,https://media.bunjang.co.kr/product/401801055_1_1778110319_w{res}.jpg,https://m.bunjang.co.kr/products/401801055,2026-05-07 08:29,amd 3900x 본체,,,desktop,N,,SALE,,,,,UNKNOWN
본체,번개장터,331921011,"기본형 에어팟4세대 각개 합니다,본체,유닛 좌우",45000,판매중,,https://media.bunjang.co.kr/product/331921011_1_1776166619_w{res}.jpg,https://m.bunjang.co.kr/products/331921011,2026-05-07 08:29,"기본형 에어팟4세대 각개 합니다,본체,유닛 좌우",애플,에어팟,earphone,N,,SALE,,,,,UNKNOWN
본체,번개장터,260986386,[6코어CPU] RTX3060TI  화이트 게이밍컴퓨터 조립PC 본체,955000,판매중,,https://media.bunjang.co.kr/product/260986386_1_1778115084_w{res}.jpg,https://m.bunjang.co.kr/products/260986386,2026-05-07 08:18,[6코어cpu] rtx3060ti 화이트 게이밍컴퓨터 조립pc 본체,,,desktop,N,,SALE,,RTX3060TI,,,MID
본체,번개장터,406493114,[번장특판 컴퓨터 이벤트]RTX 3060TI 모음 본체 최저가 한정수량,720000,판매중,,https://media.bunjang.co.kr/product/406493114_1_1778109477_w{res}.jpg,https://m.bunjang.co.kr/products/406493114,2026-05-07 08:17,[번장특판 컴퓨터 이벤트]rtx 3060ti 모음 본체 최저가 한정수량,,,desktop,N,,SALE,,RTX3060TI,,,MID
본체,번개장터,405364249,에어팟 프로2 c타입 본체,60000,판매중,,https://media.bunjang.co.kr/product/405364249_1_1777895019_w{res}.jpg,https://m.bunjang.co.kr/products/405364249,2026-05-07 08:16,에어팟 프로2 c타입 본체,애플,에어팟 프로,earphone,N,,SALE,,,,,UNKNOWN
본체,번개장터,403265808,컴퓨터본체 i5-6400,110000,판매중,,https://media.bunjang.co.kr/product/403265808_1_1776839679_w{res}.jpg,https://m.bunjang.co.kr/products/403265808,2026-05-07 08:14,컴퓨터본체 i5-6400,,,desktop,N,,SALE,I5-6400,,,,LOW
본체,번개장터,406492172,RTX3060 게이밍 게임용컴퓨터 중고 조립식컴퓨터본체,750000,판매중,,https://media.bunjang.co.kr/product/406492172_1_1778108662_w{res}.jpg,https://m.bunjang.co.kr/products/406492172,2026-05-07 08:04,rtx3060 게이밍 게임용컴퓨터 중고 조립식컴퓨터본체,,,desktop,N,,SALE,,RTX3060,,,MID
본체,번개장터,406492142,[번장1등 컴퓨터 풀셋트 본체]한정수량 초특가 이벤트 판매 합니다,285000,판매중,,https://media.bunjang.co.kr/product/406492142_1_1778108638_w{res}.jpg,https://m.bunjang.co.kr/products/406492142,2026-05-07 08:03,[번장1등 컴퓨터 풀셋트 본체]한정수량 초특가 이벤트 합니다,,,desktop,N,,SALE,,,,,UNKNOWN
본체,번개장터,258267742,컴퓨터 본체 받침대,8900,판매중,,https://media.bunjang.co.kr/product/258267742_1_1711617560_w{res}.jpg,https://m.bunjang.co.kr/products/258267742,2026-05-07 08:02,컴퓨터 본체 받침대,,,desktop,N,,SALE,,,,,UNKNOWN
본체,번개장터,353864200,삼성 사무용 데스크탑 PC 2대 본체,140000,판매중,,https://media.bunjang.co.kr/product/353864200_1_1768634065_w{res}.jpg,https://m.bunjang.co.kr/products/353864200,2026-05-07 08:02,삼성 사무용 데스크탑 pc 2대 본체,,,desktop,N,,SALE,,,,,UNKNOWN
본체,번개장터,399189638,기가바이트 미니PC 본체 i5 7세대2대  펜티엄-1대(수리용),100000,판매중,,https://media.bunjang.co.kr/product/399189638_1_1775258067_w{res}.jpg,https://m.bunjang.co.kr/products/399189638,2026-05-07 07:57,기가바이트 미니pc 본체 i5 7세대2대 펜티엄-1대(수리용),,,SERVICE,Y,,SALE,,,,,UNKNOWN
본체,번개장터,406491516,[번장1등 컴퓨터 풀셋트 본체]한정수량 초특가 이벤트 판매 합니다,285000,판매중,,https://media.bunjang.co.kr/product/406491516_1_1778108074_w{res}.jpg,https://m.bunjang.co.kr/products/406491516,2026-05-07 07:54,[번장1등 컴퓨터 풀셋트 본체]한정수량 초특가 이벤트 합니다,,,desktop,N,,SALE,,,,,UNKNOWN
본체,번개장터,327099999,닌텐도 스위치 조이콘 본체 Y BOLT 마모 야마 뭉개짐 나사산 제거,8000,판매중,,https://media.bunjang.co.kr/product/327099999_1_1744419063_w{res}.jpg,https://m.bunjang.co.kr/products/327099999,2026-05-07 07:51,닌텐도 스위치 조이콘 본체 y bolt 마모 야마 뭉개짐 나사산 제거,,,desktop,N,,SALE,,,,,UNKNOWN
본체,번개장터,405984959,애플 에어팟 3세대 본체 오른쪽 유닛,50000,판매중,,https://media.bunjang.co.kr/product/405984959_1_1777905457_w{res}.jpg,https://m.bunjang.co.kr/products/405984959,2026-05-07 07:49,애플 에어팟 3세대 본체 오른쪽 유닛,애플,에어팟 3세대,earphone,N,,SALE,,,,,UNKNOWN
본체,번개장터,394510955,대형드론 본체,850000,판매중,,https://media.bunjang.co.kr/product/394510955_1_1773200569_w{res}.jpg,https://m.bunjang.co.kr/products/394510955,2026-05-07 07:44,대형드론 본체,,,desktop,N,,SALE,,,,,UNKNOWN
본체,번개장터,406490427,번장 이벤트 사무용 주식 TM 메신저업무 컴퓨터 본체 최저가 판매!,150000,판매중,,https://media.bunjang.co.kr/product/406490427_1_1778106936_w{res}.jpg,https://m.bunjang.co.kr/products/406490427,2026-05-07 07:35,번장 이벤트 사무용 주식 tm 메신저업무 컴퓨터 본체 최저가 !,,,desktop,N,,SALE,,,,,UNKNOWN
본체,번개장터,405196812,갤럭시 버즈2 프로 블랙 카메라 케이스 본체만,43000,판매중,,https://media.bunjang.co.kr/product/405196812_1_1777631510_w{res}.jpg,https://m.bunjang.co.kr/products/405196812,2026-05-07 07:34,갤럭시 버즈2 프로 블랙 카메라 케이스 본체만,삼성,,CASE,Y,,SALE,,,,,UNKNOWN
본체,번개장터,365802508,갤럭시 버즈2 블랙 본체만,25000,판매중,,https://media.bunjang.co.kr/product/365802508_1_1773313719_w{res}.jpg,https://m.bunjang.co.kr/products/365802508,2026-05-07 07:34,갤럭시 버즈2 블랙 본체만,삼성,,smartphone,N,,SALE,,,,,UNKNOWN
본체,번개장터,386371118,갤럭시 버즈2 프로 카메라케이스 본체만,43000,판매중,,https://media.bunjang.co.kr/product/386371118_1_1773304303_w{res}.jpg,https://m.bunjang.co.kr/products/386371118,2026-05-07 07:34,갤럭시 버즈2 프로 카메라케이스 본체만,삼성,,CASE,Y,,SALE,,,,,UNKNOWN
본체,번개장터,394740401,갤럭시 버즈2 프로 화이트 충전본체만,42000,판매중,,https://media.bunjang.co.kr/product/394740401_1_1773304209_w{res}.jpg,https://m.bunjang.co.kr/products/394740401,2026-05-07 07:34,갤럭시 버즈2 프로 화이트 충전본체만,삼성,,smartphone,N,,SALE,,,,,UNKNOWN
본체,번개장터,388185776,게이밍 컴퓨터 본체 PC 9800X3D RTX 5070 게임용 데스크탑,2860000,판매중,,https://media.bunjang.co.kr/product/388185776_1_1773835863_w{res}.jpg,https://m.bunjang.co.kr/products/388185776,2026-05-07 07:32,게이밍 컴퓨터 본체 pc 9800x3d rtx 5070 게임용 데스크탑,,,desktop,N,,SALE,,RTX5070,,,UNKNOWN
본체,번개장터,405966053,에어팟 프로2 본체 c타입,60000,판매중,,https://media.bunjang.co.kr/product/405966053_1_1778020748_w{res}.jpg,https://m.bunjang.co.kr/products/405966053,2026-05-07 07:31,에어팟 프로2 본체 c타입,애플,에어팟 프로,earphone,N,,SALE,,,,,UNKNOWN
본체,번개장터,406490184,[번장1등 컴퓨터 풀셋트 본체]한정수량 초특가 이벤트 판매 합니다,285000,판매중,,https://media.bunjang.co.kr/product/406490184_1_1778106671_w{res}.jpg,https://m.bunjang.co.kr/products/406490184,2026-05-07 07:31,[번장1등 컴퓨터 풀셋트 본체]한정수량 초특가 이벤트 합니다,,,desktop,N,,SALE,,,,,UNKNOWN
본체,번개장터,324719821,RTX4090컴퓨터  본체 구입합니다,10000000,판매중,,https://media.bunjang.co.kr/product/324719821_1_1742887133_w{res}.jpg,https://m.bunjang.co.kr/products/324719821,2026-05-07 07:21,rtx4090컴퓨터 본체 구입합니다,,,desktop,N,,SALE,,RTX4090,,,HIGH
본체,번개장터,399874725,마끼다 충전 대포 송풍기 (본체+배터리+충전기),125000,판매중,,https://media.bunjang.co.kr/product/399874725_1_1776475572_w{res}.jpg,https://m.bunjang.co.kr/products/399874725,2026-05-07 07:12,마끼다 충전 대포 송풍기 (본체+배터리+충전기),,,CHARGER,Y,,SALE,,,,,UNKNOWN
본체,번개장터,406488554,번장 이벤트 사무용 주식 TM 카톡업무 컴퓨터 본체 최저가 판매!,150000,판매중,,https://media.bunjang.co.kr/product/406488554_1_1778105268_w{res}.jpg,https://m.bunjang.co.kr/products/406488554,2026-05-07 07:07,번장 이벤트 사무용 주식 tm 카톡업무 컴퓨터 본체 최저가 !,,,desktop,N,,SALE,,,,,UNKNOWN
본체,번개장터,406488224,파나소닉 7.2V EZ7521 임팩전동 본체만 판매합니다,120000,판매중,,https://media.bunjang.co.kr/product/406488224_1_1778105116_w{res}.jpg,https://m.bunjang.co.kr/products/406488224,2026-05-07 07:05,파나소닉 7.2v ez7521 임팩전동 본체만,,,desktop,N,,SALE,,,,,UNKNOWN
본체,번개장터,406487352,게이밍컴퓨터 본체 삽니당(업자X 개인),1000000,판매중,,https://media.bunjang.co.kr/product/406487352_1_1778104169_w{res}.jpg,https://m.bunjang.co.kr/products/406487352,2026-05-07 06:46,게이밍컴퓨터 본체 삽니당(업자x 개인),,,desktop,N,,SALE,,,,,UNKNOWN
본체,번개장터,263139771,레노버 미니 PC i5-9500T 데스크탑 컴퓨터 PC 본체,549000,판매중,,https://media.bunjang.co.kr/product/263139771_1_1773980376_w{res}.jpg,https://m.bunjang.co.kr/products/263139771,2026-05-07 06:45,레노버 미니 pc i5-9500t 데스크탑 컴퓨터 pc 본체,,,desktop,N,,SALE,I5-9500T,,,,UNKNOWN
본체,번개장터,406487280,[번장특판 컴퓨터 이벤트]RTX 3060TI 모음 본체 최저가 한정수량,720000,판매중,,https://media.bunjang.co.kr/product/406487280_1_1778103866_w{res}.jpg,https://m.bunjang.co.kr/products/406487280,2026-05-07 06:44,[번장특판 컴퓨터 이벤트]rtx 3060ti 모음 본체 최저가 한정수량,,,desktop,N,,SALE,,RTX3060TI,,,MID
본체,번개장터,402333506,"RTX 3080 게이밍 컴퓨터 본체 , 작고 성능이 좋아요.",1450000,판매중,,https://media.bunjang.co.kr/product/402333506_1_1777016938_w{res}.jpg,https://m.bunjang.co.kr/products/402333506,2026-05-07 06:43,"rtx 3080 게이밍 컴퓨터 본체 , 작고 성능이 좋아요.",,,desktop,N,,SALE,,RTX3080,,,HIGH
본체,번개장터,406487113,[번장특판 컴퓨터 이벤트]RTX 3060TI 모음 본체 최저가 한정수량,720000,판매중,,https://media.bunjang.co.kr/product/406487113_1_1778103535_w{res}.jpg,https://m.bunjang.co.kr/products/406487113,2026-05-07 06:38,[번장특판 컴퓨터 이벤트]rtx 3060ti 모음 본체 최저가 한정수량,,,desktop,N,,SALE,,RTX3060TI,,,MID
본체,번개장터,393275315,삼성 컴퓨터 본체 4세대 입니다,130000,판매중,,https://media.bunjang.co.kr/product/393275315_1_1772691989_w{res}.jpg,https://m.bunjang.co.kr/products/393275315,2026-05-07 06:37,삼성 컴퓨터 본체 4세대 입니다,,,desktop,N,,SALE,,,,,UNKNOWN
본체,번개장터,406486603,번장 이벤트 사무용 주식 TM 카톡업무 컴퓨터 본체 최저가 판매!,150000,판매중,,https://media.bunjang.co.kr/product/406486603_1_1778102463_w{res}.jpg,https://m.bunjang.co.kr/products/406486603,2026-05-07 06:21,번장 이벤트 사무용 주식 tm 카톡업무 컴퓨터 본체 최저가 !,,,desktop,N,,SALE,,,,,UNKNOWN
본체,번개장터,406486312,[번장1등 컴퓨터 풀셋트 본체]한정수량 초특가 이벤트 판매 합니다,285000,판매중,,https://media.bunjang.co.kr/product/406486312_1_1778101833_w{res}.jpg,https://m.bunjang.co.kr/products/406486312,2026-05-07 06:10,[번장1등 컴퓨터 풀셋트 본체]한정수량 초특가 이벤트 합니다,,,desktop,N,,SALE,,,,,UNKNOWN
본체,번개장터,406485988,[번장특판 컴퓨터 이벤트]RTX 3060TI 모음 본체 최저가 한정수량,720000,판매중,,https://media.bunjang.co.kr/product/406485988_1_1778101060_w{res}.jpg,https://m.bunjang.co.kr/products/406485988,2026-05-07 05:57,[번장특판 컴퓨터 이벤트]rtx 3060ti 모음 본체 최저가 한정수량,,,desktop,N,,SALE,,RTX3060TI,,,MID
본체,번개장터,396615793,다이슨 V8 무선 청소기 본체,40000,판매중,,https://media.bunjang.co.kr/product/396615793_1_1777681413_w{res}.jpg,https://m.bunjang.co.kr/products/396615793,2026-05-07 05:45,다이슨 v8 무선 청소기 본체,,,desktop,N,,SALE,,,,,UNKNOWN
본체,번개장터,393059119,다이슨 V6 무선청소기 본체만,30000,판매중,,https://media.bunjang.co.kr/product/393059119_1_1772592744_w{res}.jpg,https://m.bunjang.co.kr/products/393059119,2026-05-07 05:45,다이슨 v6 무선청소기 본체만,,,desktop,N,,SALE,,,,,UNKNOWN
본체,번개장터,406485673,번장 이벤트 사무용 주식 TM 메신저업무 컴퓨터 본체 최저가 판매!,150000,판매중,,https://media.bunjang.co.kr/product/406485673_1_1778100131_w{res}.jpg,https://m.bunjang.co.kr/products/406485673,2026-05-07 05:42,번장 이벤트 사무용 주식 tm 메신저업무 컴퓨터 본체 최저가 !,,,desktop,N,,SALE,,,,,UNKNOWN
본체,번개장터,406485521,[번장1등 컴퓨터 풀셋트 본체]한정수량 초특가 이벤트 판매 합니다,285000,판매중,,https://media.bunjang.co.kr/product/406485521_1_1778099657_w{res}.jpg,https://m.bunjang.co.kr/products/406485521,2026-05-07 05:34,[번장1등 컴퓨터 풀셋트 본체]한정수량 초특가 이벤트 합니다,,,desktop,N,,SALE,,,,,UNKNOWN
본체,번개장터,406485099,[번장1등 컴퓨터 풀셋트 본체]한정수량 초특가 이벤트 판매 합니다,285000,판매중,,https://media.bunjang.co.kr/product/406485099_1_1778098255_w{res}.jpg,https://m.bunjang.co.kr/products/406485099,2026-05-07 05:10,[번장1등 컴퓨터 풀셋트 본체]한정수량 초특가 이벤트 합니다,,,desktop,N,,SALE,,,,,UNKNOWN
본체,번개장터,405293688,닌텐도 3DS XL 블랙 본체 + 게임 2개,209000,판매중,,https://media.bunjang.co.kr/product/405293688_1_1778098038_w{res}.jpg,https://m.bunjang.co.kr/products/405293688,2026-05-07 05:08,닌텐도 3ds xl 블랙 본체 + 게임 2개,,,desktop,N,,SALE,,,,,UNKNOWN
본체,번개장터,406484130,번장 이벤트 사무용 주식 TM 카톡업무 컴퓨터 본체 최저가 판매!,150000,판매중,,https://media.bunjang.co.kr/product/406484130_1_1778096852_w{res}.jpg,https://m.bunjang.co.kr/products/406484130,2026-05-07 04:47,번장 이벤트 사무용 주식 tm 카톡업무 컴퓨터 본체 최저가 !,,,desktop,N,,SALE,,,,,UNKNOWN
본체,번개장터,406484035,[번장특판 컴퓨터 이벤트]RTX 3060TI 모음 본체 최저가 한정수량,720000,판매중,,https://media.bunjang.co.kr/product/406484035_1_1778096729_w{res}.jpg,https://m.bunjang.co.kr/products/406484035,2026-05-07 04:45,[번장특판 컴퓨터 이벤트]rtx 3060ti 모음 본체 최저가 한정수량,,,desktop,N,,SALE,,RTX3060TI,,,MID
본체,번개장터,406483772,"[리니지 클래식 컴퓨터, 아이온 본체. 수량 및 소량 납품 전문]",170000,판매중,,https://media.bunjang.co.kr/product/406483772_1_1778096438_w{res}.jpg,https://m.bunjang.co.kr/products/406483772,2026-05-07 04:40,"[리니지 클래식 컴퓨터, 아이온 본체. 수량 및 소량 납품 전문]",,,desktop,N,,SALE,,,,,UNKNOWN
본체,번개장터,406482703,[번장특판 컴퓨터 이벤트]RTX 3060TI 모음 본체 최저가 한정수량,720000,판매중,,https://media.bunjang.co.kr/product/406482703_1_1778095449_w{res}.jpg,https://m.bunjang.co.kr/products/406482703,2026-05-07 04:24,[번장특판 컴퓨터 이벤트]rtx 3060ti 모음 본체 최저가 한정수량,,,desktop,N,,SALE,,RTX3060TI,,,MID
본체,번개장터,406482189,[번장1등 컴퓨터 풀셋트 본체]한정수량 초특가 이벤트 판매 합니다,285000,판매중,,https://media.bunjang.co.kr/product/406482189_1_1778095027_w{res}.jpg,https://m.bunjang.co.kr/products/406482189,2026-05-07 04:17,[번장1등 컴퓨터 풀셋트 본체]한정수량 초특가 이벤트 합니다,,,desktop,N,,SALE,,,,,UNKNOWN
본체,번개장터,406480870,번장 이벤트 사무용 주식 TM 카톡업무 컴퓨터 본체 최저가 판매!,150000,판매중,,https://media.bunjang.co.kr/product/406480870_1_1778094046_w{res}.jpg,https://m.bunjang.co.kr/products/406480870,2026-05-07 04:00,번장 이벤트 사무용 주식 tm 카톡업무 컴퓨터 본체 최저가 !,,,desktop,N,,SALE,,,,,UNKNOWN
본체,번개장터,406479612,번장 이벤트 사무용 주식 TM 메신저업무 컴퓨터 본체 최저가 판매!,150000,판매중,,https://media.bunjang.co.kr/product/406479612_1_1778093325_w{res}.jpg,https://m.bunjang.co.kr/products/406479612,2026-05-07 03:48,번장 이벤트 사무용 주식 tm 메신저업무 컴퓨터 본체 최저가 !,,,desktop,N,,SALE,,,,,UNKNOWN
본체,번개장터,406478481,[번장특판 컴퓨터 이벤트]RTX 3060TI 모음 본체 최저가 한정수량,720000,판매중,,https://media.bunjang.co.kr/product/406478481_1_1778092643_w{res}.jpg,https://m.bunjang.co.kr/products/406478481,2026-05-07 03:37,[번장특판 컴퓨터 이벤트]rtx 3060ti 모음 본체 최저가 한정수량,,,desktop,N,,SALE,,RTX3060TI,,,MID
본체,번개장터,406476121,[번장1등 컴퓨터 풀셋트 본체]한정수량 초특가 이벤트 판매 합니다,285000,판매중,,https://media.bunjang.co.kr/product/406476121_1_1778091240_w{res}.jpg,https://m.bunjang.co.kr/products/406476121,2026-05-07 03:14,[번장1등 컴퓨터 풀셋트 본체]한정수량 초특가 이벤트 합니다,,,desktop,N,,SALE,,,,,UNKNOWN
본체,번개장터,406474532,데스크탑 완본체 컴퓨터 5070ti / 7800x3d / 32g,2800000,판매중,,https://media.bunjang.co.kr/product/406474532_1_1778090162_w{res}.jpg,https://m.bunjang.co.kr/products/406474532,2026-05-07 02:56,데스크탑 완본체 컴퓨터 5070ti / 7800x3d / 32g,,,desktop,N,,SALE,,,,,UNKNOWN
본체,번개장터,406474124,[번장특판 컴퓨터 이벤트]RTX 3060TI 모음 본체 최저가 한정수량,720000,판매중,,https://media.bunjang.co.kr/product/406474124_1_1778089923_w{res}.jpg,https://m.bunjang.co.kr/products/406474124,2026-05-07 02:52,[번장특판 컴퓨터 이벤트]rtx 3060ti 모음 본체 최저가 한정수량,,,desktop,N,,SALE,,RTX3060TI,,,MID
본체,번개장터,406473956,[번장1등 컴퓨터 풀셋트 본체]한정수량 초특가 이벤트 판매 합니다,285000,판매중,,https://media.bunjang.co.kr/product/406473956_1_1778089837_w{res}.jpg,https://m.bunjang.co.kr/products/406473956,2026-05-07 02:50,[번장1등 컴퓨터 풀셋트 본체]한정수량 초특가 이벤트 합니다,,,desktop,N,,SALE,,,,,UNKNOWN
본체,번개장터,406471246,번장 이벤트 사무용 주식 TM 카톡업무 컴퓨터 본체 최저가 판매!,150000,판매중,,https://media.bunjang.co.kr/product/406471246_1_1778088434_w{res}.jpg,https://m.bunjang.co.kr/products/406471246,2026-05-07 02:27,번장 이벤트 사무용 주식 tm 카톡업무 컴퓨터 본체 최저가 !,,,desktop,N,,SALE,,,,,UNKNOWN
본체,번개장터,406470844,[번장1등 컴퓨터 풀셋트 본체]한정수량 초특가 이벤트 판매 합니다,285000,판매중,,https://media.bunjang.co.kr/product/406470844_1_1778088221_w{res}.jpg,https://m.bunjang.co.kr/products/406470844,2026-05-07 02:23,[번장1등 컴퓨터 풀셋트 본체]한정수량 초특가 이벤트 합니다,,,desktop,N,,SALE,,,,,UNKNOWN
본체,번개장터,400747175,게이밍PC본체 i5 9600k GTX 1660 램16g SSD500g,600000,판매중,,https://media.bunjang.co.kr/product/400747175_1_1775887933_w{res}.jpg,https://m.bunjang.co.kr/products/400747175,2026-05-07 02:23,게이밍pc본체 i5 9600k gtx 1660 램16g ssd500g,,,desktop,N,,SALE,I5 9600K,GTX1660,,,LOW
본체,번개장터,402789303,에어팟 프로2 8핀 본체,49800,판매중,,https://media.bunjang.co.kr/product/402789303_1_1776611380_w{res}.jpg,https://m.bunjang.co.kr/products/402789303,2026-05-07 02:06,에어팟 프로2 8핀 본체,애플,에어팟 프로,earphone,N,,SALE,,,,,UNKNOWN
본체,번개장터,402789011,에어팟 프로2 C타입 본체,54800,판매중,,https://media.bunjang.co.kr/product/402789011_1_1776611400_w{res}.jpg,https://m.bunjang.co.kr/products/402789011,2026-05-07 02:06,에어팟 프로2 c타입 본체,애플,에어팟 프로,earphone,N,,SALE,,,,,UNKNOWN
본체,번개장터,402789445,에어팟 프로2 8핀 본체,49800,판매중,,https://media.bunjang.co.kr/product/402789445_1_1776611429_w{res}.jpg,https://m.bunjang.co.kr/products/402789445,2026-05-07 02:06,에어팟 프로2 8핀 본체,애플,에어팟 프로,earphone,N,,SALE,,,,,UNKNOWN
본체,번개장터,402789154,에어팟 프로2 C타입 본체,54800,판매중,,https://media.bunjang.co.kr/product/402789154_1_1776611324_w{res}.jpg,https://m.bunjang.co.kr/products/402789154,2026-05-07 02:06,에어팟 프로2 c타입 본체,애플,에어팟 프로,earphone,N,,SALE,,,,,UNKNOWN
본체,번개장터,406468485,[번장특판 컴퓨터 이벤트]RTX 3060TI 모음 본체 최저가 한정수량,720000,판매중,,https://media.bunjang.co.kr/product/406468485_1_1778087031_w{res}.jpg,https://m.bunjang.co.kr/products/406468485,2026-05-07 02:03,[번장특판 컴퓨터 이벤트]rtx 3060ti 모음 본체 최저가 한정수량,,,desktop,N,,SALE,,RTX3060TI,,,MID
본체,번개장터,406467378,번장 이벤트 사무용 주식 TM 메신저업무 컴퓨터 본체 최저가 판매!,150000,판매중,,https://media.bunjang.co.kr/product/406467378_1_1778086520_w{res}.jpg,https://m.bunjang.co.kr/products/406467378,2026-05-07 01:55,번장 이벤트 사무용 주식 tm 메신저업무 컴퓨터 본체 최저가 !,,,desktop,N,,SALE,,,,,UNKNOWN
본체,번개장터,400986060,에어팟 프로 1 몸통(본체),35000,판매중,,https://media.bunjang.co.kr/product/400986060_1_1776409057_w{res}.jpg,https://m.bunjang.co.kr/products/400986060,2026-05-07 01:50,에어팟 프로 1 몸통(본체),애플,에어팟 프로,earphone,N,,SALE,,,,,UNKNOWN
본체,번개장터,403597786,"게이밍 i7pc,본체+모니터+키보드+마우스+스피커 풀세트",400000,판매중,,https://media.bunjang.co.kr/product/403597786_1_1778086205_w{res}.jpg,https://m.bunjang.co.kr/products/403597786,2026-05-07 01:50,"게이밍 i7pc,본체+모니터+키보드+마우스+스피커 풀세트",,,desktop,N,,SALE,,,,,UNKNOWN
본체,번개장터,406465584,번장 이벤트 사무용 주식 TM 카톡업무 컴퓨터 본체 최저가 판매!,150000,판매중,,https://media.bunjang.co.kr/product/406465584_1_1778085628_w{res}.jpg,https://m.bunjang.co.kr/products/406465584,2026-05-07 01:40,번장 이벤트 사무용 주식 tm 카톡업무 컴퓨터 본체 최저가 !,,,desktop,N,,SALE,,,,,UNKNOWN
본체,번개장터,406465233,게이밍 컴퓨터 본체,450000,판매중,,https://media.bunjang.co.kr/product/406465233_1_1778085460_w{res}.jpg,https://m.bunjang.co.kr/products/406465233,2026-05-07 01:37,게이밍 컴퓨터 본체,,,desktop,N,,SALE,,,,,UNKNOWN
본체,번개장터,368297487,"에어팟 1, 2 본체",5000,판매중,,https://media.bunjang.co.kr/product/368297487_1_1762704537_w{res}.jpg,https://m.bunjang.co.kr/products/368297487,2026-05-07 01:34,"에어팟 1, 2 본체",애플,에어팟,earphone,N,,SALE,,,,,UNKNOWN
본체,번개장터,403576358,삼성 버즈3 충전본체 충전케이스 갤럭시 정품 상태좋음 기능점검완료,50000,판매중,,https://media.bunjang.co.kr/product/403576358_1_1776960664_w{res}.jpg,https://m.bunjang.co.kr/products/403576358,2026-05-07 01:23,삼성 버즈3 충전본체 충전케이스 갤럭시 기능점검완료,삼성,,CASE,Y,,SALE,,,,,UNKNOWN
본체,번개장터,354540949,캐논 파워샷 V10 본체 + 케이스 + BR-E1,350000,판매중,,https://media.bunjang.co.kr/product/354540949_1_1777251666_w{res}.jpg,https://m.bunjang.co.kr/products/354540949,2026-05-07 01:17,캐논 파워샷 v10 본체 + 케이스 + br-e1,,,CASE,Y,,SALE,,,,,UNKNOWN
본체,번개장터,406462425,[번장특판 컴퓨터 이벤트]RTX 3060TI 모음 본체 최저가 한정수량,720000,판매중,,https://media.bunjang.co.kr/product/406462425_1_1778084225_w{res}.jpg,https://m.bunjang.co.kr/products/406462425,2026-05-07 01:17,[번장특판 컴퓨터 이벤트]rtx 3060ti 모음 본체 최저가 한정수량,,,desktop,N,,SALE,,RTX3060TI,,,MID
본체,번개장터,405149894,(애플)에어팟 프로2 라이트닝 본체+오른쪽유닛+케이스3종,80000,판매중,,https://media.bunjang.co.kr/product/405149894_1_1777962410_w{res}.jpg,https://m.bunjang.co.kr/products/405149894,2026-05-07 01:11,(애플)에어팟 프로2 라이트닝 본체+오른쪽유닛+케이스3종,애플,에어팟 프로,CASE,Y,,SALE,,,,,UNKNOWN
본체,번개장터,405296688,삼성 데스크탑 컴퓨터 본체 화이트(AMD 셈프론3400)윈도우7,44900,판매중,,https://media.bunjang.co.kr/product/405296688_1_1778021489_w{res}.jpg,https://m.bunjang.co.kr/products/405296688,2026-05-07 01:10,삼성 데스크탑 컴퓨터 본체 화이트(amd 셈프론3400)윈도우7,,,desktop,N,,SALE,,,,,UNKNOWN
본체,번개장터,393696610,게이밍 데스크탑 본체 i5-11세대 램16GB GTX1650 컴퓨터pc,750000,판매중,,https://media.bunjang.co.kr/product/393696610_1_1772867039_w{res}.jpg,https://m.bunjang.co.kr/products/393696610,2026-05-07 01:08,게이밍 데스크탑 본체 i5-11세대 램16gb gtx1650 컴퓨터pc,,,desktop,N,16.0,SALE,,GTX1650,16.0,,MID
본체,번개장터,380969670,Windows xp 본체,80000,판매중,,https://media.bunjang.co.kr/product/380969670_1_1767925643_w{res}.jpg,https://m.bunjang.co.kr/products/380969670,2026-05-07 01:05,windows xp 본체,,,desktop,N,,SALE,,,,,UNKNOWN
본체,번개장터,406459704,[번장특판 컴퓨터 이벤트]RTX 3060TI 모음 본체 최저가 한정수량,720000,판매중,,https://media.bunjang.co.kr/product/406459704_1_1778083118_w{res}.jpg,https://m.bunjang.co.kr/products/406459704,2026-05-07 00:58,[번장특판 컴퓨터 이벤트]rtx 3060ti 모음 본체 최저가 한정수량,,,desktop,N,,SALE,,RTX3060TI,,,MID
본체,번개장터,406458922,[번장1등 컴퓨터 풀셋트 본체]한정수량 초특가 이벤트 판매 합니다,285000,판매중,,https://media.bunjang.co.kr/product/406458922_1_1778082823_w{res}.jpg,https://m.bunjang.co.kr/products/406458922,2026-05-07 00:53,[번장1등 컴퓨터 풀셋트 본체]한정수량 초특가 이벤트 합니다,,,desktop,N,,SALE,,,,,UNKNOWN
본체,번개장터,390221657,PS4 Slim 본체,142000,판매중,,https://media.bunjang.co.kr/product/390221657_1_1772730778_w{res}.jpg,https://m.bunjang.co.kr/products/390221657,2026-05-07 00:49,ps4 slim 본체,,,desktop,N,,SALE,,,,,UNKNOWN
본체,번개장터,379488045,[거의 새것] 락앤락 가열 텀블러 본체 (코드없음. 본체만판매),20000,판매중,,https://media.bunjang.co.kr/product/379488045_1_1773098707_w{res}.jpg,https://m.bunjang.co.kr/products/379488045,2026-05-07 00:44,[] 락앤락 가열 텀블러 본체 (코드없음. 본체만),,,desktop,N,,SALE,,,,,UNKNOWN
본체,번개장터,406457353,애플 에어팟 프로3 본체 급처!,90420,판매중,,https://media.bunjang.co.kr/product/406457353_1_1778082186_w{res}.jpg,https://m.bunjang.co.kr/products/406457353,2026-05-07 00:43,애플 에어팟 프로3 본체 !,애플,에어팟 프로,earphone,N,,SALE,,,,,UNKNOWN
본체,번개장터,401405484,"고스펙 게이밍 PC(본체, 모니터, 키보드, 마우스)",2500000,판매중,,https://media.bunjang.co.kr/product/401405484_1_1777718689_w{res}.jpg,https://m.bunjang.co.kr/products/401405484,2026-05-07 00:42,"고스펙 게이밍 pc(본체, 모니터, 키보드, 마우스)",,,desktop,N,,SALE,,,,,UNKNOWN
본체,번개장터,406456621,에어팟프로1 (본체 왼쪽 오른쪽),20000,판매중,,https://media.bunjang.co.kr/product/406456621_1_1778127044_w{res}.jpg,https://m.bunjang.co.kr/products/406456621,2026-05-07 00:38,에어팟프로1 (본체 왼쪽 오른쪽),애플,에어팟 프로,earphone,N,,SALE,,,,,UNKNOWN
본체,번개장터,406455383,[번장1등 컴퓨터 풀셋트 본체]한정수량 초특가 이벤트 판매 합니다,285000,판매중,,https://media.bunjang.co.kr/product/406455383_1_1778081420_w{res}.jpg,https://m.bunjang.co.kr/products/406455383,2026-05-07 00:30,[번장1등 컴퓨터 풀셋트 본체]한정수량 초특가 이벤트 합니다,,,desktop,N,,SALE,,,,,UNKNOWN
본체,번개장터,406455374,[번장1등 컴퓨터 풀셋트 본체]한정수량 초특가 이벤트 판매 합니다,285000,판매중,,https://media.bunjang.co.kr/product/406455374_1_1778081416_w{res}.jpg,https://m.bunjang.co.kr/products/406455374,2026-05-07 00:30,[번장1등 컴퓨터 풀셋트 본체]한정수량 초특가 이벤트 합니다,,,desktop,N,,SALE,,,,,UNKNOWN
본체,번개장터,406455314,GTX 게임용 중고컴퓨터 조립식 컴퓨터본체 게이밍,190000,판매중,,https://media.bunjang.co.kr/product/406455314_1_1778081390_w{res}.jpg,https://m.bunjang.co.kr/products/406455314,2026-05-07 00:29,gtx 게임용 중고컴퓨터 조립식 컴퓨터본체 게이밍,,,desktop,N,,SALE,,,,,UNKNOWN
본체,번개장터,398420568,에어팟 프로 1 c타입 본체,50000,판매중,,https://media.bunjang.co.kr/product/398420568_1_1775655322_w{res}.jpg,https://m.bunjang.co.kr/products/398420568,2026-05-07 00:20,에어팟 프로 1 c타입 본체,애플,에어팟 프로,earphone,N,,SALE,,,,,UNKNOWN
본체,번개장터,400495840,삼성 데스크탑 본체 컴퓨터,120000,판매중,,https://media.bunjang.co.kr/product/400495840_1_1775735397_w{res}.jpg,https://m.bunjang.co.kr/products/400495840,2026-05-07 00:08,삼성 데스크탑 본체 컴퓨터,,,desktop,N,,SALE,,,,,UNKNOWN
본체,번개장터,305880628,마끼다 충전매거진 DFR550Z 본체 충전스크류드라이버 메거진 연발피스,270000,판매중,,https://media.bunjang.co.kr/product/305880628_1_1768045877_w{res}.jpg,https://m.bunjang.co.kr/products/305880628,2026-05-07 00:07,마끼다 충전매거진 dfr550z 본체 충전스크류드라이버 메거진 연발피스,,,desktop,N,,SALE,,,,,UNKNOWN
본체,번개장터,406155593,"롤,발로 충분히 돌아가는 회이트 게이밍 본체 팝니다",400000,판매중,,https://media.bunjang.co.kr/product/406155593_1_1777976244_w{res}.jpg,https://m.bunjang.co.kr/products/406155593,2026-05-07 00:07,"롤,발로 충분히 돌아가는 회이트 게이밍 본체",,,desktop,N,,SALE,,,,,UNKNOWN
본체,번개장터,406451190,번장 이벤트 사무용 주식 TM 카톡업무 컴퓨터 본체 최저가 판매!,150000,판매중,,https://media.bunjang.co.kr/product/406451190_1_1778080017_w{res}.jpg,https://m.bunjang.co.kr/products/406451190,2026-05-07 00:06,번장 이벤트 사무용 주식 tm 카톡업무 컴퓨터 본체 최저가 !,,,desktop,N,,SALE,,,,,UNKNOWN
본체,번개장터,397463244,마끼다 40V 충전그리스건 GP001GZ 본체만 미개봉 새상품 정품,470000,판매중,,https://media.bunjang.co.kr/product/397463244_1_1774487183_w{res}.jpg,https://m.bunjang.co.kr/products/397463244,2026-05-07 00:05,마끼다 40v 충전그리스건 gp001gz 본체만,,,desktop,N,,SALE,,,,,UNKNOWN
본체,번개장터,341539819,마끼다 40V 충전체인톱 UC026GZ 본체 400mm BL 벌목 정품,450000,판매중,,https://media.bunjang.co.kr/product/341539819_1_1766447348_w{res}.jpg,https://m.bunjang.co.kr/products/341539819,2026-05-07 00:05,마끼다 40v 충전체인톱 uc026gz 본체 400mm bl 벌목,,,desktop,N,,SALE,,,,,UNKNOWN
본체,번개장터,339987015,마끼다 40V 충전믹서드릴 본체 UT002GZ 교반 키척타입 새상품 정품,520000,판매중,,https://media.bunjang.co.kr/product/339987015_1_1766447189_w{res}.jpg,https://m.bunjang.co.kr/products/339987015,2026-05-07 00:05,마끼다 40v 충전믹서드릴 본체 ut002gz 교반 키척타입,,,desktop,N,,SALE,,,,,UNKNOWN
본체,번개장터,401794669,마끼다 18V 3인치 충전그라인더 본체만 DMC300Z 정품 새상품,180000,판매중,,https://media.bunjang.co.kr/product/401794669_1_1776245618_w{res}.jpg,https://m.bunjang.co.kr/products/401794669,2026-05-07 00:05,마끼다 18v 3인치 충전그라인더 본체만 dmc300z,,,desktop,N,,SALE,,,,,UNKNOWN
본체,번개장터,406450725,GTX 게임용 중고컴퓨터 조립식 컴퓨터본체 게이밍,190000,판매중,,https://media.bunjang.co.kr/product/406450725_1_1778079867_w{res}.jpg,https://m.bunjang.co.kr/products/406450725,2026-05-07 00:04,gtx 게임용 중고컴퓨터 조립식 컴퓨터본체 게이밍,,,desktop,N,,SALE,,,,,UNKNOWN
본체,번개장터,406450242,번장 이벤트 사무용 주식 TM 메신저업무 컴퓨터 본체 최저가 판매!,150000,판매중,,https://media.bunjang.co.kr/product/406450242_1_1778079714_w{res}.jpg,https://m.bunjang.co.kr/products/406450242,2026-05-07 00:01,번장 이벤트 사무용 주식 tm 메신저업무 컴퓨터 본체 최저가 !,,,desktop,N,,SALE,,,,,UNKNOWN
본체,번개장터,406450086,가성비 중고컴퓨터 본체 조립식 게이밍 게임용컴퓨터 가격 추천,190000,판매중,,https://media.bunjang.co.kr/product/406450086_1_1778079663_w{res}.jpg,https://m.bunjang.co.kr/products/406450086,2026-05-07 00:01,가성비 중고컴퓨터 본체 조립식 게이밍 게임용컴퓨터 가격 추천,,,desktop,N,,SALE,,,,,UNKNOWN
본체,번개장터,399361697,애플 에어팟 프로 2세대 본체 8핀 풀박스 팝니다,50000,판매중,,https://media.bunjang.co.kr/product/399361697_1_1777984756_w{res}.jpg,https://m.bunjang.co.kr/products/399361697,2026-05-06 23:57,애플 에어팟 프로 2세대 본체 8핀 스,애플,에어팟 프로,earphone,N,,SALE,,,,,UNKNOWN
본체,번개장터,405303543,풀고사양 하이엔드급 PC 본체 모니터 키보드 마우스 풀셋 판매합니다 싸게,3200000,판매중,,https://media.bunjang.co.kr/product/405303543_1_1777685333_w{res}.jpg,https://m.bunjang.co.kr/products/405303543,2026-05-06 23:53,풀고사양 하이엔드급 pc 본체 모니터 키보드 마우스 풀셋 싸게,,,desktop,N,,SALE,,,,,UNKNOWN
본체,번개장터,300249735,"정품, 작동 잘되는 에어팟프로 본체만 팝니다.  실리콘 케이스1개 포함.",43900,판매중,,https://media.bunjang.co.kr/product/300249735_1_1751211791_w{res}.jpg,https://m.bunjang.co.kr/products/300249735,2026-05-06 23:52,", 작동 잘되는 에어팟프로 본체만 . 실리콘 케이스1개 포함.",애플,에어팟 프로,CASE,Y,,SALE,,,,,UNKNOWN
본체,번개장터,376139848,안전결제가능 i7/ gtx1050 본체 게이밍 데스크탑 컴퓨터 pc,169000,판매중,,https://media.bunjang.co.kr/product/376139848_1_1776675750_w{res}.jpg,https://m.bunjang.co.kr/products/376139848,2026-05-06 23:51,안전결제가능 i7/ gtx1050 본체 게이밍 데스크탑 컴퓨터 pc,,,desktop,N,,SALE,,GTX1050,,,UNKNOWN
본체,번개장터,346899209,안전결제가능 i7/gtx1060 본체 게이밍 데스크탑 컴퓨터,187000,판매중,,https://media.bunjang.co.kr/product/346899209_1_1774200127_w{res}.jpg,https://m.bunjang.co.kr/products/346899209,2026-05-06 23:51,안전결제가능 i7/gtx1060 본체 게이밍 데스크탑 컴퓨터,,,desktop,N,,SALE,,GTX1060,,,LOW
본체,번개장터,406446995,[번장특판 컴퓨터 이벤트]RTX 3060TI 모음 본체 최저가 한정수량,720000,판매중,,https://media.bunjang.co.kr/product/406446995_1_1778078614_w{res}.jpg,https://m.bunjang.co.kr/products/406446995,2026-05-06 23:43,[번장특판 컴퓨터 이벤트]rtx 3060ti 모음 본체 최저가 한정수량,,,desktop,N,,SALE,,RTX3060TI,,,MID
본체,번개장터,400553286,마지막 가격 인하) 닌텐도 3DS 블랙 본체,140000,예약중,,https://media.bunjang.co.kr/product/400553286_1_1777947794_w{res}.jpg,https://m.bunjang.co.kr/products/400553286,2026-05-06 23:41,마지막 가격 인하) 닌텐도 3ds 블랙 본체,,,desktop,N,,RESERVED,,,,,UNKNOWN
본체,번개장터,406445618,에어팟프로2 C타입 본체 팝니다,60000,판매중,,https://media.bunjang.co.kr/product/406445618_1_1778108024_w{res}.jpg,https://m.bunjang.co.kr/products/406445618,2026-05-06 23:35,에어팟프로2 c타입 본체,애플,에어팟 프로,earphone,N,,SALE,,,,,UNKNOWN
본체,번개장터,393821618,구성품 풀 iPod 아이팟 터치 1세대 16G 본체포장 비닐 풀박스,290000,판매중,,https://media.bunjang.co.kr/product/393821618_1_1775053050_w{res}.jpg,https://m.bunjang.co.kr/products/393821618,2026-05-06 23:25,구성품 풀 ipod 아이팟 터치 1세대 16g 본체포장 비닐 스,,,desktop,N,,SALE,,,,,UNKNOWN
본체,번개장터,380538490,"컴퓨터본체 데스크탑 팝니다.(i5 10400F,16G,SSD500G등)",777000,판매중,,https://media.bunjang.co.kr/product/380538490_1_1778077365_w{res}.jpg,https://m.bunjang.co.kr/products/380538490,2026-05-06 23:22,"컴퓨터본체 데스크탑 .(i5 10400f,16g,ssd500g등)",,,desktop,N,,SALE,I5 10400F,,,,UNKNOWN
본체,번개장터,406442535,번장 이벤트 사무용 주식 TM 카톡업무 컴퓨터 본체 최저가 판매!,150000,판매중,,https://media.bunjang.co.kr/product/406442535_1_1778077211_w{res}.jpg,https://m.bunjang.co.kr/products/406442535,2026-05-06 23:20,번장 이벤트 사무용 주식 tm 카톡업무 컴퓨터 본체 최저가 !,,,desktop,N,,SALE,,,,,UNKNOWN
본체,번개장터,390969925,마끼다 본체에서 디월트 배터리 사용 변환어답터 18v 젠더  배터리커넥터,10000,판매중,,https://media.bunjang.co.kr/product/390969925_1_1772363117_w{res}.jpg,https://m.bunjang.co.kr/products/390969925,2026-05-06 23:16,마끼다 본체에서 디월트 배터리 사용 변환어답터 18v 젠더 배터리커넥터,,,ADAPTER,Y,,SALE,,,,,UNKNOWN
본체,번개장터,406045727,에어팟프로 1 본체 오른쪽 정상작동 급처,45000,판매중,,https://media.bunjang.co.kr/product/406045727_1_1777942595_w{res}.jpg,https://m.bunjang.co.kr/products/406045727,2026-05-06 23:14,에어팟프로 1 본체 오른쪽 정상작동,애플,에어팟 프로,earphone,N,,SALE,,,,,UNKNOWN
본체,번개장터,406440583,닌텐도 스위치 본체(독 포함) + 게임 12종 (게임칩 두개)+ 컨트롤러,480000,판매중,,https://media.bunjang.co.kr/product/406440583_1_1778212153_w{res}.jpg,https://m.bunjang.co.kr/products/406440583,2026-05-06 23:10,닌텐도 스위치 본체(독 포함) + 게임 12종 (게임칩 두개)+ 컨트롤러,,,desktop,N,,SALE,,,,,UNKNOWN
본체,번개장터,406439468,[번장특판 컴퓨터 이벤트]RTX 3060TI 모음 본체 최저가 한정수량,720000,판매중,,https://media.bunjang.co.kr/product/406439468_1_1778076312_w{res}.jpg,https://m.bunjang.co.kr/products/406439468,2026-05-06 23:05,[번장특판 컴퓨터 이벤트]rtx 3060ti 모음 본체 최저가 한정수량,,,desktop,N,,SALE,,RTX3060TI,,,MID
본체,번개장터,406437607,[번장특판 컴퓨터 이벤트]RTX 3060TI 모음 본체 최저가 한정수량,720000,판매중,,https://media.bunjang.co.kr/product/406437607_1_1778075809_w{res}.jpg,https://m.bunjang.co.kr/products/406437607,2026-05-06 22:56,[번장특판 컴퓨터 이벤트]rtx 3060ti 모음 본체 최저가 한정수량,,,desktop,N,,SALE,,RTX3060TI,,,MID
본체,번개장터,406437078,닌텐도 스위치 OLED 화이트 본체,150000,예약중,,https://media.bunjang.co.kr/product/406437078_1_1778075663_w{res}.jpg,https://m.bunjang.co.kr/products/406437078,2026-05-06 22:54,닌텐도 스위치 oled 화이트 본체,,,desktop,N,,RESERVED,,,,,UNKNOWN
본체,번개장터,375299012,주술회전 인외마경신주쿠결전 스쿠나 이타도리 옷코츠유타 미니 아크릴 블록,37300,판매중,,https://media.bunjang.co.kr/product/375299012_1_1769318270_w{res}.jpg,https://m.bunjang.co.kr/products/375299012,2026-05-06 22:52,주술회전 인외마경신주쿠결전 스쿠나 이타도리 옷코츠유타 미니 아크릴 블록,,,UNKNOWN,N,,SALE,,,,,UNKNOWN
본체,번개장터,389112993,GoPro 풀세트 (본체 + 케이스) HERO12 크리에이터 에디션,494000,판매중,,https://media.bunjang.co.kr/product/389112993_1_1771042659_w{res}.jpg,https://m.bunjang.co.kr/products/389112993,2026-05-06 22:47,gopro 풀세트 (본체 + 케이스) hero12 크리에이터 에디션,,,CASE,Y,,SALE,,,,,UNKNOWN
본체,번개장터,406433242,[번장1등 컴퓨터 풀셋트 본체]한정수량 초특가 이벤트 판매 합니다,285000,판매중,,https://media.bunjang.co.kr/product/406433242_1_1778074610_w{res}.jpg,https://m.bunjang.co.kr/products/406433242,2026-05-06 22:36,[번장1등 컴퓨터 풀셋트 본체]한정수량 초특가 이벤트 합니다,,,desktop,N,,SALE,,,,,UNKNOWN
본체,번개장터,397314882,7800x3d 반본체,1100000,판매중,,https://media.bunjang.co.kr/product/397314882_1_1777353750_w{res}.jpg,https://m.bunjang.co.kr/products/397314882,2026-05-06 22:36,7800x3d 반본체,,,desktop,N,,SALE,,,,,UNKNOWN
본체,번개장터,406432502,[번장1등 컴퓨터 풀셋트 본체]한정수량 초특가 이벤트 판매 합니다,285000,판매중,,https://media.bunjang.co.kr/product/406432502_1_1778074406_w{res}.jpg,https://m.bunjang.co.kr/products/406432502,2026-05-06 22:33,[번장1등 컴퓨터 풀셋트 본체]한정수량 초특가 이벤트 합니다,,,desktop,N,,SALE,,,,,UNKNOWN
본체,번개장터,406431809,"사무용컴퓨터pc 중고컴퓨터, 조립식컴퓨터본체 rtx2070",780000,판매중,,https://media.bunjang.co.kr/product/406431809_1_1778074215_w{res}.jpg,https://m.bunjang.co.kr/products/406431809,2026-05-06 22:30,"사무용컴퓨터pc 중고컴퓨터, 조립식컴퓨터본체 rtx2070",,,desktop,N,,SALE,,RTX2070,,,MID
본체,번개장터,402818332,데스크탑 본체 i7-7700 GTX1050  240G  3R시스템케이스,280000,판매중,,https://media.bunjang.co.kr/product/402818332_1_1777860457_w{res}.jpg,https://m.bunjang.co.kr/products/402818332,2026-05-06 22:20,데스크탑 본체 i7-7700 gtx1050 240g 3r시스템케이스,,,CASE,Y,,SALE,I7-7700,GTX1050,,,UNKNOWN
본체,번개장터,406428250,에어팟 프로2 8핀 본체,50000,판매중,,https://media.bunjang.co.kr/product/406428250_1_1778073267_w{res}.jpg,https://m.bunjang.co.kr/products/406428250,2026-05-06 22:13,에어팟 프로2 8핀 본체,애플,에어팟 프로,earphone,N,,SALE,,,,,UNKNOWN
본체,번개장터,405843288,4060ti본체 급처,850000,판매중,,https://media.bunjang.co.kr/product/405843288_1_1777866545_w{res}.jpg,https://m.bunjang.co.kr/products/405843288,2026-05-06 22:10,4060ti본체,,,desktop,N,,SALE,,,,,UNKNOWN
본체,번개장터,406427617,[번장1등 컴퓨터 풀셋트 본체]한정수량 초특가 이벤트 판매 합니다,285000,판매중,,https://media.bunjang.co.kr/product/406427617_1_1778073003_w{res}.jpg,https://m.bunjang.co.kr/products/406427617,2026-05-06 22:10,[번장1등 컴퓨터 풀셋트 본체]한정수량 초특가 이벤트 합니다,,,desktop,N,,SALE,,,,,UNKNOWN
본체,번개장터,406427485,게임전용 조립PC 조립식컴퓨터 본체가격 게이밍,780000,판매중,,https://media.bunjang.co.kr/product/406427485_1_1778072964_w{res}.jpg,https://m.bunjang.co.kr/products/406427485,2026-05-06 22:09,게임전용 조립pc 조립식컴퓨터 본체가격 게이밍,,,desktop,N,,SALE,,,,,UNKNOWN
본체,번개장터,406427257,번장 이벤트 사무용 주식 TM 메신저업무 컴퓨터 본체 최저가 판매!,150000,판매중,,https://media.bunjang.co.kr/product/406427257_1_1778072908_w{res}.jpg,https://m.bunjang.co.kr/products/406427257,2026-05-06 22:08,번장 이벤트 사무용 주식 tm 메신저업무 컴퓨터 본체 최저가 !,,,desktop,N,,SALE,,,,,UNKNOWN
본체,번개장터,406426807,새상품) 에어팟 3세대 유닛 왼쪽 오른쪽 낱개 유닛 본체,75000,판매중,,https://media.bunjang.co.kr/product/406426807_1_1778072778_w{res}.jpg,https://m.bunjang.co.kr/products/406426807,2026-05-06 22:06,) 에어팟 3세대 유닛 왼쪽 오른쪽 낱개 유닛 본체,애플,에어팟 3세대,earphone,N,,SALE,,,,,UNKNOWN
본체,번개장터,406425879,애플 에어팟 프로 2세대 c타입 본체+왼쪽,90000,판매중,,https://media.bunjang.co.kr/product/406425879_1_1778072510_w{res}.jpg,https://m.bunjang.co.kr/products/406425879,2026-05-06 22:01,애플 에어팟 프로 2세대 c타입 본체+왼쪽,애플,에어팟 프로,earphone,N,,SALE,,,,,UNKNOWN
본체,번개장터,406138021,레드 색상의 닌텐도 Wii 본체 컨트롤러입니다,65000,판매중,,https://media.bunjang.co.kr/product/406138021_1_1778052725_w{res}.jpg,https://m.bunjang.co.kr/products/406138021,2026-05-06 21:58,레드 색상의 닌텐도 wii 본체 컨트롤러입니다,,,desktop,N,,SALE,,,,,UNKNOWN
본체,번개장터,406424829,I5-3570+애즈락 H61M-DGS 반본체,19800,판매중,,https://media.bunjang.co.kr/product/406424829_1_1778072217_w{res}.jpg,https://m.bunjang.co.kr/products/406424829,2026-05-06 21:56,i5-3570+애즈락 h61m-dgs 반본체,,,desktop,N,,SALE,I5-3570,,,,UNKNOWN
본체,번개장터,406099514,"에어팟2세대 본체,오른쪽유닛 팔아요",37230,판매중,,https://media.bunjang.co.kr/product/406099514_1_1777960476_w{res}.jpg,https://m.bunjang.co.kr/products/406099514,2026-05-06 21:55,"에어팟2세대 본체,오른쪽유닛",애플,에어팟 2세대,earphone,N,,SALE,,,,,UNKNOWN
본체,번개장터,397680019,pc 컴퓨터 본체 AMD Ryzen 5 3600X,500000,판매중,,https://media.bunjang.co.kr/product/397680019_1_1777967856_w{res}.jpg,https://m.bunjang.co.kr/products/397680019,2026-05-06 21:53,pc 컴퓨터 본체 amd ryzen 5 3600x,,,desktop,N,,SALE,RYZEN 5 3600X,,,,UNKNOWN
본체,번개장터,406422588,번장 이벤트 사무용 주식 TM 카톡업무 컴퓨터 본체 최저가 판매!,150000,판매중,,https://media.bunjang.co.kr/product/406422588_1_1778071600_w{res}.jpg,https://m.bunjang.co.kr/products/406422588,2026-05-06 21:46,번장 이벤트 사무용 주식 tm 카톡업무 컴퓨터 본체 최저가 !,,,desktop,N,,SALE,,,,,UNKNOWN
본체,번개장터,406421637,사무용컴퓨터 pc 조립식사무용컴퓨터 본체 중고컴퓨터,180000,판매중,,https://media.bunjang.co.kr/product/406421637_1_1778071326_w{res}.jpg,https://m.bunjang.co.kr/products/406421637,2026-05-06 21:42,사무용컴퓨터 pc 조립식사무용컴퓨터 본체 중고컴퓨터,,,desktop,N,,SALE,,,,,UNKNOWN
본체,번개장터,406421602,i5-6600 + ASRock B150M-HDV 반본체 세트(쿨러o),49800,판매중,,https://media.bunjang.co.kr/product/406421602_1_1778071486_w{res}.jpg,https://m.bunjang.co.kr/products/406421602,2026-05-06 21:41,i5-6600 + asrock b150m-hdv 반본체 세트(쿨러o),,,PARTS,Y,,SALE,I5-6600,,,,UNKNOWN
본체,번개장터,406420977,택포) 에어팟 3 본체,45000,판매중,,https://media.bunjang.co.kr/product/406420977_1_1778071126_w{res}.jpg,https://m.bunjang.co.kr/products/406420977,2026-05-06 21:38,) 에어팟 3 본체,애플,에어팟,earphone,N,,SALE,,,,,UNKNOWN
본체,번개장터,406420343,사무용부터게임용까지 조립식PC 컴퓨터추천 데스크탑 중고컴퓨터본체,500000,판매중,,https://media.bunjang.co.kr/product/406420343_1_1778070970_w{res}.jpg,https://m.bunjang.co.kr/products/406420343,2026-05-06 21:36,사무용부터게임용까지 조립식pc 컴퓨터추천 데스크탑 중고컴퓨터본체,,,desktop,N,,SALE,,,,,UNKNOWN
본체,번개장터,311801008,디월트/임팩렌치/dcf961/정품/새상품/본체만/배터리충전기별도구매가능,254000,판매중,,https://media.bunjang.co.kr/product/311801008_1_1776815439_w{res}.jpg,https://m.bunjang.co.kr/products/311801008,2026-05-06 21:35,디월트/임팩렌치/dcf961///본체만/배터리충전기별도구매가능,,,CHARGER,Y,,SALE,,,,,UNKNOWN
본체,번개장터,230083385,"만도 G7, H7, S3, G3, G5, F5 블랙박스 (본체단품)",50000,판매중,,https://media.bunjang.co.kr/product/230083385_1_1767082489_w{res}.jpg,https://m.bunjang.co.kr/products/230083385,2026-05-06 21:33,"만도 g7, h7, s3, g3, g5, f5 블랙박스 (본체단품)",,,BOX,Y,,SALE,,,,,UNKNOWN
본체,번개장터,221889038,"아이나비 V300, V500 블랙박스 (본체단품)",45000,판매중,,https://media.bunjang.co.kr/product/221889038_1_1771745570_w{res}.jpg,https://m.bunjang.co.kr/products/221889038,2026-05-06 21:33,"아이나비 v300, v500 블랙박스 (본체단품)",,,BOX,Y,,SALE,,,,,UNKNOWN
본체,번개장터,264319297,에쿠스 VI 후기형 2014년 네비게이션 96560-3N700 본체 단품,150000,판매중,,https://media.bunjang.co.kr/product/264319297_1_1775832746_w{res}.jpg,https://m.bunjang.co.kr/products/264319297,2026-05-06 21:32,에쿠스 vi 후기형 2014년 네비게이션 96560-3n700 본체 단품,,,desktop,N,,SALE,,,,,UNKNOWN
본체,번개장터,406417718,[번장특판 컴퓨터 이벤트]RTX 3060TI 모음 본체 최저가 한정수량,720000,판매중,,https://media.bunjang.co.kr/product/406417718_1_1778070197_w{res}.jpg,https://m.bunjang.co.kr/products/406417718,2026-05-06 21:23,[번장특판 컴퓨터 이벤트]rtx 3060ti 모음 본체 최저가 한정수량,,,desktop,N,,SALE,,RTX3060TI,,,MID
본체,번개장터,406417214,엔시티 구믐 nct 구 응원봉 믐뭔봄 본체 파우치 상자,12000,판매중,,https://media.bunjang.co.kr/product/406417214_1_1778070064_w{res}.jpg,https://m.bunjang.co.kr/products/406417214,2026-05-06 21:21,엔시티 구믐 nct 구 응원봉 믐뭔봄 본체 파우치 상자,,,POUCH,Y,,SALE,,,,,UNKNOWN
본체,번개장터,406417067,I5-9400f + ASUS EX-H310M-V3 R2.0 반본체 세트,106900,판매중,,https://media.bunjang.co.kr/product/406417067_1_1778070041_w{res}.jpg,https://m.bunjang.co.kr/products/406417067,2026-05-06 21:20,i5-9400f + asus ex-h310m-v3 r2.0 반본체 세트,,,desktop,N,,SALE,I5-9400F,,,,UNKNOWN
본체,번개장터,406416903,택포) 에어팟 3 본체,45000,판매중,,https://media.bunjang.co.kr/product/406416903_1_1778069984_w{res}.jpg,https://m.bunjang.co.kr/products/406416903,2026-05-06 21:19,) 에어팟 3 본체,애플,에어팟,earphone,N,,SALE,,,,,UNKNOWN
본체,번개장터,399295480,빈티지 후지 파인픽스 S7000 디카  본체,21000,판매중,,https://media.bunjang.co.kr/product/399295480_1_1777709418_w{res}.jpg,https://m.bunjang.co.kr/products/399295480,2026-05-06 21:19,빈티지 후지 파인픽스 s7000 디카 본체,,,desktop,N,,SALE,,,,,UNKNOWN
본체,번개장터,406416235,I5-9400f + 기가바이트 H310M DS2V 2.0 반본체 세트,104900,판매중,,https://media.bunjang.co.kr/product/406416235_1_1778078115_w{res}.jpg,https://m.bunjang.co.kr/products/406416235,2026-05-06 21:16,i5-9400f + 기가바이트 h310m ds2v 2.0 반본체 세트,,,desktop,N,,SALE,I5-9400F,,,,UNKNOWN
본체,번개장터,358852101,삼성모니터 24인치 본체 연결선도드림,50000,판매중,,https://media.bunjang.co.kr/product/358852101_1_1758873172_w{res}.jpg,https://m.bunjang.co.kr/products/358852101,2026-05-06 21:12,삼성모니터 24인치 본체 연결선도드림,,,desktop,N,,SALE,,,,,UNKNOWN
본체,번개장터,406415236,[번장특판 컴퓨터 이벤트]RTX 3060TI 모음 본체 최저가 한정수량,720000,판매중,,https://media.bunjang.co.kr/product/406415236_1_1778069506_w{res}.jpg,https://m.bunjang.co.kr/products/406415236,2026-05-06 21:11,[번장특판 컴퓨터 이벤트]rtx 3060ti 모음 본체 최저가 한정수량,,,desktop,N,,SALE,,RTX3060TI,,,MID
본체,번개장터,349084141,7800X3D 좌설치 반본체+(별도:RX9070XT),1840000,판매중,,https://media.bunjang.co.kr/product/349084141_1_1776556299_w{res}.jpg,https://m.bunjang.co.kr/products/349084141,2026-05-06 21:07,7800x3d 좌설치 반본체+(별도:rx9070xt),,,SERVICE,Y,,SALE,,RX9070XT,,,UNKNOWN
본체,번개장터,404167551,갤럭시 버즈 3 본체 + 슈피겐 케이스,40000,판매중,,https://media.bunjang.co.kr/product/404167551_1_1778079875_w{res}.jpg,https://m.bunjang.co.kr/products/404167551,2026-05-06 21:06,갤럭시 버즈 3 본체 + 슈피겐 케이스,삼성,,CASE,Y,,SALE,,,,,UNKNOWN
본체,번개장터,199494103,[삽니다] 컴퓨터매입 컴퓨터부품 컴퓨터본체 주변기기 매입합니다,500000,판매중,,https://media.bunjang.co.kr/product/199494103_1_1757215494_w{res}.jpg,https://m.bunjang.co.kr/products/199494103,2026-05-06 21:05,[] 컴퓨터매입 컴퓨터부품 컴퓨터본체 주변기기 매입합니다,,,PARTS,Y,,SALE,,,,,UNKNOWN
본체,번개장터,406413914,택포) 에어팟 프로 2세대 본체 8핀,63000,판매중,,https://media.bunjang.co.kr/product/406413914_1_1778069133_w{res}.jpg,https://m.bunjang.co.kr/products/406413914,2026-05-06 21:05,) 에어팟 프로 2세대 본체 8핀,애플,에어팟 프로,earphone,N,,SALE,,,,,UNKNOWN
본체,번개장터,396156731,닌텐도 ds 루니툰 벅스바니 본체케이스,18000,판매중,,https://media.bunjang.co.kr/product/396156731_1_1773926011_w{res}.jpg,https://m.bunjang.co.kr/products/396156731,2026-05-06 21:02,닌텐도 ds 루니툰 벅스바니 본체케이스,,,CASE,Y,,SALE,,,,,UNKNOWN
본체,번개장터,406413000,택포) 에어팟 2 무선 본체 (1세대 가능) 무선충전 충전케이스,26900,판매중,,https://media.bunjang.co.kr/product/406413000_1_1778068883_w{res}.jpg,https://m.bunjang.co.kr/products/406413000,2026-05-06 21:01,) 에어팟 2 무선 본체 (1세대 가능) 무선충전 충전케이스,애플,에어팟,CASE,Y,,SALE,,,,,UNKNOWN
본체,번개장터,406412639,번장 이벤트 사무용 주식 TM 카톡업무 컴퓨터 본체 최저가 판매!,150000,판매중,,https://media.bunjang.co.kr/product/406412639_1_1778068795_w{res}.jpg,https://m.bunjang.co.kr/products/406412639,2026-05-06 20:59,번장 이벤트 사무용 주식 tm 카톡업무 컴퓨터 본체 최저가 !,,,desktop,N,,SALE,,,,,UNKNOWN
본체,번개장터,406411715,(새제품)버즈3프로 실버 본체(충전케이스) 단품/낱개/정품,94900,판매중,,https://media.bunjang.co.kr/product/406411715_1_1778075475_w{res}.jpg,https://m.bunjang.co.kr/products/406411715,2026-05-06 20:55,(새제품)버즈3프로 실버 본체(충전케이스) 단품/낱개/,,,CASE,Y,,SALE,,,,,UNKNOWN
본체,번개장터,218995879,(새제품)인텔 울트라5 250k RTX5060.개인본체.영상편집.게이밍컴,1600000,판매중,,https://media.bunjang.co.kr/product/218995879_1_1778081571_w{res}.jpg,https://m.bunjang.co.kr/products/218995879,2026-05-06 20:54,(새제품)인텔 울트라5 250k rtx5060.개인본체.영상편집.게이밍컴,,,desktop,N,,SALE,,RTX5060,,,UNKNOWN
본체,번개장터,241396102,(새제품)라이젠7800X3D RTX5070.개인본체.영상편집,2060000,판매중,,https://media.bunjang.co.kr/product/241396102_1_1778083015_w{res}.jpg,https://m.bunjang.co.kr/products/241396102,2026-05-06 20:54,(새제품)라이젠7800x3d rtx5070.개인본체.영상편집,,,desktop,N,,SALE,RYZEN7800X,RTX5070,,,UNKNOWN
본체,번개장터,397744073,정품 다이슨 v6 무선청소기 투명 먼지통 단품 더스트빈 컵 본체 부품,9000,판매중,,https://media.bunjang.co.kr/product/397744073_1_1777817793_w{res}.jpg,https://m.bunjang.co.kr/products/397744073,2026-05-06 20:52,다이슨 v6 무선청소기 투명 먼지통 단품 더스트빈 컵 본체 부품,,,PARTS,Y,,SALE,,,,,UNKNOWN
본체,번개장터,397571325,아이닉 i20 무선청소기 핸디 본체 메인바디 필터 부품용,5000,판매중,,https://media.bunjang.co.kr/product/397571325_1_1775564476_w{res}.jpg,https://m.bunjang.co.kr/products/397571325,2026-05-06 20:52,아이닉 i20 무선청소기 핸디 본체 메인바디 필터 부품용,,,PARTS,Y,,SALE,,,,,UNKNOWN
본체,번개장터,406410456,에어팟 프로 2 C타입 본체,50000,판매중,,https://media.bunjang.co.kr/product/406410456_1_1778068203_w{res}.jpg,https://m.bunjang.co.kr/products/406410456,2026-05-06 20:50,에어팟 프로 2 c타입 본체,애플,에어팟 프로,earphone,N,,SALE,,,,,UNKNOWN
본체,번개장터,406408979,[번장1등 컴퓨터 풀셋트 본체]한정수량 초특가 이벤트 판매 합니다,285000,판매중,,https://media.bunjang.co.kr/product/406408979_1_1778067804_w{res}.jpg,https://m.bunjang.co.kr/products/406408979,2026-05-06 20:43,[번장1등 컴퓨터 풀셋트 본체]한정수량 초특가 이벤트 합니다,,,desktop,N,,SALE,,,,,UNKNOWN
본체,번개장터,406408326,(새제품)버즈3FE 블랙 본체(충전케이스) 단품/낱개/삼성정품,49900,판매중,,https://media.bunjang.co.kr/product/406408326_1_1778067645_w{res}.jpg,https://m.bunjang.co.kr/products/406408326,2026-05-06 20:40,(새제품)버즈3fe 블랙 본체(충전케이스) 단품/낱개/삼성,,,CASE,Y,,SALE,,,,,UNKNOWN
본체,번개장터,406407528,(S급) 에어팟 프로 3 본체 판매 (박스 포함),115000,판매중,,https://media.bunjang.co.kr/product/406407528_1_1778156775_w{res}.jpg,https://m.bunjang.co.kr/products/406407528,2026-05-06 20:37,(s급) 에어팟 프로 3 본체 (박스 포함),애플,에어팟 프로,BOX,Y,,SALE,,,,,UNKNOWN
본체,번개장터,406407387,[번장특판 컴퓨터 이벤트]RTX 3060TI 모음 본체 최저가 한정수량,720000,판매중,,https://media.bunjang.co.kr/product/406407387_1_1778067392_w{res}.jpg,https://m.bunjang.co.kr/products/406407387,2026-05-06 20:36,[번장특판 컴퓨터 이벤트]rtx 3060ti 모음 본체 최저가 한정수량,,,desktop,N,,SALE,,RTX3060TI,,,MID
본체,번개장터,397171486,에어팟 프로 3세대 본체,100000,판매중,,https://media.bunjang.co.kr/product/397171486_1_1775564959_w{res}.jpg,https://m.bunjang.co.kr/products/397171486,2026-05-06 20:32,에어팟 프로 3세대 본체,애플,에어팟 프로,earphone,N,,SALE,,,,,UNKNOWN
본체,번개장터,406404925,(새제품)버즈3FE 그레이 본체(충전케이스) 단품/낱개/정품,49900,판매중,,https://media.bunjang.co.kr/product/406404925_1_1778066744_w{res}.jpg,https://m.bunjang.co.kr/products/406404925,2026-05-06 20:25,(새제품)버즈3fe 그레이 본체(충전케이스) 단품/낱개/,,,CASE,Y,,SALE,,,,,UNKNOWN
본체,번개장터,406404694,[번장인증] 에어팟 낱개 1 2 3 4 프로 한쪽 낱개 왼쪽 오른쪽 본체,63000,판매중,,https://media.bunjang.co.kr/product/406404694_1_1778197443_w{res}.jpg,https://m.bunjang.co.kr/products/406404694,2026-05-06 20:24,[번장인증] 에어팟 낱개 1 2 3 4 프로 한쪽 낱개 왼쪽 오른쪽 본체,애플,에어팟 프로,earphone,N,,SALE,,,,,UNKNOWN
본체,번개장터,404148491,에어팟 프로2 본체+오른쪽 8핀,100000,판매중,,https://media.bunjang.co.kr/product/404148491_1_1777856868_w{res}.jpg,https://m.bunjang.co.kr/products/404148491,2026-05-06 20:22,에어팟 프로2 본체+오른쪽 8핀,애플,에어팟 프로,earphone,N,,SALE,,,,,UNKNOWN
본체,번개장터,406226034,[번장특판 컴퓨터 이벤트]RTX 3060TI 모음 본체 최저가 한정수량,720000,판매중,,https://media.bunjang.co.kr/product/406226034_1_1777994644_w{res}.jpg,https://m.bunjang.co.kr/products/406226034,2026-05-06 20:22,[번장특판 컴퓨터 이벤트]rtx 3060ti 모음 본체 최저가 한정수량,,,desktop,N,,SALE,,RTX3060TI,,,MID
본체,번개장터,406220570,[번장1등 컴퓨터 풀셋트 본체]한정수량 초특가 이벤트 판매 합니다,285000,판매중,,https://media.bunjang.co.kr/product/406220570_1_1777992942_w{res}.jpg,https://m.bunjang.co.kr/products/406220570,2026-05-06 20:22,[번장1등 컴퓨터 풀셋트 본체]한정수량 초특가 이벤트 합니다,,,desktop,N,,SALE,,,,,UNKNOWN
본체,번개장터,406203646,[번장특판 컴퓨터 이벤트]RTX 3060TI 모음 본체 최저가 한정수량,720000,판매중,,https://media.bunjang.co.kr/product/406203646_1_1777987838_w{res}.jpg,https://m.bunjang.co.kr/products/406203646,2026-05-06 20:22,[번장특판 컴퓨터 이벤트]rtx 3060ti 모음 본체 최저가 한정수량,,,desktop,N,,SALE,,RTX3060TI,,,MID
본체,번개장터,405462370,[번장1등 컴퓨터 풀셋트 본체]한정수량 초특가 이벤트 판매 합니다,285000,판매중,,https://media.bunjang.co.kr/product/405462370_1_1777734278_w{res}.jpg,https://m.bunjang.co.kr/products/405462370,2026-05-06 20:22,[번장1등 컴퓨터 풀셋트 본체]한정수량 초특가 이벤트 합니다,,,desktop,N,,SALE,,,,,UNKNOWN
본체,번개장터,405476142,번장 이벤트 사무용 주식 TM 메신저업무 컴퓨터 본체 최저가 판매!,150000,판매중,,https://media.bunjang.co.kr/product/405476142_1_1777739381_w{res}.jpg,https://m.bunjang.co.kr/products/405476142,2026-05-06 20:22,번장 이벤트 사무용 주식 tm 메신저업무 컴퓨터 본체 최저가 !,,,desktop,N,,SALE,,,,,UNKNOWN
본체,번개장터,404354234,에어팟 프로2 본체 8핀,45000,판매중,,https://media.bunjang.co.kr/product/404354234_1_1777415163_w{res}.jpg,https://m.bunjang.co.kr/products/404354234,2026-05-06 20:20,에어팟 프로2 본체 8핀,애플,에어팟 프로,earphone,N,,SALE,,,,,UNKNOWN
본체,번개장터,406402289,번장 이벤트 사무용 주식 TM 메신저업무 컴퓨터 본체 최저가 판매!,150000,판매중,,https://media.bunjang.co.kr/product/406402289_1_1778066103_w{res}.jpg,https://m.bunjang.co.kr/products/406402289,2026-05-06 20:15,번장 이벤트 사무용 주식 tm 메신저업무 컴퓨터 본체 최저가 !,,,desktop,N,,SALE,,,,,UNKNOWN
본체,번개장터,406401779,[번장1등 컴퓨터 풀셋트 본체]한정수량 초특가 이벤트 판매 합니다,285000,판매중,,https://media.bunjang.co.kr/product/406401779_1_1778065989_w{res}.jpg,https://m.bunjang.co.kr/products/406401779,2026-05-06 20:13,[번장1등 컴퓨터 풀셋트 본체]한정수량 초특가 이벤트 합니다,,,desktop,N,,SALE,,,,,UNKNOWN
본체,번개장터,406401695,에어팟 프로 2세대 C타입 본체만 상태 좋음,60000,판매중,,https://media.bunjang.co.kr/product/406401695_1_1778065972_w{res}.jpg,https://m.bunjang.co.kr/products/406401695,2026-05-06 20:12,에어팟 프로 2세대 c타입 본체만,애플,에어팟 프로,earphone,N,,SALE,,,,,UNKNOWN
본체,번개장터,348409763,에어팟프로2 8핀 본체,65000,판매중,,https://media.bunjang.co.kr/product/348409763_1_1762150328_w{res}.jpg,https://m.bunjang.co.kr/products/348409763,2026-05-06 20:12,에어팟프로2 8핀 본체,애플,에어팟 프로,earphone,N,,SALE,,,,,UNKNOWN
본체,번개장터,366859308,에어팟프로2 C타입 본체,65000,판매중,,https://media.bunjang.co.kr/product/366859308_1_1765594613_w{res}.jpg,https://m.bunjang.co.kr/products/366859308,2026-05-06 20:12,에어팟프로2 c타입 본체,애플,에어팟 프로,earphone,N,,SALE,,,,,UNKNOWN
본체,번개장터,351414429,에어팟프로2 C타입 본체,65000,판매중,,https://media.bunjang.co.kr/product/351414429_1_1765594625_w{res}.jpg,https://m.bunjang.co.kr/products/351414429,2026-05-06 20:11,에어팟프로2 c타입 본체,애플,에어팟 프로,earphone,N,,SALE,,,,,UNKNOWN
본체,번개장터,406302402,rtx 5080 라이젠 9800x3d 본체 판매합니다,3900000,판매중,,https://media.bunjang.co.kr/product/406302402_1_1778067732_w{res}.jpg,https://m.bunjang.co.kr/products/406302402,2026-05-06 20:06,rtx 5080 라이젠 9800x3d 본체,,,desktop,N,,SALE,RYZEN 9800X,RTX5080,,,UNKNOWN
본체,번개장터,406399053,플린돌 하이디 본체 판매,213000,판매중,,https://media.bunjang.co.kr/product/406399053_1_1778065295_w{res}.jpg,https://m.bunjang.co.kr/products/406399053,2026-05-06 20:01,플린돌 하이디 본체,,,desktop,N,,SALE,,,,,UNKNOWN
본체,번개장터,324559549,정비된 뷰게라 VG805VPLUS VG805V플러스 본체.,39000,판매중,,https://media.bunjang.co.kr/product/324559549_1_1761019398_w{res}.jpg,https://m.bunjang.co.kr/products/324559549,2026-05-06 19:58,정비된 뷰게라 vg805vplus vg805v플러스 본체.,,,desktop,N,,SALE,,,,,UNKNOWN
본체,번개장터,322493146,수리된 폰터스 와이드 R850DL 앞쪽 본체만.,48000,판매중,,https://media.bunjang.co.kr/product/322493146_1_1741834357_w{res}.jpg,https://m.bunjang.co.kr/products/322493146,2026-05-06 19:58,수리된 폰터스 와이드 r850dl 앞쪽 본체만.,,,SERVICE,Y,,SALE,,,,,UNKNOWN
본체,번개장터,283630186,정비된 만도 M1 앞쪽 본체만.,50000,판매중,,https://media.bunjang.co.kr/product/283630186_1_1723115977_w{res}.jpg,https://m.bunjang.co.kr/products/283630186,2026-05-06 19:58,정비된 만도 m1 앞쪽 본체만.,,,desktop,N,,SALE,,,,,UNKNOWN
본체,번개장터,283610571,정비된 효성컴퍼니 lead i K2+ 리드아이 k2+ 본체.,40000,판매중,,https://media.bunjang.co.kr/product/283610571_1_1723108202_w{res}.jpg,https://m.bunjang.co.kr/products/283610571,2026-05-06 19:58,정비된 효성컴퍼니 lead i k2+ 리드아이 k2+ 본체.,,,desktop,N,,SALE,,,,,UNKNOWN
본체,번개장터,283604591,정비된 다본다 비전 다본다 vision 앞쪽 본체만.,35000,판매중,,https://media.bunjang.co.kr/product/283604591_1_1737270522_w{res}.jpg,https://m.bunjang.co.kr/products/283604591,2026-05-06 19:58,정비된 다본다 비전 다본다 vision 앞쪽 본체만.,,,desktop,N,,SALE,,,,,UNKNOWN
본체,번개장터,322317374,정비된 지넷 GL200 앞쪽 본체만.,40000,판매중,,https://media.bunjang.co.kr/product/322317374_1_1764127046_w{res}.jpg,https://m.bunjang.co.kr/products/322317374,2026-05-06 19:57,정비된 지넷 gl200 앞쪽 본체만.,,,desktop,N,,SALE,,,,,UNKNOWN
본체,번개장터,320805831,수리된 아이머큐리 오닉스 에어 앞쪽 본체만.,48000,판매중,,https://media.bunjang.co.kr/product/320805831_1_1740999011_w{res}.jpg,https://m.bunjang.co.kr/products/320805831,2026-05-06 19:57,수리된 아이머큐리 오닉스 에어 앞쪽 본체만.,,,SERVICE,Y,,SALE,,,,,UNKNOWN
본체,번개장터,284315845,수리된 만도 BN500D 앞쪽 본체만.,49000,판매중,,https://media.bunjang.co.kr/product/284315845_1_1723512342_w{res}.jpg,https://m.bunjang.co.kr/products/284315845,2026-05-06 19:57,수리된 만도 bn500d 앞쪽 본체만.,,,SERVICE,Y,,SALE,,,,,UNKNOWN
본체,번개장터,284238390,정비된 아이나비 Z100 앞쪽 본체만.,40000,판매중,,https://media.bunjang.co.kr/product/284238390_1_1723458126_w{res}.jpg,https://m.bunjang.co.kr/products/284238390,2026-05-06 19:57,정비된 아이나비 z100 앞쪽 본체만.,,,desktop,N,,SALE,,,,,UNKNOWN
본체,번개장터,283887333,정비된 파인뷰 LX300 앞쪽 본체만.,30000,판매중,,https://media.bunjang.co.kr/product/283887333_1_1723269793_w{res}.jpg,https://m.bunjang.co.kr/products/283887333,2026-05-06 19:57,정비된 파인뷰 lx300 앞쪽 본체만.,,,desktop,N,,SALE,,,,,UNKNOWN
본체,번개장터,283785702,수리된 TNR T3 앞쪽 본체만.,48000,판매중,,https://media.bunjang.co.kr/product/283785702_1_1764552391_w{res}.jpg,https://m.bunjang.co.kr/products/283785702,2026-05-06 19:57,수리된 tnr t3 앞쪽 본체만.,,,SERVICE,Y,,SALE,,,,,UNKNOWN
본체,번개장터,283710927,정비된 지넷 M3 GNET M3 앞쪽 본체만.,30000,판매중,,https://media.bunjang.co.kr/product/283710927_1_1732188767_w{res}.jpg,https://m.bunjang.co.kr/products/283710927,2026-05-06 19:57,정비된 지넷 m3 gnet m3 앞쪽 본체만.,,,desktop,N,,SALE,,,,,UNKNOWN
본체,번개장터,283603445,MAGIC EYE VIEWER 매직아이뷰어 본체.,49000,판매중,,https://media.bunjang.co.kr/product/283603445_1_1748245763_w{res}.jpg,https://m.bunjang.co.kr/products/283603445,2026-05-06 19:57,magic eye viewer 매직아이뷰어 본체.,,,desktop,N,,SALE,,,,,UNKNOWN
본체,번개장터,283601455,정비된 블랙메가톤 BLACK MEGATON 앞쪽 본체만.,40000,판매중,,https://media.bunjang.co.kr/product/283601455_1_1771645692_w{res}.jpg,https://m.bunjang.co.kr/products/283601455,2026-05-06 19:57,정비된 블랙메가톤 black megaton 앞쪽 본체만.,,,desktop,N,,SALE,,,,,UNKNOWN
본체,번개장터,406397724,에어팟 프로2 8핀 라이트닝 본체 충전케이스 단품/중고,49900,판매중,,https://media.bunjang.co.kr/product/406397724_1_1778064943_w{res}.jpg,https://m.bunjang.co.kr/products/406397724,2026-05-06 19:55,에어팟 프로2 8핀 라이트닝 본체 충전케이스 단품/중고,애플,에어팟 프로,CASE,Y,,SALE,,,,,UNKNOWN
본체,번개장터,406397543,에어팟 3 본체,90000,판매중,,https://media.bunjang.co.kr/product/406397543_1_1778064893_w{res}.jpg,https://m.bunjang.co.kr/products/406397543,2026-05-06 19:54,에어팟 3 본체,애플,에어팟,earphone,N,,SALE,,,,,UNKNOWN
본체,번개장터,406397351,i5-9400f 1060 3g 게이밍본체,300000,판매중,,https://media.bunjang.co.kr/product/406397351_1_1778122138_w{res}.jpg,https://m.bunjang.co.kr/products/406397351,2026-05-06 19:54,i5-9400f 1060 3g 게이밍본체,,,desktop,N,,SALE,I5-9400F,,,,UNKNOWN
본체,번개장터,379409695,최저가 컴퓨터 pc 모음 컴퓨터 여기서 안전하게 구매하세요! 안산 본체,970000,판매중,,https://media.bunjang.co.kr/product/379409695_1_1767171545_w{res}.jpg,https://m.bunjang.co.kr/products/379409695,2026-05-06 19:51,최저가 컴퓨터 pc 모음 컴퓨터 여기서 안전하게 구매하세요! 안산 본체,,,desktop,N,,SALE,,,,,UNKNOWN
본체,번개장터,406396370,게이밍컴퓨터 게임용조립식 PC컴퓨터 본체추천 데스크탑중고,470000,판매중,,https://media.bunjang.co.kr/product/406396370_1_1778064587_w{res}.jpg,https://m.bunjang.co.kr/products/406396370,2026-05-06 19:49,게이밍컴퓨터 게임용조립식 pc컴퓨터 본체추천 데스크탑중고,,,desktop,N,,SALE,,,,,UNKNOWN
본체,번개장터,406396367,[번장1등 컴퓨터 풀셋트 본체]한정수량 초특가 이벤트 판매 합니다,285000,판매중,,https://media.bunjang.co.kr/product/406396367_1_1778064586_w{res}.jpg,https://m.bunjang.co.kr/products/406396367,2026-05-06 19:49,[번장1등 컴퓨터 풀셋트 본체]한정수량 초특가 이벤트 합니다,,,desktop,N,,SALE,,,,,UNKNOWN
본체,번개장터,293172374,TG 데스크탑 슬림 PC 사무용 본체 판매합니다.,80000,판매중,,https://media.bunjang.co.kr/product/293172374_1_1741778296_w{res}.jpg,https://m.bunjang.co.kr/products/293172374,2026-05-06 19:46,tg 데스크탑 슬림 pc 사무용 본체 .,,,desktop,N,,SALE,,,,,UNKNOWN
본체,번개장터,324661828,컴퓨터받침대 본체선반 거치대/ OUQ013,26000,판매중,,https://media.bunjang.co.kr/product/324661828_1_1764558478_w{res}.jpg,https://m.bunjang.co.kr/products/324661828,2026-05-06 19:43,컴퓨터받침대 본체선반 거치대/ ouq013,,,STAND,Y,,SALE,,,,,UNKNOWN
본체,번개장터,406394432,에어팟 프로2 C타입 본체 충전케이스 단품/중고,52900,판매중,,https://media.bunjang.co.kr/product/406394432_1_1778064062_w{res}.jpg,https://m.bunjang.co.kr/products/406394432,2026-05-06 19:41,에어팟 프로2 c타입 본체 충전케이스 단품/중고,애플,에어팟 프로,CASE,Y,,SALE,,,,,UNKNOWN
본체,번개장터,303623738,에어팟 프로 2 본체 (8핀),50000,판매중,,https://media.bunjang.co.kr/product/303623738_1_1763095970_w{res}.jpg,https://m.bunjang.co.kr/products/303623738,2026-05-06 19:35,에어팟 프로 2 본체 (8핀),애플,에어팟 프로,earphone,N,,SALE,,,,,UNKNOWN
본체,번개장터,406392492,반본체,2075000,판매중,,https://media.bunjang.co.kr/product/406392492_1_1778063577_w{res}.jpg,https://m.bunjang.co.kr/products/406392492,2026-05-06 19:32,반본체,,,desktop,N,,SALE,,,,,UNKNOWN
본체,번개장터,360226559,"삼성 컴퓨터 본체, 모니터",200000,판매중,,https://media.bunjang.co.kr/product/360226559_1_1759458697_w{res}.jpg,https://m.bunjang.co.kr/products/360226559,2026-05-06 19:30,"삼성 컴퓨터 본체, 모니터",,,desktop,N,,SALE,,,,,UNKNOWN
본체,번개장터,406391018,번장 이벤트 사무용 주식 TM 카톡업무 컴퓨터 본체 최저가 판매!,150000,판매중,,https://media.bunjang.co.kr/product/406391018_1_1778063184_w{res}.jpg,https://m.bunjang.co.kr/products/406391018,2026-05-06 19:26,번장 이벤트 사무용 주식 tm 카톡업무 컴퓨터 본체 최저가 !,,,desktop,N,,SALE,,,,,UNKNOWN
본체,번개장터,406390854,(미사용/새상품) 버즈2프로 퍼플/보라 본체(충전케이스) 이어폰 단품,52900,판매중,,https://media.bunjang.co.kr/product/406390854_1_1778063141_w{res}.jpg,https://m.bunjang.co.kr/products/406390854,2026-05-06 19:25,(미사용/) 버즈2프로 퍼플/보라 본체(충전케이스) 이어폰 단품,,,CASE,Y,,SALE,,,,,UNKNOWN
본체,번개장터,406389763,버즈2프로 화이트 본체(충전케이스) 단품/낱개/중고/삼성정품,46900,판매중,,https://media.bunjang.co.kr/product/406389763_1_1778062844_w{res}.jpg,https://m.bunjang.co.kr/products/406389763,2026-05-06 19:20,버즈2프로 화이트 본체(충전케이스) 단품/낱개/중고/삼성,,,CASE,Y,,SALE,,,,,UNKNOWN
본체,번개장터,406389215,[번장특판 컴퓨터 이벤트]RTX 3060TI 모음 본체 최저가 한정수량,720000,판매중,,https://media.bunjang.co.kr/product/406389215_1_1778062701_w{res}.jpg,https://m.bunjang.co.kr/products/406389215,2026-05-06 19:18,[번장특판 컴퓨터 이벤트]rtx 3060ti 모음 본체 최저가 한정수량,,,desktop,N,,SALE,,RTX3060TI,,,MID
본체,번개장터,406388929,삼성 슬림 PC 컴퓨터 본체 케이스,30000,판매중,,https://media.bunjang.co.kr/product/406388929_1_1778196100_w{res}.jpg,https://m.bunjang.co.kr/products/406388929,2026-05-06 19:16,삼성 슬림 pc 컴퓨터 본체 케이스,,,CASE,Y,,SALE,,,,,UNKNOWN
본체,번개장터,206818940,대구조립컴퓨터 i5 4590 16G 1060 신품케 게이밍 PC 본체,352000,판매중,,https://media.bunjang.co.kr/product/206818940_1_1770039743_w{res}.jpg,https://m.bunjang.co.kr/products/206818940,2026-05-06 19:09,대구조립컴퓨터 i5 4590 16g 1060 신품케 게이밍 pc 본체,,,desktop,N,,SALE,I5 4590,,,,UNKNOWN
본체,번개장터,406386299,버즈2프로 블랙/그라파이트 본체(충전케이스) 단품/낱개/중고/정품,46900,판매중,,https://media.bunjang.co.kr/product/406386299_1_1778061945_w{res}.jpg,https://m.bunjang.co.kr/products/406386299,2026-05-06 19:05,버즈2프로 블랙/그라파이트 본체(충전케이스) 단품/낱개/중고/,,,CASE,Y,,SALE,,,,,UNKNOWN
본체,번개장터,406385648,[번장특판 컴퓨터 이벤트]RTX 3060TI 모음 본체 최저가 한정수량,720000,판매중,,https://media.bunjang.co.kr/product/406385648_1_1778061781_w{res}.jpg,https://m.bunjang.co.kr/products/406385648,2026-05-06 19:03,[번장특판 컴퓨터 이벤트]rtx 3060ti 모음 본체 최저가 한정수량,,,desktop,N,,SALE,,RTX3060TI,,,MID
본체,번개장터,349651480,에어팟 2세대 본체,30000,판매중,,https://media.bunjang.co.kr/product/349651480_1_1754703749_w{res}.jpg,https://m.bunjang.co.kr/products/349651480,2026-05-06 18:54,에어팟 2세대 본체,애플,에어팟 2세대,earphone,N,,SALE,,,,,UNKNOWN
본체,번개장터,406382738,버즈3 화이트 본체(충전케이스) 단품/낱개/중고/삼성정품,63900,판매중,,https://media.bunjang.co.kr/product/406382738_1_1778061048_w{res}.jpg,https://m.bunjang.co.kr/products/406382738,2026-05-06 18:50,버즈3 화이트 본체(충전케이스) 단품/낱개/중고/삼성,,,CASE,Y,,SALE,,,,,UNKNOWN
본체,번개장터,406382664,미니 블랙 캐리어 버즈프로3캐이스 본체,60000,판매중,,https://media.bunjang.co.kr/product/406382664_1_1778061032_w{res}.jpg,https://m.bunjang.co.kr/products/406382664,2026-05-06 18:50,미니 블랙 캐리어 버즈프로3캐이스 본체,,,desktop,N,,SALE,,,,,UNKNOWN
본체,번개장터,406382551,[번장1등 컴퓨터 풀셋트 본체]한정수량 초특가 이벤트 판매 합니다,285000,판매중,,https://media.bunjang.co.kr/product/406382551_1_1778060999_w{res}.jpg,https://m.bunjang.co.kr/products/406382551,2026-05-06 18:49,[번장1등 컴퓨터 풀셋트 본체]한정수량 초특가 이벤트 합니다,,,desktop,N,,SALE,,,,,UNKNOWN
본체,번개장터,200369541,컴퓨터관련 문의 (견적 및 오버클럭) 배그,20000,판매중,,https://media.bunjang.co.kr/product/200369541_1_1771507320_w{res}.jpg,https://m.bunjang.co.kr/products/200369541,2026-05-06 18:45,컴퓨터관련 문의 (견적 및 오버클럭) 배그,,,desktop,N,,SALE,,,,,UNKNOWN
본체,번개장터,406380288,번장 이벤트 사무용 주식 TM 카톡업무 컴퓨터 본체 최저가 판매!,150000,판매중,,https://media.bunjang.co.kr/product/406380288_1_1778060377_w{res}.jpg,https://m.bunjang.co.kr/products/406380288,2026-05-06 18:39,번장 이벤트 사무용 주식 tm 카톡업무 컴퓨터 본체 최저가 !,,,desktop,N,,SALE,,,,,UNKNOWN
본체,번개장터,406379879,번장1위컴퓨터!최저가pc비교불가!!컴퓨터pc본체데스크탑조립식컴퓨터사무용,270000,판매중,,https://media.bunjang.co.kr/product/406379879_1_1778060270_w{res}.jpg,https://m.bunjang.co.kr/products/406379879,2026-05-06 18:37,번장1위컴퓨터!최저가pc비교불가!!컴퓨터pc본체데스크탑조립식컴퓨터사무용,,,desktop,N,,SALE,,,,,UNKNOWN
본체,번개장터,406379835,버즈 FE 본체 (택배비포함),33700,판매중,,https://media.bunjang.co.kr/product/406379835_1_1778064360_w{res}.jpg,https://m.bunjang.co.kr/products/406379835,2026-05-06 18:37,버즈 fe 본체 (비포함),,,desktop,N,,SALE,,,,,UNKNOWN
본체,번개장터,406379470,버즈3 실버 본체(충전케이스) 단품/낱개/중고/삼성정품,63900,판매중,,https://media.bunjang.co.kr/product/406379470_1_1778060164_w{res}.jpg,https://m.bunjang.co.kr/products/406379470,2026-05-06 18:36,버즈3 실버 본체(충전케이스) 단품/낱개/중고/삼성,,,CASE,Y,,SALE,,,,,UNKNOWN
본체,번개장터,356651485,희소품 빈티지 캐논 익시 i APS 필름 카메라 본체+필름 일괄,99000,판매중,,https://media.bunjang.co.kr/product/356651485_1_1777510331_w{res}.jpg,https://m.bunjang.co.kr/products/356651485,2026-05-06 18:32,희소품 빈티지 캐논 익시 i aps 필름 카메라 본체+필름 일괄,,,FILM,Y,,SALE,,,,,UNKNOWN
본체,번개장터,404826764,(내용필독) 로보락 s8 pro ultra 청소기 본체만,290000,판매중,,https://media.bunjang.co.kr/product/404826764_1_1777468490_w{res}.jpg,https://m.bunjang.co.kr/products/404826764,2026-05-06 18:29,(내용필독) 로보락 s8 pro ultra 청소기 본체만,,,desktop,N,,SALE,,,,,UNKNOWN
본체,번개장터,403292775,"급처 / 게이밍 PC 본체 (피파,옵치,발로란트)",450000,판매중,,https://media.bunjang.co.kr/product/403292775_1_1778084170_w{res}.jpg,https://m.bunjang.co.kr/products/403292775,2026-05-06 18:26,"/ 게이밍 pc 본체 (피파,옵치,발로란트)",,,desktop,N,,SALE,,,,,UNKNOWN
본체,번개장터,406377064,게이밍 게임용 조립식PC 컴퓨터추천 데스크탑 중고컴퓨터본체,420000,판매중,,https://media.bunjang.co.kr/product/406377064_1_1778059523_w{res}.jpg,https://m.bunjang.co.kr/products/406377064,2026-05-06 18:25,게이밍 게임용 조립식pc 컴퓨터추천 데스크탑 중고컴퓨터본체,,,desktop,N,,SALE,,,,,UNKNOWN
본체,번개장터,406376237,번장 이벤트 사무용 주식 TM 메신저업무 컴퓨터 본체 최저가 판매!,150000,판매중,,https://media.bunjang.co.kr/product/406376237_1_1778059297_w{res}.jpg,https://m.bunjang.co.kr/products/406376237,2026-05-06 18:21,번장 이벤트 사무용 주식 tm 메신저업무 컴퓨터 본체 최저가 !,,,desktop,N,,SALE,,,,,UNKNOWN
본체,번개장터,406376107,(새제품)버즈3 화이트 본체(충전케이스) 단품/낱개/삼성정품,67900,판매중,,https://media.bunjang.co.kr/product/406376107_1_1778059263_w{res}.jpg,https://m.bunjang.co.kr/products/406376107,2026-05-06 18:21,(새제품)버즈3 화이트 본체(충전케이스) 단품/낱개/삼성,,,CASE,Y,,SALE,,,,,UNKNOWN
본체,번개장터,406374990,[번장특판 컴퓨터 이벤트]RTX 3060TI 모음 본체 최저가 한정수량,720000,판매중,,https://media.bunjang.co.kr/product/406374990_1_1778058975_w{res}.jpg,https://m.bunjang.co.kr/products/406374990,2026-05-06 18:16,[번장특판 컴퓨터 이벤트]rtx 3060ti 모음 본체 최저가 한정수량,,,desktop,N,,SALE,,RTX3060TI,,,MID
본체,번개장터,406374348,게임전용 조립PC 조립식컴퓨터 본체가격 게이밍,780000,판매중,,https://media.bunjang.co.kr/product/406374348_1_1778058804_w{res}.jpg,https://m.bunjang.co.kr/products/406374348,2026-05-06 18:13,게임전용 조립pc 조립식컴퓨터 본체가격 게이밍,,,desktop,N,,SALE,,,,,UNKNOWN
본체,번개장터,406372565,"[리니지 클래식 컴퓨터, 아이온 본체. 수량 및 소량 납품 전문]",170000,판매중,,https://media.bunjang.co.kr/product/406372565_1_1778058353_w{res}.jpg,https://m.bunjang.co.kr/products/406372565,2026-05-06 18:05,"[리니지 클래식 컴퓨터, 아이온 본체. 수량 및 소량 납품 전문]",,,desktop,N,,SALE,,,,,UNKNOWN
본체,번개장터,406372544,(새제품)버즈3 실버 본체(충전케이스) 단품/낱개/정품,67900,판매중,,https://media.bunjang.co.kr/product/406372544_1_1778058350_w{res}.jpg,https://m.bunjang.co.kr/products/406372544,2026-05-06 18:05,(새제품)버즈3 실버 본체(충전케이스) 단품/낱개/,,,CASE,Y,,SALE,,,,,UNKNOWN
본체,번개장터,405607556,인텔 i5-7600  RTX 1660 6g  게이밍PC 본체 판매,440000,판매중,,https://media.bunjang.co.kr/product/405607556_1_1778058314_w{res}.jpg,https://m.bunjang.co.kr/products/405607556,2026-05-06 18:05,인텔 i5-7600 rtx 1660 6g 게이밍pc 본체,,,desktop,N,,SALE,I5-7600,RTX1660,,,UNKNOWN
본체,번개장터,405676421,7800x3d 4080s 구성 게이밍 컴퓨터 본체 pc,2600000,판매중,,https://media.bunjang.co.kr/product/405676421_1_1777817172_w{res}.jpg,https://m.bunjang.co.kr/products/405676421,2026-05-06 18:04,7800x3d 4080s 구성 게이밍 컴퓨터 본체 pc,,,desktop,N,,SALE,,,,,UNKNOWN
본체,번개장터,395456851,터치인솔 글로우 에어쿠션 21C (리필+본체),28000,판매중,,https://media.bunjang.co.kr/product/395456851_1_1777281081_w{res}.jpg,https://m.bunjang.co.kr/products/395456851,2026-05-06 18:02,터치인솔 글로우 에어쿠션 21c (리필+본체),,,desktop,N,,SALE,,,,,UNKNOWN
본체,번개장터,406370774,10400f RTX2060 중고게임용본체 조립PC 데스크탑 게이밍컴퓨터,630000,판매중,,https://media.bunjang.co.kr/product/406370774_1_1778057895_w{res}.jpg,https://m.bunjang.co.kr/products/406370774,2026-05-06 17:58,10400f rtx2060 중고게임용본체 조립pc 데스크탑 게이밍컴퓨터,,,desktop,N,,SALE,,RTX2060,,,MID
본체,번개장터,406369552,[번장1등 컴퓨터 풀셋트 본체]한정수량 초특가 이벤트 판매 합니다,285000,판매중,,https://media.bunjang.co.kr/product/406369552_1_1778057572_w{res}.jpg,https://m.bunjang.co.kr/products/406369552,2026-05-06 17:52,[번장1등 컴퓨터 풀셋트 본체]한정수량 초특가 이벤트 합니다,,,desktop,N,,SALE,,,,,UNKNOWN
본체,번개장터,406368986,에어팟4 노캔 가능 본체,45000,판매중,,https://media.bunjang.co.kr/product/406368986_1_1778057416_w{res}.jpg,https://m.bunjang.co.kr/products/406368986,2026-05-06 17:50,에어팟4 노캔 가능 본체,애플,에어팟,earphone,N,,SALE,,,,,UNKNOWN
본체,번개장터,406367104,I5 게임용게이밍 조립pc 컴퓨터본체 데스크탑 사무용,420000,판매중,,https://media.bunjang.co.kr/product/406367104_1_1778056955_w{res}.jpg,https://m.bunjang.co.kr/products/406367104,2026-05-06 17:42,i5 게임용게이밍 조립pc 컴퓨터본체 데스크탑 사무용,,,desktop,N,,SALE,,,,,UNKNOWN
본체,번개장터,406364502,"게이밍 게임용컴퓨터, 중고 조립식컴퓨터, 컴퓨터본체",470000,판매중,,https://media.bunjang.co.kr/product/406364502_1_1778056331_w{res}.jpg,https://m.bunjang.co.kr/products/406364502,2026-05-06 17:32,"게이밍 게임용컴퓨터, 중고 조립식컴퓨터, 컴퓨터본체",,,desktop,N,,SALE,,,,,UNKNOWN
본체,번개장터,406364312,"사무용,게임용 조립식PC 컴퓨터추천 데스크탑 중고컴퓨터본체 피파서든배그",180000,판매중,,https://media.bunjang.co.kr/product/406364312_1_1778056291_w{res}.jpg,https://m.bunjang.co.kr/products/406364312,2026-05-06 17:31,"사무용,게임용 조립식pc 컴퓨터추천 데스크탑 중고컴퓨터본체 피파서든배그",,,desktop,N,,SALE,,,,,UNKNOWN
본체,번개장터,262011393,[특별할인판매] RTX 2060 인기 그래픽 할인 가격으로 팝니다 컴퓨터,1130000,판매중,,https://media.bunjang.co.kr/product/262011393_1_1776498706_w{res}.jpg,https://m.bunjang.co.kr/products/262011393,2026-05-06 17:31,[특별할인] rtx 2060 인기 그래픽 할인 가격으로 컴퓨터,,,desktop,N,,SALE,,RTX2060,,,MID
본체,번개장터,406363797,[번장1등 컴퓨터 풀셋트 본체]한정수량 초특가 이벤트 판매 합니다,285000,판매중,,https://media.bunjang.co.kr/product/406363797_1_1778056169_w{res}.jpg,https://m.bunjang.co.kr/products/406363797,2026-05-06 17:29,[번장1등 컴퓨터 풀셋트 본체]한정수량 초특가 이벤트 합니다,,,desktop,N,,SALE,,,,,UNKNOWN
본체,번개장터,386138173,[레트로게임] 슈퍼패미컴 본체 박스포함 + 컨트롤러 2개 + 게임 다수,183000,판매중,,https://media.bunjang.co.kr/product/386138173_1_1778056847_w{res}.jpg,https://m.bunjang.co.kr/products/386138173,2026-05-06 17:28,[레트로게임] 슈퍼패미컴 본체 박스포함 + 컨트롤러 2개 + 게임 다수,,,BOX,Y,,SALE,,,,,UNKNOWN
본체,번개장터,406362703,[번장특판 컴퓨터 이벤트]RTX 3060TI 모음 본체 최저가 한정수량,720000,판매중,,https://media.bunjang.co.kr/product/406362703_1_1778055895_w{res}.jpg,https://m.bunjang.co.kr/products/406362703,2026-05-06 17:24,[번장특판 컴퓨터 이벤트]rtx 3060ti 모음 본체 최저가 한정수량,,,desktop,N,,SALE,,RTX3060TI,,,MID
본체,번개장터,406362214,rtx2060 게이밍본체,500000,판매중,,https://media.bunjang.co.kr/product/406362214_1_1778055771_w{res}.jpg,https://m.bunjang.co.kr/products/406362214,2026-05-06 17:22,rtx2060 게이밍본체,,,desktop,N,,SALE,,RTX2060,,,MID
본체,번개장터,406361545,가성비 사무용컴퓨터! 조립식PC 중고컴퓨터 데스크탑 컴퓨터본체 추천부품,180000,판매중,,https://media.bunjang.co.kr/product/406361545_1_1778055607_w{res}.jpg,https://m.bunjang.co.kr/products/406361545,2026-05-06 17:20,가성비 사무용컴퓨터! 조립식pc 중고컴퓨터 데스크탑 컴퓨터본체 추천부품,,,PARTS,Y,,SALE,,,,,UNKNOWN
본체,번개장터,393648998,무선 전동 10mm 라쳇 본체,45000,판매중,,https://media.bunjang.co.kr/product/393648998_1_1772956086_w{res}.jpg,https://m.bunjang.co.kr/products/393648998,2026-05-06 17:18,무선 전동 10mm 라쳇 본체,,,desktop,N,,SALE,,,,,UNKNOWN
본체,번개장터,396986611,무선 납땜기 인두기 본체 ---- 마끼다배터리 호환,35000,판매중,,https://media.bunjang.co.kr/product/396986611_1_1774263473_w{res}.jpg,https://m.bunjang.co.kr/products/396986611,2026-05-06 17:18,무선 납땜기 인두기 본체 ---- 마끼다배터리 호환,,,desktop,N,,SALE,,,,,UNKNOWN
본체,번개장터,373474902,무선 송풍기 본체,50000,판매중,,https://media.bunjang.co.kr/product/373474902_1_1770371397_w{res}.jpg,https://m.bunjang.co.kr/products/373474902,2026-05-06 17:18,무선 송풍기 본체,,,desktop,N,,SALE,,,,,UNKNOWN
본체,번개장터,406030208,소니 Sony CDP ej002 화이트 색상 본체,79000,판매중,,https://media.bunjang.co.kr/product/406030208_1_1778053193_w{res}.jpg,https://m.bunjang.co.kr/products/406030208,2026-05-06 17:18,소니 sony cdp ej002 화이트 색상 본체,,,desktop,N,,SALE,,,,,UNKNOWN
본체,번개장터,385318907,에어팟 2세대 무선 본체 팝니디,11000,판매중,,https://media.bunjang.co.kr/product/385318907_1_1769564209_w{res}.jpg,https://m.bunjang.co.kr/products/385318907,2026-05-06 17:17,에어팟 2세대 무선 본체 팝니디,애플,에어팟 2세대,earphone,N,,SALE,,,,,UNKNOWN
본체,번개장터,406178317,인텔 i5 9400f gtx1660super 컴퓨터 본체,480000,판매중,,https://media.bunjang.co.kr/product/406178317_1_1777982033_w{res}.jpg,https://m.bunjang.co.kr/products/406178317,2026-05-06 17:11,인텔 i5 9400f gtx1660super 컴퓨터 본체,,,desktop,N,,SALE,I5 9400F,GTX1660,,,LOW
본체,번개장터,404014477,라이젠 9600x rtx5060 컴퓨터 본체,1645000,예약중,,https://media.bunjang.co.kr/product/404014477_1_1777139951_w{res}.jpg,https://m.bunjang.co.kr/products/404014477,2026-05-06 17:10,라이젠 9600x rtx5060 컴퓨터 본체,,,desktop,N,,RESERVED,RYZEN 9600X,RTX5060,,,UNKNOWN
본체,번개장터,400698228,"닌텐도 스위치 정품 독, 충전기, 본체 등 구매합니다.",100000,판매중,,https://media.bunjang.co.kr/product/400698228_1_1775820377_w{res}.jpg,https://m.bunjang.co.kr/products/400698228,2026-05-06 17:10,"닌텐도 스위치 독, 충전기, 본체 등 .",,,CHARGER,Y,,SALE,,,,,UNKNOWN
본체,번개장터,393542973,인천 시흥 고사양 새상품 본체 rtx5070 32gb램 2테라 nvme,2490000,판매중,,https://media.bunjang.co.kr/product/393542973_1_1778054832_w{res}.jpg,https://m.bunjang.co.kr/products/393542973,2026-05-06 17:06,인천 시흥 고사양 본체 rtx5070 32gb램 2테라 nvme,,,desktop,N,32.0,SALE,,RTX5070,32.0,,UNKNOWN
본체,번개장터,406358079,번장 이벤트 사무용 주식 TM 카톡업무 컴퓨터 본체 최저가 판매!,150000,판매중,,https://media.bunjang.co.kr/product/406358079_1_1778054767_w{res}.jpg,https://m.bunjang.co.kr/products/406358079,2026-05-06 17:06,번장 이벤트 사무용 주식 tm 카톡업무 컴퓨터 본체 최저가 !,,,desktop,N,,SALE,,,,,UNKNOWN
본체,번개장터,206178722,보쉬 GDX18V200 충전임팩트 드라이버렌치겸용베어툴(본체),120000,판매중,,https://media.bunjang.co.kr/product/206178722_1_1767920346_w{res}.jpg,https://m.bunjang.co.kr/products/206178722,2026-05-06 17:04,보쉬 gdx18v200 충전임팩트 드라이버렌치겸용베어툴(본체),,,desktop,N,,SALE,,,,,UNKNOWN
본체,번개장터,406357529,I5 4690 가성비 사무용중고컴퓨터 컴퓨터본체 부품,180000,판매중,,https://media.bunjang.co.kr/product/406357529_1_1778054625_w{res}.jpg,https://m.bunjang.co.kr/products/406357529,2026-05-06 17:03,i5 4690 가성비 사무용중고컴퓨터 컴퓨터본체 부품,,,PARTS,Y,,SALE,I5 4690,,,,UNKNOWN
본체,번개장터,388899673,MSI 지포스 RTX5070 게이밍 PC 본체 32gb 급처,2080500,판매중,,https://media.bunjang.co.kr/product/388899673_1_1776437022_w{res}.jpg,https://m.bunjang.co.kr/products/388899673,2026-05-06 17:02,msi 지포스 rtx5070 게이밍 pc 본체 32gb,,,desktop,N,32.0,SALE,,RTX5070,,,UNKNOWN
본체,번개장터,386190400,rtx5070초고사양 32gb수랭쿨러 컴퓨터본체 급처 (아직안팔림),2080500,판매중,,https://media.bunjang.co.kr/product/386190400_1_1776437014_w{res}.jpg,https://m.bunjang.co.kr/products/386190400,2026-05-06 17:02,rtx5070초고사양 32gb수랭쿨러 컴퓨터본체 (아직안팔림),,,PARTS,Y,32.0,SALE,,RTX5070,,,UNKNOWN
본체,번개장터,406355972,[번장1등 컴퓨터 풀셋트 본체]한정수량 초특가 이벤트 판매 합니다,285000,판매중,,https://media.bunjang.co.kr/product/406355972_1_1778054193_w{res}.jpg,https://m.bunjang.co.kr/products/406355972,2026-05-06 16:56,[번장1등 컴퓨터 풀셋트 본체]한정수량 초특가 이벤트 합니다,,,desktop,N,,SALE,,,,,UNKNOWN
본체,번개장터,406354917,DJI 드론 본체(mini 3 pro) + rc 리모컨,610000,판매중,,https://media.bunjang.co.kr/product/406354917_1_1778053914_w{res}.jpg,https://m.bunjang.co.kr/products/406354917,2026-05-06 16:51,dji 드론 본체(mini 3 pro) + rc 리모컨,,,desktop,N,,SALE,,,,,UNKNOWN
본체,번개장터,406354377,에어팟 4세대 노캔 가능 본체,60000,판매중,,https://media.bunjang.co.kr/product/406354377_1_1778208427_w{res}.jpg,https://m.bunjang.co.kr/products/406354377,2026-05-06 16:49,에어팟 4세대 노캔 가능 본체,애플,에어팟,earphone,N,,SALE,,,,,UNKNOWN
본체,번개장터,403255991,Lenovo ThinkCentre i5 4세대 미니본체 8g 128ssd,160000,예약중,,https://media.bunjang.co.kr/product/403255991_1_1778131636_w{res}.jpg,https://m.bunjang.co.kr/products/403255991,2026-05-06 16:48,lenovo thinkcentre i5 4세대 미니본체 8g 128ssd,,,desktop,N,,RESERVED,,,,,UNKNOWN
본체,번개장터,406353155,포멕스 e600 조명 풀세트 (본체+스탠드+소프트박스+동조기),200000,판매중,,https://media.bunjang.co.kr/product/406353155_1_1778053458_w{res}.jpg,https://m.bunjang.co.kr/products/406353155,2026-05-06 16:44,포멕스 e600 조명 풀세트 (본체+스탠드+소프트박스+동조기),,,BOX,Y,,SALE,,,,,UNKNOWN
본체,번개장터,406352778,[번장특판 컴퓨터 이벤트]RTX 3060TI 모음 본체 최저가 한정수량,720000,판매중,,https://media.bunjang.co.kr/product/406352778_1_1778053364_w{res}.jpg,https://m.bunjang.co.kr/products/406352778,2026-05-06 16:42,[번장특판 컴퓨터 이벤트]rtx 3060ti 모음 본체 최저가 한정수량,,,desktop,N,,SALE,,RTX3060TI,,,MID
본체,번개장터,369692277,신품 전주컴퓨터 라이젠5600 RTX5060 게이밍 본체,1350000,판매중,,https://media.bunjang.co.kr/product/369692277_1_1771388100_w{res}.jpg,https://m.bunjang.co.kr/products/369692277,2026-05-06 16:38,신품 전주컴퓨터 라이젠5600 rtx5060 게이밍 본체,,,desktop,N,,SALE,RYZEN5600,RTX5060,,,UNKNOWN
본체,번개장터,406351593,인텔 I5 사무용컴퓨터본체 추가 게이밍컴퓨터 사용가능,180000,판매중,,https://media.bunjang.co.kr/product/406351593_1_1778053066_w{res}.jpg,https://m.bunjang.co.kr/products/406351593,2026-05-06 16:37,인텔 i5 사무용컴퓨터본체 추가 게이밍컴퓨터 사용가능,,,desktop,N,,SALE,,,,,UNKNOWN
본체,번개장터,406351033,사무용컴퓨터 pc 조립식사무용컴퓨터 본체 중고컴퓨터,180000,판매중,,https://media.bunjang.co.kr/product/406351033_1_1778052927_w{res}.jpg,https://m.bunjang.co.kr/products/406351033,2026-05-06 16:35,사무용컴퓨터 pc 조립식사무용컴퓨터 본체 중고컴퓨터,,,desktop,N,,SALE,,,,,UNKNOWN
본체,번개장터,206308281,(새제품)인텔 울트라7 265 RTX5060.개인본체.영상편집.게이밍,1770000,판매중,,https://media.bunjang.co.kr/product/206308281_1_1776846201_w{res}.jpg,https://m.bunjang.co.kr/products/206308281,2026-05-06 16:28,(새제품)인텔 울트라7 265 rtx5060.개인본체.영상편집.게이밍,,,desktop,N,,SALE,,RTX5060,,,UNKNOWN
본체,번개장터,406349376,번장 이벤트 사무용 주식 TM 메신저업무 컴퓨터 본체 최저가 판매!,150000,판매중,,https://media.bunjang.co.kr/product/406349376_1_1778052491_w{res}.jpg,https://m.bunjang.co.kr/products/406349376,2026-05-06 16:28,번장 이벤트 사무용 주식 tm 메신저업무 컴퓨터 본체 최저가 !,,,desktop,N,,SALE,,,,,UNKNOWN
본체,번개장터,406348639,사무용부터게임용까지 조립식PC 컴퓨터추천 데스크탑 중고컴퓨터본체,500000,판매중,,https://media.bunjang.co.kr/product/406348639_1_1778052295_w{res}.jpg,https://m.bunjang.co.kr/products/406348639,2026-05-06 16:24,사무용부터게임용까지 조립식pc 컴퓨터추천 데스크탑 중고컴퓨터본체,,,desktop,N,,SALE,,,,,UNKNOWN
본체,번개장터,406348599,버즈 프로 1세대 본체 블랙 퍼플 그레이,29000,판매중,,https://media.bunjang.co.kr/product/406348599_1_1778052285_w{res}.jpg,https://m.bunjang.co.kr/products/406348599,2026-05-06 16:24,버즈 프로 1세대 본체 블랙 퍼플 그레이,,,desktop,N,,SALE,,,,,UNKNOWN
본체,번개장터,396933249,"고장 부품용도<액정,키보드,보드정상>i7 2세대 반본체  판매",29000,판매중,,https://media.bunjang.co.kr/product/396933249_1_1777191576_w{res}.jpg,https://m.bunjang.co.kr/products/396933249,2026-05-06 16:19,"고장 부품용도<액정,키보드,보드정상>i7 2세대 반본체",,,PARTS,Y,,SALE,,,,,UNKNOWN
본체,번개장터,406347394,번장 이벤트 사무용 주식 TM 카톡업무 컴퓨터 본체 최저가 판매!,150000,판매중,,https://media.bunjang.co.kr/product/406347394_1_1778051961_w{res}.jpg,https://m.bunjang.co.kr/products/406347394,2026-05-06 16:19,번장 이벤트 사무용 주식 tm 카톡업무 컴퓨터 본체 최저가 !,,,desktop,N,,SALE,,,,,UNKNOWN
본체,번개장터,370514981,모모꼬 - 팻웍스 02PL 풀셋(본체미개봉),290000,판매중,,https://media.bunjang.co.kr/product/370514981_1_1763624302_w{res}.jpg,https://m.bunjang.co.kr/products/370514981,2026-05-06 16:18,모모꼬 - 팻웍스 02pl 풀셋(본체),,,desktop,N,,SALE,,,,,UNKNOWN
본체,번개장터,406344300,ps2  게임 본체 일괄판매,2800000,판매중,,https://media.bunjang.co.kr/product/406344300_1_1778136474_w{res}.jpg,https://m.bunjang.co.kr/products/406344300,2026-05-06 16:05,ps2 게임 본체 일괄,,,desktop,N,,SALE,,,,,UNKNOWN
본체,번개장터,318997108,"에어팟프로2세대 본체, 적은사용, 라이트닝, NC7~",38100,판매중,,https://media.bunjang.co.kr/product/318997108_1_1778050908_w{res}.jpg,https://m.bunjang.co.kr/products/318997108,2026-05-06 16:01,"에어팟프로2세대 본체, 적은사용, 라이트닝, nc7~",애플,에어팟 프로,earphone,N,,SALE,,,,,UNKNOWN
본체,번개장터,318470690,"에어팟프로1세대 본체, GX6H~, A2190",28100,판매중,,https://media.bunjang.co.kr/product/318470690_1_1778050919_w{res}.jpg,https://m.bunjang.co.kr/products/318470690,2026-05-06 16:01,"에어팟프로1세대 본체, gx6h~, a2190",애플,에어팟 프로,earphone,N,,SALE,,,,,UNKNOWN
본체,번개장터,406343015,가성비 인텔I5 엔비디아 RTX3060 게이밍컴퓨터본체,750000,판매중,,https://media.bunjang.co.kr/product/406343015_1_1778050781_w{res}.jpg,https://m.bunjang.co.kr/products/406343015,2026-05-06 15:59,가성비 인텔i5 엔비디아 rtx3060 게이밍컴퓨터본체,,,desktop,N,,SALE,,RTX3060,,,MID
본체,번개장터,292986419,"에어팟2세대 본체, 적은사용, GRJZ~, A1602",13000,판매중,,https://media.bunjang.co.kr/product/292986419_1_1778141377_w{res}.jpg,https://m.bunjang.co.kr/products/292986419,2026-05-06 15:58,"에어팟2세대 본체, 적은사용, grjz~, a1602",애플,에어팟 2세대,earphone,N,,SALE,,,,,UNKNOWN
본체,번개장터,360255527,"버즈1세대 왼쪽+본체, 음질A급, 블랙, SM-R170(64F4)",18100,판매중,,https://media.bunjang.co.kr/product/360255527_1_1778050695_w{res}.jpg,https://m.bunjang.co.kr/products/360255527,2026-05-06 15:58,"버즈1세대 왼쪽+본체, 음질a급, 블랙, sm-r170(64f4)",,,desktop,N,,SALE,,,,,UNKNOWN
본체,번개장터,276630575,"버즈2세대 본체, 화이트, SM-R177(#7)",16100,판매중,,https://media.bunjang.co.kr/product/276630575_1_1778050700_w{res}.jpg,https://m.bunjang.co.kr/products/276630575,2026-05-06 15:58,"버즈2세대 본체, 화이트, sm-r177(#7)",,,desktop,N,,SALE,,,,,UNKNOWN
본체,번개장터,406342183,[번장특판 컴퓨터 이벤트]RTX 3060TI 모음 본체 최저가 한정수량,720000,판매중,,https://media.bunjang.co.kr/product/406342183_1_1778050558_w{res}.jpg,https://m.bunjang.co.kr/products/406342183,2026-05-06 15:55,[번장특판 컴퓨터 이벤트]rtx 3060ti 모음 본체 최저가 한정수량,,,desktop,N,,SALE,,RTX3060TI,,,MID
본체,번개장터,406342051,GTX 1050Ti 게이밍 PC 본체,330000,판매중,,https://media.bunjang.co.kr/product/406342051_1_1778050521_w{res}.jpg,https://m.bunjang.co.kr/products/406342051,2026-05-06 15:55,gtx 1050ti 게이밍 pc 본체,,,desktop,N,,SALE,,GTX1050TI,,,LOW
본체,번개장터,404681692,에어팟 프로3 본체,100000,판매중,,https://media.bunjang.co.kr/product/404681692_1_1777745464_w{res}.jpg,https://m.bunjang.co.kr/products/404681692,2026-05-06 15:51,에어팟 프로3 본체,애플,에어팟 프로,earphone,N,,SALE,,,,,UNKNOWN
본체,번개장터,406340521,스팀덱 본체 + 케이스 64G,373000,판매중,,https://media.bunjang.co.kr/product/406340521_1_1778050106_w{res}.jpg,https://m.bunjang.co.kr/products/406340521,2026-05-06 15:48,스팀덱 본체 + 케이스 64g,,,CASE,Y,,SALE,,,,,UNKNOWN
본체,번개장터,406338904,"게이밍 게임용컴퓨터, 중고 조립식컴퓨터 i5 컴퓨터본체",470000,판매중,,https://media.bunjang.co.kr/product/406338904_1_1778049681_w{res}.jpg,https://m.bunjang.co.kr/products/406338904,2026-05-06 15:41,"게이밍 게임용컴퓨터, 중고 조립식컴퓨터 i5 컴퓨터본체",,,desktop,N,,SALE,,,,,UNKNOWN
본체,번개장터,406336907,[번장1등 컴퓨터 풀셋트 본체]한정수량 초특가 이벤트 판매 합니다,285000,판매중,,https://media.bunjang.co.kr/product/406336907_1_1778049155_w{res}.jpg,https://m.bunjang.co.kr/products/406336907,2026-05-06 15:32,[번장1등 컴퓨터 풀셋트 본체]한정수량 초특가 이벤트 합니다,,,desktop,N,,SALE,,,,,UNKNOWN
본체,번개장터,406336688,[번장특판 컴퓨터 이벤트]RTX 3060TI 모음 본체 최저가 한정수량,720000,판매중,,https://media.bunjang.co.kr/product/406336688_1_1778049089_w{res}.jpg,https://m.bunjang.co.kr/products/406336688,2026-05-06 15:31,[번장특판 컴퓨터 이벤트]rtx 3060ti 모음 본체 최저가 한정수량,,,desktop,N,,SALE,,RTX3060TI,,,MID
본체,번개장터,404456168,14900kf ddr5 64gb rtx 3090 게이밍 컴퓨터 본체,3000000,판매중,,https://media.bunjang.co.kr/product/404456168_1_1777766594_w{res}.jpg,https://m.bunjang.co.kr/products/404456168,2026-05-06 15:29,14900kf ddr5 64gb rtx 3090 게이밍 컴퓨터 본체,,,desktop,N,64.0,SALE,,RTX3090,,,HIGH
본체,번개장터,401673833,13600kf rtx 4070ti 게이밍 컴퓨터 본체,1900000,판매중,,https://media.bunjang.co.kr/product/401673833_1_1776192035_w{res}.jpg,https://m.bunjang.co.kr/products/401673833,2026-05-06 15:29,13600kf rtx 4070ti 게이밍 컴퓨터 본체,,,desktop,N,,SALE,,RTX4070TI,,,HIGH
본체,번개장터,396030671,13900k ddr5 64gb 게이밍 컴퓨터 반 본체,1800000,판매중,,https://media.bunjang.co.kr/product/396030671_1_1777621459_w{res}.jpg,https://m.bunjang.co.kr/products/396030671,2026-05-06 15:29,13900k ddr5 64gb 게이밍 컴퓨터 반 본체,,,desktop,N,64.0,SALE,,,,,UNKNOWN
본체,번개장터,404456046,13900k ddr5 64gb 게이밍 컴퓨터 반 본체,1900000,판매중,,https://media.bunjang.co.kr/product/404456046_1_1777316430_w{res}.jpg,https://m.bunjang.co.kr/products/404456046,2026-05-06 15:29,13900k ddr5 64gb 게이밍 컴퓨터 반 본체,,,desktop,N,64.0,SALE,,,,,UNKNOWN
본체,번개장터,406336098,닌텐도 스위치1 본체 삽니다,500,판매중,,https://media.bunjang.co.kr/product/406336098_1_1778048912_w{res}.jpg,https://m.bunjang.co.kr/products/406336098,2026-05-06 15:28,닌텐도 스위치1 본체,,,desktop,N,,SALE,,,,,UNKNOWN
본체,번개장터,403145646,10세대 i7 게이밍 컴퓨터 본체  - 인천 -,620000,판매중,,https://media.bunjang.co.kr/product/403145646_1_1777768475_w{res}.jpg,https://m.bunjang.co.kr/products/403145646,2026-05-06 15:23,10세대 i7 게이밍 컴퓨터 본체 - 인천 -,,,desktop,N,,SALE,,,,,UNKNOWN
본체,번개장터,406334740,인텔 i5-11400 RTX 2060 SUPER 게이밍 PC,870000,판매중,,https://media.bunjang.co.kr/product/406334740_1_1778048490_w{res}.jpg,https://m.bunjang.co.kr/products/406334740,2026-05-06 15:21,인텔 i5-11400 rtx 2060 super 게이밍 pc,,,desktop,N,,SALE,I5-11400,RTX2060,,,MID
본체,번개장터,403131958,닌텐도 3DS 본체 + 게임 8개,320000,판매중,,https://media.bunjang.co.kr/product/403131958_1_1776771686_w{res}.jpg,https://m.bunjang.co.kr/products/403131958,2026-05-06 15:18,닌텐도 3ds 본체 + 게임 8개,,,desktop,N,,SALE,,,,,UNKNOWN
본체,번개장터,406333607,컴퓨터본체추천! 데스크탑 중고 게이밍게임용조립식PC,390000,판매중,,https://media.bunjang.co.kr/product/406333607_1_1778048124_w{res}.jpg,https://m.bunjang.co.kr/products/406333607,2026-05-06 15:15,컴퓨터본체추천! 데스크탑 중고 게이밍게임용조립식pc,,,desktop,N,,SALE,,,,,UNKNOWN
본체,번개장터,405086717,안산본체삽니다 4060ti 이상,9999999,판매중,,https://media.bunjang.co.kr/product/405086717_1_1777891974_w{res}.jpg,https://m.bunjang.co.kr/products/405086717,2026-05-06 15:13,안산본체 4060ti 이상,,,desktop,N,,SALE,,,,,UNKNOWN
본체,번개장터,406332361,[번장1등 컴퓨터 풀셋트 본체]한정수량 초특가 이벤트 판매 합니다,285000,판매중,,https://media.bunjang.co.kr/product/406332361_1_1778047753_w{res}.jpg,https://m.bunjang.co.kr/products/406332361,2026-05-06 15:09,[번장1등 컴퓨터 풀셋트 본체]한정수량 초특가 이벤트 합니다,,,desktop,N,,SALE,,,,,UNKNOWN
본체,번개장터,400460373,9800X3D 고사양 화이트 본체 판매합니다.,2800000,판매중,,https://media.bunjang.co.kr/product/400460373_1_1778047500_w{res}.jpg,https://m.bunjang.co.kr/products/400460373,2026-05-06 15:04,9800x3d 고사양 화이트 본체 .,,,desktop,N,,SALE,,,,,UNKNOWN
본체,번개장터,406331118,[번장1등 컴퓨터 풀셋트 본체]한정수량 초특가 이벤트 판매 합니다,285000,판매중,,https://media.bunjang.co.kr/product/406331118_1_1778047388_w{res}.jpg,https://m.bunjang.co.kr/products/406331118,2026-05-06 15:03,[번장1등 컴퓨터 풀셋트 본체]한정수량 초특가 이벤트 합니다,,,desktop,N,,SALE,,,,,UNKNOWN
본체,번개장터,383436260,에어팟4 노캔 충전 본체 케이스,70000,판매중,,https://media.bunjang.co.kr/product/383436260_1_1768810631_w{res}.jpg,https://m.bunjang.co.kr/products/383436260,2026-05-06 15:00,에어팟4 노캔 충전 본체 케이스,애플,에어팟,CASE,Y,,SALE,,,,,UNKNOWN
본체,번개장터,383428376,애플 에어팟 프로2 충전 본체 케이스 (세상깨끗),75000,판매중,,https://media.bunjang.co.kr/product/383428376_1_1768808721_w{res}.jpg,https://m.bunjang.co.kr/products/383428376,2026-05-06 15:00,애플 에어팟 프로2 충전 본체 케이스 (세상),애플,에어팟 프로,CASE,Y,,SALE,,,,,UNKNOWN
본체,번개장터,383427403,에어팟 프로2 c타입 본체 케이스,63000,판매중,,https://media.bunjang.co.kr/product/383427403_1_1768808437_w{res}.jpg,https://m.bunjang.co.kr/products/383427403,2026-05-06 15:00,에어팟 프로2 c타입 본체 케이스,애플,에어팟 프로,CASE,Y,,SALE,,,,,UNKNOWN
본체,번개장터,402640811,깨끗한 에어팟 프로3(3세대) 본체 판매합니다,100000,판매중,,https://media.bunjang.co.kr/product/402640811_1_1777800667_w{res}.jpg,https://m.bunjang.co.kr/products/402640811,2026-05-06 15:00,한 에어팟 프로3(3세대) 본체,애플,에어팟 프로,earphone,N,,SALE,,,,,UNKNOWN
본체,번개장터,399774184,LG 코드제로 A9 청소 본체 단품 상태좋고 작동잘됩니다,45000,판매중,,https://media.bunjang.co.kr/product/399774184_1_1777943790_w{res}.jpg,https://m.bunjang.co.kr/products/399774184,2026-05-06 14:59,lg 코드제로 a9 청소 본체 단품 상태좋고 작동잘됩니다,,,desktop,N,,SALE,,,,,UNKNOWN
본체,번개장터,403281170,파인뷰 룸미러 블랙박스 본체만 판매합니다 전원선 새제품 포함 메모,68000,판매중,,https://media.bunjang.co.kr/product/403281170_1_1777955847_w{res}.jpg,https://m.bunjang.co.kr/products/403281170,2026-05-06 14:56,파인뷰 룸미러 블랙박스 본체만 전원선 새제품 포함 메모,,,BOX,Y,,SALE,,,,,UNKNOWN
본체,번개장터,406327577,번장 이벤트 사무용 주식 TM 카톡업무 컴퓨터 본체 최저가 판매!,150000,판매중,,https://media.bunjang.co.kr/product/406327577_1_1778046350_w{res}.jpg,https://m.bunjang.co.kr/products/406327577,2026-05-06 14:45,번장 이벤트 사무용 주식 tm 카톡업무 컴퓨터 본체 최저가 !,,,desktop,N,,SALE,,,,,UNKNOWN
본체,번개장터,406327239,3060ti 게이밍 데스크탑 본체,800000,판매중,,https://media.bunjang.co.kr/product/406327239_1_1778046579_w{res}.jpg,https://m.bunjang.co.kr/products/406327239,2026-05-06 14:44,3060ti 게이밍 데스크탑 본체,,,desktop,N,,SALE,,,,,UNKNOWN
본체,번개장터,406326191,게이밍컴퓨터 게임용조립식 PC컴퓨터 본체추천 데스크탑중고,470000,판매중,,https://media.bunjang.co.kr/product/406326191_1_1778045945_w{res}.jpg,https://m.bunjang.co.kr/products/406326191,2026-05-06 14:39,게이밍컴퓨터 게임용조립식 pc컴퓨터 본체추천 데스크탑중고,,,desktop,N,,SALE,,,,,UNKNOWN
본체,번개장터,406326166,화이트 PC 케이스 RTX 그래픽카드 본체,1300000,판매중,,https://media.bunjang.co.kr/product/406326166_1_1778045988_w{res}.jpg,https://m.bunjang.co.kr/products/406326166,2026-05-06 14:38,화이트 pc 케이스 rtx 그래픽카드 본체,,,CASE,Y,,SALE,,,,,UNKNOWN
본체,번개장터,406325289,번장 이벤트 사무용 주식 TM 메신저업무 컴퓨터 본체 최저가 판매!,150000,판매중,,https://media.bunjang.co.kr/product/406325289_1_1778045686_w{res}.jpg,https://m.bunjang.co.kr/products/406325289,2026-05-06 14:34,번장 이벤트 사무용 주식 tm 메신저업무 컴퓨터 본체 최저가 !,,,desktop,N,,SALE,,,,,UNKNOWN
본체,번개장터,406322813,3060 게이밍 게임용 조립식PC 중고컴퓨터추천 데스크탑 사무용본체,750000,판매중,,https://media.bunjang.co.kr/product/406322813_1_1778044951_w{res}.jpg,https://m.bunjang.co.kr/products/406322813,2026-05-06 14:22,3060 게이밍 게임용 조립식pc 중고컴퓨터추천 데스크탑 사무용본체,,,desktop,N,,SALE,,,,,UNKNOWN
본체,번개장터,406322793,[번장특판 컴퓨터 이벤트]RTX 3060TI 모음 본체 최저가 한정수량,720000,판매중,,https://media.bunjang.co.kr/product/406322793_1_1778044947_w{res}.jpg,https://m.bunjang.co.kr/products/406322793,2026-05-06 14:22,[번장특판 컴퓨터 이벤트]rtx 3060ti 모음 본체 최저가 한정수량,,,desktop,N,,SALE,,RTX3060TI,,,MID
본체,번개장터,406320914,라이젠고사양 게임용조립PC컴퓨터본체추천 게이밍,490000,판매중,,https://media.bunjang.co.kr/product/406320914_1_1778044401_w{res}.jpg,https://m.bunjang.co.kr/products/406320914,2026-05-06 14:13,라이젠고사양 게임용조립pc컴퓨터본체추천 게이밍,,,desktop,N,,SALE,,,,,UNKNOWN
본체,번개장터,85005542,쓰던컴 판매율 1위 본체! 라이젠 7500F 가성비 게임용 조립식 본체,1130000,판매중,,https://media.bunjang.co.kr/product/85005542_1_1776496841_w{res}.jpg,https://m.bunjang.co.kr/products/85005542,2026-05-06 14:11,쓰던컴 율 1위 본체! 라이젠 7500f 가성비 게임용 조립식 본체,,,desktop,N,,SALE,RYZEN 7500F,,,,UNKNOWN
본체,번개장터,406319749,PC본체라이젠 2700,175000,판매중,,https://media.bunjang.co.kr/product/406319749_1_1778168888_w{res}.jpg,https://m.bunjang.co.kr/products/406319749,2026-05-06 14:07,pc본체라이젠 2700,,,desktop,N,,SALE,,,,,UNKNOWN
본체,번개장터,395702397,(정품)다이슨V10 무선청소기 본체 .배터리,100000,판매중,,https://media.bunjang.co.kr/product/395702397_1_1773734835_w{res}.jpg,https://m.bunjang.co.kr/products/395702397,2026-05-06 14:01,()다이슨v10 무선청소기 본체 .배터리,,,desktop,N,,SALE,,,,,UNKNOWN
본체,번개장터,350035333,다이슨청소기 v8본체 싸게팝니다,45000,판매중,,https://media.bunjang.co.kr/product/350035333_1_1771967506_w{res}.jpg,https://m.bunjang.co.kr/products/350035333,2026-05-06 14:01,다이슨청소기 v8본체 싸게,,,desktop,N,,SALE,,,,,UNKNOWN
본체,번개장터,406318565,TG 삼보컴퓨터 데스크탑 본체,29000,판매중,,https://media.bunjang.co.kr/product/406318565_1_1778222940_w{res}.jpg,https://m.bunjang.co.kr/products/406318565,2026-05-06 14:00,tg 삼보컴퓨터 데스크탑 본체,,,desktop,N,,SALE,,,,,UNKNOWN
본체,번개장터,406318203,번장 이벤트 사무용 주식 TM 카톡업무 컴퓨터 본체 최저가 판매!,150000,판매중,,https://media.bunjang.co.kr/product/406318203_1_1778043544_w{res}.jpg,https://m.bunjang.co.kr/products/406318203,2026-05-06 13:59,번장 이벤트 사무용 주식 tm 카톡업무 컴퓨터 본체 최저가 !,,,desktop,N,,SALE,,,,,UNKNOWN
본체,번개장터,406317809,다이슨청소기 V10(SV12)  본체  판매합니다,65000,판매중,,https://media.bunjang.co.kr/product/406317809_1_1778052481_w{res}.jpg,https://m.bunjang.co.kr/products/406317809,2026-05-06 13:56,다이슨청소기 v10(sv12) 본체,,,desktop,N,,SALE,,,,,UNKNOWN
본체,번개장터,319295188,디월트 내시경 카메라용 본체  DCT410,190000,판매중,,https://media.bunjang.co.kr/product/319295188_1_1778043258_w{res}.jpg,https://m.bunjang.co.kr/products/319295188,2026-05-06 13:54,디월트 내시경 카메라용 본체 dct410,,,desktop,N,,SALE,,,,,UNKNOWN
본체,번개장터,406317275,에어팟 프로 2세대 본체,60000,판매중,,https://media.bunjang.co.kr/product/406317275_1_1778043238_w{res}.jpg,https://m.bunjang.co.kr/products/406317275,2026-05-06 13:53,에어팟 프로 2세대 본체,애플,에어팟 프로,earphone,N,,SALE,,,,,UNKNOWN
본체,번개장터,406314287,[번장특판 컴퓨터 이벤트]RTX 3060TI 모음 본체 최저가 한정수량,720000,판매중,,https://media.bunjang.co.kr/product/406314287_1_1778042284_w{res}.jpg,https://m.bunjang.co.kr/products/406314287,2026-05-06 13:38,[번장특판 컴퓨터 이벤트]rtx 3060ti 모음 본체 최저가 한정수량,,,desktop,N,,SALE,,RTX3060TI,,,MID
본체,번개장터,406313860,[번장특판 컴퓨터 이벤트]RTX 3060TI 모음 본체 최저가 한정수량,720000,판매중,,https://media.bunjang.co.kr/product/406313860_1_1778042141_w{res}.jpg,https://m.bunjang.co.kr/products/406313860,2026-05-06 13:35,[번장특판 컴퓨터 이벤트]rtx 3060ti 모음 본체 최저가 한정수량,,,desktop,N,,SALE,,RTX3060TI,,,MID
본체,번개장터,399740449,PS4 Pro 7218  본체 + 듀얼쇼크2개 + 게임2개,260000,판매중,,https://media.bunjang.co.kr/product/399740449_1_1775405138_w{res}.jpg,https://m.bunjang.co.kr/products/399740449,2026-05-06 13:33,ps4 pro 7218 본체 + 듀얼쇼크2개 + 게임2개,,,desktop,N,,SALE,,,,,UNKNOWN
본체,번개장터,406312683,고사양 게임용 게이밍 조립pc컴퓨터 데스크탑중고컴퓨터본체 조립식,780000,판매중,,https://media.bunjang.co.kr/product/406312683_1_1778041746_w{res}.jpg,https://m.bunjang.co.kr/products/406312683,2026-05-06 13:29,고사양 게임용 게이밍 조립pc컴퓨터 데스크탑중고컴퓨터본체 조립식,,,desktop,N,,SALE,,,,,UNKNOWN
본체,번개장터,339329203,LG 톤프리 TONE-TFP5 화이트 본체+왼쪽유닛만!.,35000,판매중,,https://media.bunjang.co.kr/product/339329203_1_1749894742_w{res}.jpg,https://m.bunjang.co.kr/products/339329203,2026-05-06 13:24,lg 톤프리 tone-tfp5 화이트 본체+왼쪽유닛만!.,,,desktop,N,,SALE,,,,,UNKNOWN
본체,번개장터,406311711,보스 QC 울트라 이어버드 2세대 블루투스 무선 이어폰 L 유닛,110000,판매중,,https://media.bunjang.co.kr/product/406311711_1_1778041421_w{res}.jpg,https://m.bunjang.co.kr/products/406311711,2026-05-06 13:23,보스 qc 울트라 이어버드 2세대 블루투스 무선 이어폰 l 유닛,,,UNKNOWN,N,,SALE,,,,,UNKNOWN
본체,번개장터,406311687,Anycubic I3 Mega 3D 프린터 본체,90000,판매중,,https://media.bunjang.co.kr/product/406311687_1_1778041411_w{res}.jpg,https://m.bunjang.co.kr/products/406311687,2026-05-06 13:23,anycubic i3 mega 3d 프린터 본체,,,desktop,N,,SALE,,,,,UNKNOWN
본체,번개장터,406311467,"사무용컴퓨터pc 중고컴퓨터, 조립식컴퓨터본체 rtx2070",780000,판매중,,https://media.bunjang.co.kr/product/406311467_1_1778041335_w{res}.jpg,https://m.bunjang.co.kr/products/406311467,2026-05-06 13:22,"사무용컴퓨터pc 중고컴퓨터, 조립식컴퓨터본체 rtx2070",,,desktop,N,,SALE,,RTX2070,,,MID
본체,번개장터,406310912,보스 QC 울트라 이어버드 2세대 블루투스 무선 이어폰 본체,140000,판매중,,https://media.bunjang.co.kr/product/406310912_1_1778041152_w{res}.jpg,https://m.bunjang.co.kr/products/406310912,2026-05-06 13:19,보스 qc 울트라 이어버드 2세대 블루투스 무선 이어폰 본체,,,desktop,N,,SALE,,,,,UNKNOWN
본체,번개장터,406309651,[번장1등 컴퓨터 풀셋트 본체]한정수량 초특가 이벤트 판매 합니다,285000,판매중,,https://media.bunjang.co.kr/product/406309651_1_1778040738_w{res}.jpg,https://m.bunjang.co.kr/products/406309651,2026-05-06 13:12,[번장1등 컴퓨터 풀셋트 본체]한정수량 초특가 이벤트 합니다,,,desktop,N,,SALE,,,,,UNKNOWN
본체,번개장터,406309381,이동형 스탠드 미니 슬림타워 PC 본체받침대 블랙,18000,판매중,,https://media.bunjang.co.kr/product/406309381_1_1778040652_w{res}.jpg,https://m.bunjang.co.kr/products/406309381,2026-05-06 13:10,이동형 스탠드 미니 슬림타워 pc 본체받침대 블랙,,,desktop,N,,SALE,,,,,UNKNOWN
본체,번개장터,320560991,사운드코어 리버티 에어2 이어폰 본체 충전크래들 판매,24000,판매중,,https://media.bunjang.co.kr/product/320560991_1_1740899543_w{res}.jpg,https://m.bunjang.co.kr/products/320560991,2026-05-06 13:09,사운드코어 리버티 에어2 이어폰 본체 충전크래들,,,desktop,N,,SALE,,,,,UNKNOWN
본체,번개장터,406309161,[번장1등 컴퓨터 풀셋트 본체]한정수량 초특가 이벤트 판매 합니다,285000,판매중,,https://media.bunjang.co.kr/product/406309161_1_1778040582_w{res}.jpg,https://m.bunjang.co.kr/products/406309161,2026-05-06 13:09,[번장1등 컴퓨터 풀셋트 본체]한정수량 초특가 이벤트 합니다,,,desktop,N,,SALE,,,,,UNKNOWN
본체,번개장터,406307763,게이밍 게임용 조립식PC 컴퓨터추천 데스크탑 중고컴퓨터본체,420000,판매중,,https://media.bunjang.co.kr/product/406307763_1_1778040091_w{res}.jpg,https://m.bunjang.co.kr/products/406307763,2026-05-06 13:01,게이밍 게임용 조립식pc 컴퓨터추천 데스크탑 중고컴퓨터본체,,,desktop,N,,SALE,,,,,UNKNOWN
본체,번개장터,406307752,"애플 비츠 스튜디오 버즈 화이트, 블랙 무선 이어폰 오른쪽, 왼쪽, 본체",45000,판매중,,https://media.bunjang.co.kr/product/406307752_1_1778040086_w{res}.jpg,https://m.bunjang.co.kr/products/406307752,2026-05-06 13:01,"애플 비츠 스튜디오 버즈 화이트, 블랙 무선 이어폰 오른쪽, 왼쪽, 본체",,,desktop,N,,SALE,,,,,UNKNOWN
본체,번개장터,405013489,(조건부 60만원)PC 본체 + 모니터 + 키보드 + (마우스),700000,판매중,,https://media.bunjang.co.kr/product/405013489_1_1777989269_w{res}.jpg,https://m.bunjang.co.kr/products/405013489,2026-05-06 12:59,(조건부 60만원)pc 본체 + 모니터 + 키보드 + (마우스),,,desktop,N,,SALE,,,,,UNKNOWN
본체,번개장터,371014944,구체관절인형 SD 첸첸샵 칼라 미백 65급 여아 본체 강성샵 유당바디,775000,판매중,,https://media.bunjang.co.kr/product/371014944_1_1778159207_w{res}.jpg,https://m.bunjang.co.kr/products/371014944,2026-05-06 12:58,구체관절인형 sd 첸첸샵 칼라 미백 65급 여아 본체 강성샵 유당바디,,,desktop,N,,SALE,,,,,UNKNOWN
본체,번개장터,403780375,에어팟프로2 c타입 본체 충전케이스,54000,판매중,,https://media.bunjang.co.kr/product/403780375_1_1777129460_w{res}.jpg,https://m.bunjang.co.kr/products/403780375,2026-05-06 12:58,에어팟프로2 c타입 본체 충전케이스,애플,에어팟 프로,CASE,Y,,SALE,,,,,UNKNOWN
본체,번개장터,406307074,"에어팟 3,4세대 본체 왼쪽 오른쪽 유닛 노캔 일반 ANC (케이스)",40000,판매중,,https://media.bunjang.co.kr/product/406307074_1_1778039860_w{res}.jpg,https://m.bunjang.co.kr/products/406307074,2026-05-06 12:57,"에어팟 3,4세대 본체 왼쪽 오른쪽 유닛 노캔 일반 anc (케이스)",애플,에어팟,CASE,Y,,SALE,,,,,UNKNOWN
본체,번개장터,406307063,게임전용 조립PC 조립식컴퓨터 본체가격 게이밍,780000,판매중,,https://media.bunjang.co.kr/product/406307063_1_1778039858_w{res}.jpg,https://m.bunjang.co.kr/products/406307063,2026-05-06 12:57,게임전용 조립pc 조립식컴퓨터 본체가격 게이밍,,,desktop,N,,SALE,,,,,UNKNOWN
본체,번개장터,406306212,"에어팟3,4 프로2,3 본체 왼쪽 오른쪽 유닛 C타입 라이트닝 미개봉",73000,판매중,,https://media.bunjang.co.kr/product/406306212_1_1778039557_w{res}.jpg,https://m.bunjang.co.kr/products/406306212,2026-05-06 12:52,"에어팟3,4 프로2,3 본체 왼쪽 오른쪽 유닛 c타입 라이트닝",애플,에어팟 프로,earphone,N,,SALE,,,,,UNKNOWN
본체,번개장터,401396474,닌텐도 DSi 라이트블루 본체,115000,판매중,,https://media.bunjang.co.kr/product/401396474_1_1778039435_w{res}.jpg,https://m.bunjang.co.kr/products/401396474,2026-05-06 12:50,닌텐도 dsi 라이트블루 본체,,,desktop,N,,SALE,,,,,UNKNOWN
본체,번개장터,406305587,[번장1등 컴퓨터 풀셋트 본체]한정수량 초특가 이벤트 판매 합니다,285000,판매중,,https://media.bunjang.co.kr/product/406305587_1_1778039336_w{res}.jpg,https://m.bunjang.co.kr/products/406305587,2026-05-06 12:48,[번장1등 컴퓨터 풀셋트 본체]한정수량 초특가 이벤트 합니다,,,desktop,N,,SALE,,,,,UNKNOWN
본체,번개장터,406305556,"[리니지 클래식 컴퓨터, 아이온 본체. 수량 및 소량 납품 전문]",170000,판매중,,https://media.bunjang.co.kr/product/406305556_1_1778039322_w{res}.jpg,https://m.bunjang.co.kr/products/406305556,2026-05-06 12:48,"[리니지 클래식 컴퓨터, 아이온 본체. 수량 및 소량 납품 전문]",,,desktop,N,,SALE,,,,,UNKNOWN
본체,번개장터,389429602,USD 루츠 허니델프 티에라 미백 본체 구체관절인형 구관 유딩이,117000,판매중,,https://media.bunjang.co.kr/product/389429602_1_1777009301_w{res}.jpg,https://m.bunjang.co.kr/products/389429602,2026-05-06 12:45,usd 루츠 허니델프 티에라 미백 본체 구체관절인형 구관 유딩이,,,desktop,N,,SALE,,,,,UNKNOWN
본체,번개장터,406193276,"SFF 완본체 7500f, B850i, 16gb x2, 4060",1500000,판매중,,https://media.bunjang.co.kr/product/406193276_1_1777984964_w{res}.jpg,https://m.bunjang.co.kr/products/406193276,2026-05-06 12:43,"sff 완본체 7500f, b850i, 16gb x2, 4060",,,desktop,N,16.0,SALE,,,,,UNKNOWN
본체,번개장터,401440492,에어팟 프로 1 본체 케이스,40000,판매중,,https://media.bunjang.co.kr/product/401440492_1_1778038926_w{res}.jpg,https://m.bunjang.co.kr/products/401440492,2026-05-06 12:41,에어팟 프로 1 본체 케이스,애플,에어팟 프로,CASE,Y,,SALE,,,,,UNKNOWN
본체,번개장터,406304281,번장 이벤트 사무용 주식 TM 메신저업무 컴퓨터 본체 최저가 판매!,150000,판매중,,https://media.bunjang.co.kr/product/406304281_1_1778038880_w{res}.jpg,https://m.bunjang.co.kr/products/406304281,2026-05-06 12:41,번장 이벤트 사무용 주식 tm 메신저업무 컴퓨터 본체 최저가 !,,,desktop,N,,SALE,,,,,UNKNOWN
본체,번개장터,398374976,신품 i3-14100F 8G 256G SSD 미니타워 본체,616000,판매중,,https://media.bunjang.co.kr/product/398374976_1_1774874684_w{res}.jpg,https://m.bunjang.co.kr/products/398374976,2026-05-06 12:39,신품 i3-14100f 8g 256g ssd 미니타워 본체,,,desktop,N,,SALE,I3-14100F,,,,UNKNOWN
본체,번개장터,398386485,신품 라이젠5 5600 게임용 16G 500G RX6600 조립PC 본체,1119000,판매중,,https://media.bunjang.co.kr/product/398386485_1_1774877066_w{res}.jpg,https://m.bunjang.co.kr/products/398386485,2026-05-06 12:38,신품 라이젠5 5600 게임용 16g 500g rx6600 조립pc 본체,,,desktop,N,,SALE,RYZEN5 5600,RX6600,,,MID
본체,번개장터,402073113,중고 삼성데스크탑 I5-4570 8G SSD 없음 반본체,89000,판매중,,https://media.bunjang.co.kr/product/402073113_1_1776347325_w{res}.jpg,https://m.bunjang.co.kr/products/402073113,2026-05-06 12:38,중고 삼성데스크탑 i5-4570 8g ssd 없음 반본체,,,desktop,N,,SALE,I5-4570,,,,UNKNOWN
본체,번개장터,406303099,10400f RTX2060 중고게임용본체 조립PC 데스크탑 게이밍컴퓨터,630000,판매중,,https://media.bunjang.co.kr/product/406303099_1_1778038492_w{res}.jpg,https://m.bunjang.co.kr/products/406303099,2026-05-06 12:34,10400f rtx2060 중고게임용본체 조립pc 데스크탑 게이밍컴퓨터,,,desktop,N,,SALE,,RTX2060,,,MID
본체,번개장터,374863494,[박스O] 애플 에어팟프로2 본체 충전케이스 라이트닝 8핀 + 오른쪽유닛,70000,판매중,,https://media.bunjang.co.kr/product/374863494_1_1778038382_w{res}.jpg,https://m.bunjang.co.kr/products/374863494,2026-05-06 12:33,[박스o] 애플 에어팟프로2 본체 충전케이스 라이트닝 8핀 + 오른쪽유닛,애플,에어팟 프로,CASE,Y,,SALE,,,,,UNKNOWN
본체,번개장터,406302690,에어팟4세대 본체 노캔 ANC 일반 케이스 노이즈캔슬링 미개봉 중고,62900,판매중,,https://media.bunjang.co.kr/product/406302690_1_1778038361_w{res}.jpg,https://m.bunjang.co.kr/products/406302690,2026-05-06 12:32,에어팟4세대 본체 노캔 anc 일반 케이스 노이즈캔슬링 중고,애플,에어팟,CASE,Y,,SALE,,,,,UNKNOWN
본체,번개장터,299901039,갤럭시버즈플러스 풀박스 유닛 오른쪽 왼쪽 본체 블루(박스+케이블+이어팁),79000,판매중,,https://media.bunjang.co.kr/product/299901039_1_1740546330_w{res}.jpg,https://m.bunjang.co.kr/products/299901039,2026-05-06 12:28,갤럭시버즈플러스 스 유닛 오른쪽 왼쪽 본체 블루(박스+케이블+이어팁),삼성,,CABLE,Y,,SALE,,,,,UNKNOWN
본체,번개장터,359802295,에어팟 프로2 8핀본체,60000,판매중,,https://media.bunjang.co.kr/product/359802295_1_1768888092_w{res}.jpg,https://m.bunjang.co.kr/products/359802295,2026-05-06 12:27,에어팟 프로2 8핀본체,애플,에어팟 프로,earphone,N,,SALE,,,,,UNKNOWN
본체,번개장터,406301469,번장 이벤트 사무용 주식 TM 카톡업무 컴퓨터 본체 최저가 판매!,150000,판매중,,https://media.bunjang.co.kr/product/406301469_1_1778037933_w{res}.jpg,https://m.bunjang.co.kr/products/406301469,2026-05-06 12:25,번장 이벤트 사무용 주식 tm 카톡업무 컴퓨터 본체 최저가 !,,,desktop,N,,SALE,,,,,UNKNOWN
본체,번개장터,397475658,애플 에어팟3 본체 최저가,27000,판매중,,https://media.bunjang.co.kr/product/397475658_1_1775007378_w{res}.jpg,https://m.bunjang.co.kr/products/397475658,2026-05-06 12:25,애플 에어팟3 본체 최저가,애플,에어팟,earphone,N,,SALE,,,,,UNKNOWN
본체,번개장터,401262164,486 PC(컴퓨터) 본체 - 복원 디스켓 포함,750000,판매중,,https://media.bunjang.co.kr/product/401262164_1_1776434378_w{res}.jpg,https://m.bunjang.co.kr/products/401262164,2026-05-06 12:23,486 pc(컴퓨터) 본체 - 복원 디스켓 포함,,,desktop,N,,SALE,,,,,UNKNOWN
본체,번개장터,405669888,i7-14700 GTX1650 32GB 1TB HP 데스크탑 본체,1099000,판매중,,https://media.bunjang.co.kr/product/405669888_1_1778078186_w{res}.jpg,https://m.bunjang.co.kr/products/405669888,2026-05-06 12:20,i7-14700 gtx1650 32gb 1tb hp 데스크탑 본체,,,desktop,N,32.0,SALE,I7-14700,GTX1650,,1024.0,LOW
본체,번개장터,291804315,HP 컴퓨터 본체 초경량 미니PC 600 G3 i7 6700T,320000,판매중,,https://media.bunjang.co.kr/product/291804315_1_1770255976_w{res}.jpg,https://m.bunjang.co.kr/products/291804315,2026-05-06 12:18,hp 컴퓨터 본체 초경량 미니pc 600 g3 i7 6700t,,,desktop,N,,SALE,I7 6700T,,,,UNKNOWN
본체,번개장터,398156357,커스텀 수냉 14700k PC 본체,1610000,판매중,,https://media.bunjang.co.kr/product/398156357_1_1776189601_w{res}.jpg,https://m.bunjang.co.kr/products/398156357,2026-05-06 12:15,커스텀 수냉 14700k pc 본체,,,desktop,N,,SALE,,,,,UNKNOWN
본체,번개장터,406299221,에어팟 프로2 본체 라이트닝 C타입 8핀 미개봉 중고,49900,판매중,,https://media.bunjang.co.kr/product/406299221_1_1778037160_w{res}.jpg,https://m.bunjang.co.kr/products/406299221,2026-05-06 12:12,에어팟 프로2 본체 라이트닝 c타입 8핀 중고,애플,에어팟 프로,earphone,N,,SALE,,,,,UNKNOWN
본체,번개장터,406298471,"사무용,게임용 조립식PC 컴퓨터추천 데스크탑 중고컴퓨터본체 피파서든배그",180000,판매중,,https://media.bunjang.co.kr/product/406298471_1_1778036892_w{res}.jpg,https://m.bunjang.co.kr/products/406298471,2026-05-06 12:08,"사무용,게임용 조립식pc 컴퓨터추천 데스크탑 중고컴퓨터본체 피파서든배그",,,desktop,N,,SALE,,,,,UNKNOWN
본체,번개장터,406297895,자브라 65T 블루투스 무선 이어폰 본체,50000,판매중,,https://media.bunjang.co.kr/product/406297895_1_1778036689_w{res}.jpg,https://m.bunjang.co.kr/products/406297895,2026-05-06 12:04,자브라 65t 블루투스 무선 이어폰 본체,,,desktop,N,,SALE,,,,,UNKNOWN
본체,번개장터,406297724,에어팟 프로1세대 본체,20000,판매중,,https://media.bunjang.co.kr/product/406297724_1_1778036636_w{res}.jpg,https://m.bunjang.co.kr/products/406297724,2026-05-06 12:03,에어팟 프로1세대 본체,애플,에어팟 프로,earphone,N,,SALE,,,,,UNKNOWN
본체,번개장터,338725497,i5 서든어택 풀옵 컴퓨터 본체,250000,판매중,,https://media.bunjang.co.kr/product/338725497_1_1749619290_w{res}.jpg,https://m.bunjang.co.kr/products/338725497,2026-05-06 12:02,i5 서든어택 풀옵 컴퓨터 본체,,,desktop,N,,SALE,,,,,UNKNOWN
본체,번개장터,338699862,i5 9세대 배그 풀옵 컴퓨터 본체 중고케이스,570000,판매중,,https://media.bunjang.co.kr/product/338699862_1_1749608781_w{res}.jpg,https://m.bunjang.co.kr/products/338699862,2026-05-06 12:02,i5 9세대 배그 풀옵 컴퓨터 본체 중고케이스,,,CASE,Y,,SALE,,,,,UNKNOWN
본체,번개장터,333646259,i5 롤 풀옵 컴퓨터 본체 PC,180000,판매중,,https://media.bunjang.co.kr/product/333646259_1_1747277095_w{res}.jpg,https://m.bunjang.co.kr/products/333646259,2026-05-06 12:02,i5 롤 풀옵 컴퓨터 본체 pc,,,desktop,N,,SALE,,,,,UNKNOWN
본체,번개장터,406297439,[번장특판 컴퓨터 이벤트]RTX 3060TI 모음 본체 최저가 한정수량,720000,판매중,,https://media.bunjang.co.kr/product/406297439_1_1778036531_w{res}.jpg,https://m.bunjang.co.kr/products/406297439,2026-05-06 12:02,[번장특판 컴퓨터 이벤트]rtx 3060ti 모음 본체 최저가 한정수량,,,desktop,N,,SALE,,RTX3060TI,,,MID
본체,번개장터,406297131,사운드코어 라이프 닷 2 블루투스 무선 이어폰 본체,35000,판매중,,https://media.bunjang.co.kr/product/406297131_1_1778036422_w{res}.jpg,https://m.bunjang.co.kr/products/406297131,2026-05-06 12:00,사운드코어 라이프 닷 2 블루투스 무선 이어폰 본체,,,desktop,N,,SALE,,,,,UNKNOWN
본체,번개장터,259635670,[6코어CPU] RTX5060TI 고사양 게이밍컴퓨터 조립PC 본체,1150000,판매중,,https://media.bunjang.co.kr/product/259635670_1_1778115329_w{res}.jpg,https://m.bunjang.co.kr/products/259635670,2026-05-06 12:00,[6코어cpu] rtx5060ti 고사양 게이밍컴퓨터 조립pc 본체,,,desktop,N,,SALE,,RTX5060TI,,,UNKNOWN
본체,번개장터,406296382,보스 사운드스포츠 프리 블루투스 무선 이어폰 본체,170000,판매중,,https://media.bunjang.co.kr/product/406296382_1_1778036158_w{res}.jpg,https://m.bunjang.co.kr/products/406296382,2026-05-06 11:55,보스 사운드스포츠 프리 블루투스 무선 이어폰 본체,,,desktop,N,,SALE,,,,,UNKNOWN
본체,번개장터,406295345,소니 WF-SP700N 블루투스 무선 이어폰 본체,90000,판매중,,https://media.bunjang.co.kr/product/406295345_1_1778035769_w{res}.jpg,https://m.bunjang.co.kr/products/406295345,2026-05-06 11:49,소니 wf-sp700n 블루투스 무선 이어폰 본체,,,desktop,N,,SALE,,,,,UNKNOWN
본체,번개장터,406295235,갤럭시 버즈1 2 3 플러스 라이브 프로 한쪽 왼쪽 오른쪽 본체 충전,26000,판매중,,https://media.bunjang.co.kr/product/406295235_1_1778133028_w{res}.jpg,https://m.bunjang.co.kr/products/406295235,2026-05-06 11:48,갤럭시 버즈1 2 3 플러스 라이브 프로 한쪽 왼쪽 오른쪽 본체 충전,삼성,,smartphone,N,,SALE,,,,,UNKNOWN
본체,번개장터,406294577,[번장특판 컴퓨터 이벤트]RTX 3060TI 모음 본체 최저가 한정수량,720000,판매중,,https://media.bunjang.co.kr/product/406294577_1_1778035478_w{res}.jpg,https://m.bunjang.co.kr/products/406294577,2026-05-06 11:44,[번장특판 컴퓨터 이벤트]rtx 3060ti 모음 본체 최저가 한정수량,,,desktop,N,,SALE,,RTX3060TI,,,MID
본체,번개장터,406293641,번장 이벤트 사무용 주식 TM 카톡업무 컴퓨터 본체 최저가 판매!,150000,판매중,,https://media.bunjang.co.kr/product/406293641_1_1778035128_w{res}.jpg,https://m.bunjang.co.kr/products/406293641,2026-05-06 11:38,번장 이벤트 사무용 주식 tm 카톡업무 컴퓨터 본체 최저가 !,,,desktop,N,,SALE,,,,,UNKNOWN
본체,번개장터,142444879,보쉬/18v충전그라인더/GWS18V-7/브러쉬리스모터/정품/새제품/본체만,125000,판매중,,https://media.bunjang.co.kr/product/142444879_1_1770426863_w{res}.jpg,https://m.bunjang.co.kr/products/142444879,2026-05-06 11:38,보쉬/18v충전그라인더/gws18v-7/브러쉬리스모터//새제품/본체만,,,desktop,N,,SALE,,,,,UNKNOWN
본체,번개장터,245119061,디월트 충전임팩/DCF845N(본체만),133000,판매중,,https://media.bunjang.co.kr/product/245119061_1_1725509383_w{res}.jpg,https://m.bunjang.co.kr/products/245119061,2026-05-06 11:35,디월트 충전임팩/dcf845n(본체만),,,desktop,N,,SALE,,,,,UNKNOWN
본체,번개장터,401634758,"라이젠 5, GTX1660SUPER 컴퓨터 게이밍 데스크탑 PC본체 판매",510000,판매중,,https://media.bunjang.co.kr/product/401634758_1_1777118499_w{res}.jpg,https://m.bunjang.co.kr/products/401634758,2026-05-06 11:34,"라이젠 5, gtx1660super 컴퓨터 게이밍 데스크탑 pc본체",,,desktop,N,,SALE,,GTX1660,,,LOW
본체,번개장터,406081319,[번장1등 컴퓨터 풀셋트 본체]한정수량 초특가 이벤트 판매 합니다,285000,판매중,,https://media.bunjang.co.kr/product/406081319_1_1777955209_w{res}.jpg,https://m.bunjang.co.kr/products/406081319,2026-05-06 11:29,[번장1등 컴퓨터 풀셋트 본체]한정수량 초특가 이벤트 합니다,,,desktop,N,,SALE,,,,,UNKNOWN
본체,번개장터,406090778,[번장특판 컴퓨터 이벤트]RTX 3060TI 모음 본체 최저가 한정수량,720000,판매중,,https://media.bunjang.co.kr/product/406090778_1_1777958013_w{res}.jpg,https://m.bunjang.co.kr/products/406090778,2026-05-06 11:29,[번장특판 컴퓨터 이벤트]rtx 3060ti 모음 본체 최저가 한정수량,,,desktop,N,,SALE,,RTX3060TI,,,MID
본체,번개장터,406105771,번장 이벤트 사무용 주식 TM 카톡업무 컴퓨터 본체 최저가 판매!,150000,판매중,,https://media.bunjang.co.kr/product/406105771_1_1777962219_w{res}.jpg,https://m.bunjang.co.kr/products/406105771,2026-05-06 11:28,번장 이벤트 사무용 주식 tm 카톡업무 컴퓨터 본체 최저가 !,,,desktop,N,,SALE,,,,,UNKNOWN
본체,번개장터,406155985,[번장특판 컴퓨터 이벤트]RTX 3060TI 모음 본체 최저가 한정수량,720000,판매중,,https://media.bunjang.co.kr/product/406155985_1_1777974838_w{res}.jpg,https://m.bunjang.co.kr/products/406155985,2026-05-06 11:28,[번장특판 컴퓨터 이벤트]rtx 3060ti 모음 본체 최저가 한정수량,,,desktop,N,,SALE,,RTX3060TI,,,MID
본체,번개장터,406144728,[번장1등 컴퓨터 풀셋트 본체]한정수량 초특가 이벤트 판매 합니다,285000,판매중,,https://media.bunjang.co.kr/product/406144728_1_1777972034_w{res}.jpg,https://m.bunjang.co.kr/products/406144728,2026-05-06 11:28,[번장1등 컴퓨터 풀셋트 본체]한정수량 초특가 이벤트 합니다,,,desktop,N,,SALE,,,,,UNKNOWN
본체,번개장터,377883335,LG 톤플러스 블루투스 이어폰 HBS-F110 본체,10000,판매중,,https://media.bunjang.co.kr/product/377883335_1_1766806830_w{res}.jpg,https://m.bunjang.co.kr/products/377883335,2026-05-06 11:27,lg 톤플러스 블루투스 이어폰 hbs-f110 본체,,,desktop,N,,SALE,,,,,UNKNOWN
본체,번개장터,406289844,[번장1등 컴퓨터 풀셋트 본체]한정수량 초특가 이벤트 판매 합니다,285000,판매중,,https://media.bunjang.co.kr/product/406289844_1_1778033776_w{res}.jpg,https://m.bunjang.co.kr/products/406289844,2026-05-06 11:16,[번장1등 컴퓨터 풀셋트 본체]한정수량 초특가 이벤트 합니다,,,desktop,N,,SALE,,,,,UNKNOWN
본체,번개장터,406289829,비츠 솔로 버즈 풀셋 및 본체,80000,판매중,,https://media.bunjang.co.kr/product/406289829_1_1778033769_w{res}.jpg,https://m.bunjang.co.kr/products/406289829,2026-05-06 11:16,비츠 솔로 버즈 풀셋 및 본체,,,desktop,N,,SALE,,,,,UNKNOWN
본체,번개장터,406289703,[번장특판 컴퓨터 이벤트]RTX 3060TI 모음 본체 최저가 한정수량,720000,판매중,,https://media.bunjang.co.kr/product/406289703_1_1778033726_w{res}.jpg,https://m.bunjang.co.kr/products/406289703,2026-05-06 11:15,[번장특판 컴퓨터 이벤트]rtx 3060ti 모음 본체 최저가 한정수량,,,desktop,N,,SALE,,RTX3060TI,,,MID
본체,번개장터,385070874,에어팟 2세대 본체,500,판매중,,https://media.bunjang.co.kr/product/385070874_1_1771344156_w{res}.jpg,https://m.bunjang.co.kr/products/385070874,2026-05-06 11:14,에어팟 2세대 본체,애플,에어팟 2세대,earphone,N,,SALE,,,,,UNKNOWN
본체,번개장터,346789177,에어팟 프로 2세대 8핀 오른쪽 + 본체 판매합니다!,110000,판매중,,https://media.bunjang.co.kr/product/346789177_1_1759633256_w{res}.jpg,https://m.bunjang.co.kr/products/346789177,2026-05-06 11:13,에어팟 프로 2세대 8핀 오른쪽 + 본체 !,애플,에어팟 프로,earphone,N,,SALE,,,,,UNKNOWN
본체,번개장터,406289302,사무용컴퓨터 pc 조립식사무용컴퓨터 본체 중고컴퓨터,180000,판매중,,https://media.bunjang.co.kr/product/406289302_1_1778033580_w{res}.jpg,https://m.bunjang.co.kr/products/406289302,2026-05-06 11:13,사무용컴퓨터 pc 조립식사무용컴퓨터 본체 중고컴퓨터,,,desktop,N,,SALE,,,,,UNKNOWN
본체,번개장터,406289036,소니 WF-1000XM4 블루투스 무선 이어폰 본체,110000,판매중,,https://media.bunjang.co.kr/product/406289036_1_1778033489_w{res}.jpg,https://m.bunjang.co.kr/products/406289036,2026-05-06 11:11,소니 wf-1000xm4 블루투스 무선 이어폰 본체,,,desktop,N,,SALE,,,,,UNKNOWN
본체,번개장터,391594664,컴퓨터(7500X3d 반본체) 753d03,2050000,판매중,,https://media.bunjang.co.kr/product/391594664_1_1772018959_w{res}.jpg,https://m.bunjang.co.kr/products/391594664,2026-05-06 11:08,컴퓨터(7500x3d 반본체) 753d03,,,desktop,N,,SALE,,,,,UNKNOWN
본체,번개장터,281395049,"i5 12400f, RTX 3060ti 컴퓨터 본체",1150000,판매중,,https://media.bunjang.co.kr/product/281395049_1_1776644360_w{res}.jpg,https://m.bunjang.co.kr/products/281395049,2026-05-06 11:07,"i5 12400f, rtx 3060ti 컴퓨터 본체",,,desktop,N,,SALE,I5 12400F,RTX3060TI,,,MID
본체,번개장터,276818411,"i5 9400f, RTX2060 컴퓨터 본체",600000,판매중,,https://media.bunjang.co.kr/product/276818411_1_1772449707_w{res}.jpg,https://m.bunjang.co.kr/products/276818411,2026-05-06 11:07,"i5 9400f, rtx2060 컴퓨터 본체",,,desktop,N,,SALE,I5 9400F,RTX2060,,,MID
본체,번개장터,317576336,HDMI TO DVI 모니터 본체 연결 케이블 1.5미터,5000,판매중,,https://media.bunjang.co.kr/product/317576336_1_1739587818_w{res}.jpg,https://m.bunjang.co.kr/products/317576336,2026-05-06 11:06,hdmi to dvi 모니터 본체 연결 케이블 1.5미터,,,CABLE,Y,,SALE,,,,,UNKNOWN
본체,번개장터,361288456,DVI TO RGB(D-SUB) 모니터 본체 케이블 2M,5000,판매중,,https://media.bunjang.co.kr/product/361288456_1_1759908730_w{res}.jpg,https://m.bunjang.co.kr/products/361288456,2026-05-06 11:06,dvi to rgb(d-sub) 모니터 본체 케이블 2m,,,CABLE,Y,,SALE,,,,,UNKNOWN
본체,번개장터,361288158,넥스트링크 DP TO DVI 모니터 본체 케이블 2M,7000,판매중,,https://media.bunjang.co.kr/product/361288158_1_1759908642_w{res}.jpg,https://m.bunjang.co.kr/products/361288158,2026-05-06 11:06,넥스트링크 dp to dvi 모니터 본체 케이블 2m,,,CABLE,Y,,SALE,,,,,UNKNOWN
본체,번개장터,406288231,다이슨 V8 청소기 본체 박스 새제품,230000,판매중,,https://media.bunjang.co.kr/product/406288231_1_1778158104_w{res}.jpg,https://m.bunjang.co.kr/products/406288231,2026-05-06 11:06,다이슨 v8 청소기 본체 박스 새제품,,,BOX,Y,,SALE,,,,,UNKNOWN
본체,번개장터,391596540,컴퓨터(7500X3d 반본체)753d01,2030000,판매중,,https://media.bunjang.co.kr/product/391596540_1_1772019430_w{res}.jpg,https://m.bunjang.co.kr/products/391596540,2026-05-06 11:02,컴퓨터(7500x3d 반본체)753d01,,,desktop,N,,SALE,,,,,UNKNOWN
본체,번개장터,406286618,아이패드 에어 4세대 wifi 256GB 본체단품 상태좋음,650000,판매중,,https://media.bunjang.co.kr/product/406286618_1_1778032570_w{res}.jpg,https://m.bunjang.co.kr/products/406286618,2026-05-06 10:56,아이패드 에어 4세대 wifi 256gb 본체단품,애플,아이패드 에어,desktop,N,256.0,SALE,,,,,UNKNOWN
본체,번개장터,351845995,에어팟프로 1세대 본체,40000,판매중,,https://media.bunjang.co.kr/product/351845995_1_1769653371_w{res}.jpg,https://m.bunjang.co.kr/products/351845995,2026-05-06 10:55,에어팟프로 1세대 본체,애플,에어팟 프로,earphone,N,,SALE,,,,,UNKNOWN
본체,번개장터,406286131,"앤커 사운드코어 리버티 에어2 프로 무선 이어폰 오른쪽, 왼쪽, 본체",55000,판매중,,https://media.bunjang.co.kr/product/406286131_1_1778032385_w{res}.jpg,https://m.bunjang.co.kr/products/406286131,2026-05-06 10:53,"앤커 사운드코어 리버티 에어2 프로 무선 이어폰 오른쪽, 왼쪽, 본체",,,desktop,N,,SALE,,,,,UNKNOWN
본체,번개장터,406285984,[번장1등 컴퓨터 풀셋트 본체]한정수량 초특가 이벤트 판매 합니다,285000,판매중,,https://media.bunjang.co.kr/product/406285984_1_1778032324_w{res}.jpg,https://m.bunjang.co.kr/products/406285984,2026-05-06 10:52,[번장1등 컴퓨터 풀셋트 본체]한정수량 초특가 이벤트 합니다,,,desktop,N,,SALE,,,,,UNKNOWN
본체,번개장터,391309246,컴퓨터(7500X3d 반본체) 753d02,2030000,판매중,,https://media.bunjang.co.kr/product/391309246_1_1777943843_w{res}.jpg,https://m.bunjang.co.kr/products/391309246,2026-05-06 10:50,컴퓨터(7500x3d 반본체) 753d02,,,desktop,N,,SALE,,,,,UNKNOWN
본체,번개장터,391308613,컴퓨터(7500X3d 반본체) 753d03,2040000,판매중,,https://media.bunjang.co.kr/product/391308613_1_1777944154_w{res}.jpg,https://m.bunjang.co.kr/products/391308613,2026-05-06 10:50,컴퓨터(7500x3d 반본체) 753d03,,,desktop,N,,SALE,,,,,UNKNOWN
본체,번개장터,406285659,마끼다 18v 충전그라인더 DGA402 본체 팝니다,80000,판매중,,https://media.bunjang.co.kr/product/406285659_1_1778032181_w{res}.jpg,https://m.bunjang.co.kr/products/406285659,2026-05-06 10:49,마끼다 18v 충전그라인더 dga402 본체,,,desktop,N,,SALE,,,,,UNKNOWN
본체,번개장터,406285353,번장 이벤트 사무용 주식 TM 메신저업무 컴퓨터 본체 최저가 판매!,150000,판매중,,https://media.bunjang.co.kr/product/406285353_1_1778032074_w{res}.jpg,https://m.bunjang.co.kr/products/406285353,2026-05-06 10:47,번장 이벤트 사무용 주식 tm 메신저업무 컴퓨터 본체 최저가 !,,,desktop,N,,SALE,,,,,UNKNOWN
본체,번개장터,405847612,중고커퓨터  게임용본체~i5~12400f   RTX3060,920000,판매중,,https://media.bunjang.co.kr/product/405847612_1_1777867927_w{res}.jpg,https://m.bunjang.co.kr/products/405847612,2026-05-06 10:46,중고커퓨터 게임용본체~i5~12400f rtx3060,,,desktop,N,,SALE,,RTX3060,,,MID
본체,번개장터,406285013,가성비 인텔I5 엔비디아 RTX3060 게이밍컴퓨터본체,750000,판매중,,https://media.bunjang.co.kr/product/406285013_1_1778031918_w{res}.jpg,https://m.bunjang.co.kr/products/406285013,2026-05-06 10:45,가성비 인텔i5 엔비디아 rtx3060 게이밍컴퓨터본체,,,desktop,N,,SALE,,RTX3060,,,MID
본체,번개장터,391309911,컴퓨터(7500X3d 반본체) 753d01,2030000,판매중,,https://media.bunjang.co.kr/product/391309911_1_1777944313_w{res}.jpg,https://m.bunjang.co.kr/products/391309911,2026-05-06 10:36,컴퓨터(7500x3d 반본체) 753d01,,,desktop,N,,SALE,,,,,UNKNOWN
본체,번개장터,333571807,디월트용 6인치전기톱 본체만(체인추가),34000,판매중,,https://media.bunjang.co.kr/product/333571807_1_1774480585_w{res}.jpg,https://m.bunjang.co.kr/products/333571807,2026-05-06 10:30,디월트용 6인치전기톱 본체만(체인추가),,,desktop,N,,SALE,,,,,UNKNOWN
본체,번개장터,406282746,[번장1등 컴퓨터 풀셋트 본체]한정수량 초특가 이벤트 판매 합니다,285000,판매중,,https://media.bunjang.co.kr/product/406282746_1_1778030922_w{res}.jpg,https://m.bunjang.co.kr/products/406282746,2026-05-06 10:28,[번장1등 컴퓨터 풀셋트 본체]한정수량 초특가 이벤트 합니다,,,desktop,N,,SALE,,,,,UNKNOWN
본체,번개장터,406282317,보스 스포츠 이어버드 블루투스 무선 이어폰 본체,180000,판매중,,https://media.bunjang.co.kr/product/406282317_1_1778030760_w{res}.jpg,https://m.bunjang.co.kr/products/406282317,2026-05-06 10:26,보스 스포츠 이어버드 블루투스 무선 이어폰 본체,,,desktop,N,,SALE,,,,,UNKNOWN
본체,번개장터,406281117,RTX2060 게이밍 게임용 중고컴퓨터 저렴 조립컴퓨터본체,390000,판매중,,https://media.bunjang.co.kr/product/406281117_1_1778030212_w{res}.jpg,https://m.bunjang.co.kr/products/406281117,2026-05-06 10:16,rtx2060 게이밍 게임용 중고컴퓨터 저렴 조립컴퓨터본체,,,desktop,N,,SALE,,RTX2060,,,MID
본체,번개장터,406279981,"JBL Wave Beam 블루투스 무선 이어폰 유닛, 본체, 풀셋",40000,판매중,,https://media.bunjang.co.kr/product/406279981_1_1778029680_w{res}.jpg,https://m.bunjang.co.kr/products/406279981,2026-05-06 10:08,"jbl wave beam 블루투스 무선 이어폰 유닛, 본체, 풀셋",,,desktop,N,,SALE,,,,,UNKNOWN
본체,번개장터,237475589,(새상품) 모니터 연결선 여러개 팝니다.,5000,판매중,,https://media.bunjang.co.kr/product/237475589_1_1695642322_w{res}.jpg,https://m.bunjang.co.kr/products/237475589,2026-05-06 10:05,() 모니터 연결선 여러개 .,,,UNKNOWN,N,,SALE,,,,,UNKNOWN
본체,번개장터,406279614,번장 이벤트 사무용 주식 TM 카톡업무 컴퓨터 본체 최저가 판매!,150000,판매중,,https://media.bunjang.co.kr/product/406279614_1_1778029519_w{res}.jpg,https://m.bunjang.co.kr/products/406279614,2026-05-06 10:05,번장 이벤트 사무용 주식 tm 카톡업무 컴퓨터 본체 최저가 !,,,desktop,N,,SALE,,,,,UNKNOWN
본체,번개장터,406279206,PC본체 i7-12700 3080ti 32gb 1tb,1400000,판매중,,https://media.bunjang.co.kr/product/406279206_1_1778029325_w{res}.jpg,https://m.bunjang.co.kr/products/406279206,2026-05-06 10:02,pc본체 i7-12700 3080ti 32gb 1tb,,,desktop,N,32.0,SALE,I7-12700,,,1024.0,UNKNOWN
본체,번개장터,406277923,[번장특판 컴퓨터 이벤트]RTX 3060TI 모음 본체 최저가 한정수량,720000,판매중,,https://media.bunjang.co.kr/product/406277923_1_1778028672_w{res}.jpg,https://m.bunjang.co.kr/products/406277923,2026-05-06 09:51,[번장특판 컴퓨터 이벤트]rtx 3060ti 모음 본체 최저가 한정수량,,,desktop,N,,SALE,,RTX3060TI,,,MID
본체,번개장터,406277879,에어팟프로3 본체 정품 작동잘됨  총알배송,100000,판매중,,https://media.bunjang.co.kr/product/406277879_1_1778028648_w{res}.jpg,https://m.bunjang.co.kr/products/406277879,2026-05-06 09:50,에어팟프로3 본체 작동잘됨 총알배송,애플,에어팟 프로,earphone,N,,SALE,,,,,UNKNOWN
본체,번개장터,406277796,에어팟4세대 본체 노캔가능버전 작동잘됨  총알배송,60000,판매중,,https://media.bunjang.co.kr/product/406277796_1_1778028603_w{res}.jpg,https://m.bunjang.co.kr/products/406277796,2026-05-06 09:50,에어팟4세대 본체 노캔가능버전 작동잘됨 총알배송,애플,에어팟,earphone,N,,SALE,,,,,UNKNOWN
본체,번개장터,406277729,에어팟프로2 본체 8핀 정품 총알배송,50000,판매중,,https://media.bunjang.co.kr/product/406277729_1_1778028570_w{res}.jpg,https://m.bunjang.co.kr/products/406277729,2026-05-06 09:49,에어팟프로2 본체 8핀 총알배송,애플,에어팟 프로,earphone,N,,SALE,,,,,UNKNOWN
본체,번개장터,385758475,i7 10세대 본체팝니다,778000,판매중,,https://media.bunjang.co.kr/product/385758475_1_1778023855_w{res}.jpg,https://m.bunjang.co.kr/products/385758475,2026-05-06 09:42,i7 10세대 본체,,,desktop,N,,SALE,,,,,UNKNOWN
본체,번개장터,337585225,마끼다 18V 충전청소기 DCL180Z 본체만 새상품 핸디형 스틱형 정품,55000,판매중,,https://media.bunjang.co.kr/product/337585225_1_1776757689_w{res}.jpg,https://m.bunjang.co.kr/products/337585225,2026-05-06 09:42,마끼다 18v 충전청소기 dcl180z 본체만 핸디형 스틱형,,,desktop,N,,SALE,,,,,UNKNOWN
본체,번개장터,356044282,마끼다 18V 충전원형톱 스킬 DHS630Z 본체 6인치 일본산 새상품,320000,판매중,,https://media.bunjang.co.kr/product/356044282_1_1757771187_w{res}.jpg,https://m.bunjang.co.kr/products/356044282,2026-05-06 09:42,마끼다 18v 충전원형톱 스킬 dhs630z 본체 6인치 일본산,,,desktop,N,,SALE,,,,,UNKNOWN
본체,번개장터,354137655,마끼다 40V 충전해머드릴 HP001GZ 본체 새상품 함마드릴 정품 BL,295000,판매중,,https://media.bunjang.co.kr/product/354137655_1_1756912630_w{res}.jpg,https://m.bunjang.co.kr/products/354137655,2026-05-06 09:42,마끼다 40v 충전해머드릴 hp001gz 본체 함마드릴 bl,,,desktop,N,,SALE,,,,,UNKNOWN
본체,번개장터,353430274,마끼다 40V 충전임팩드라이버 TD004GZ 본체 임팩드릴 새상품 신상품,220000,판매중,,https://media.bunjang.co.kr/product/353430274_1_1756566008_w{res}.jpg,https://m.bunjang.co.kr/products/353430274,2026-05-06 09:42,마끼다 40v 충전임팩드라이버 td004gz 본체 임팩드릴 신상품,,,desktop,N,,SALE,,,,,UNKNOWN
본체,번개장터,400005700,컴퓨터 본체 i7 8700 16G GTX 1060 6G,500000,판매중,,https://media.bunjang.co.kr/product/400005700_1_1775538242_w{res}.jpg,https://m.bunjang.co.kr/products/400005700,2026-05-06 09:42,컴퓨터 본체 i7 8700 16g gtx 1060 6g,,,desktop,N,,SALE,I7 8700,GTX1060,,,LOW
본체,번개장터,344124029,마끼다 18V 충전그리스건 DGP180Z 본체 정품 새상품 구리스 주입기,330000,판매중,,https://media.bunjang.co.kr/product/344124029_1_1776919603_w{res}.jpg,https://m.bunjang.co.kr/products/344124029,2026-05-06 09:41,마끼다 18v 충전그리스건 dgp180z 본체 구리스 주입기,,,desktop,N,,SALE,,,,,UNKNOWN
본체,번개장터,341062144,마끼다 18V 충전홀펀칭기 DPP200ZK본체 12mm펀치다이포함,3200000,판매중,,https://media.bunjang.co.kr/product/341062144_1_1761738627_w{res}.jpg,https://m.bunjang.co.kr/products/341062144,2026-05-06 09:41,마끼다 18v 충전홀펀칭기 dpp200zk본체 12mm펀치다이포함,,,desktop,N,,SALE,,,,,UNKNOWN
본체,번개장터,406276846,[번장특판 컴퓨터 이벤트]RTX 3060TI 모음 본체 최저가 한정수량,720000,판매중,,https://media.bunjang.co.kr/product/406276846_1_1778028117_w{res}.jpg,https://m.bunjang.co.kr/products/406276846,2026-05-06 09:41,[번장특판 컴퓨터 이벤트]rtx 3060ti 모음 본체 최저가 한정수량,,,desktop,N,,SALE,,RTX3060TI,,,MID
본체,번개장터,406136543,에어팟 3세대 본체 (무료배송),43000,판매중,,https://media.bunjang.co.kr/product/406136543_1_1777969964_w{res}.jpg,https://m.bunjang.co.kr/products/406136543,2026-05-06 09:34,에어팟 3세대 본체 (무료배송),애플,에어팟 3세대,earphone,N,,SALE,,,,,UNKNOWN
본체,번개장터,406274671,[번장1등 컴퓨터 풀셋트 본체]한정수량 초특가 이벤트 판매 합니다,285000,판매중,,https://media.bunjang.co.kr/product/406274671_1_1778026970_w{res}.jpg,https://m.bunjang.co.kr/products/406274671,2026-05-06 09:22,[번장1등 컴퓨터 풀셋트 본체]한정수량 초특가 이벤트 합니다,,,desktop,N,,SALE,,,,,UNKNOWN
본체,번개장터,406274400,3060 게이밍 게임용 조립식PC 중고컴퓨터추천 데스크탑 사무용본체,750000,판매중,,https://media.bunjang.co.kr/product/406274400_1_1778026812_w{res}.jpg,https://m.bunjang.co.kr/products/406274400,2026-05-06 09:20,3060 게이밍 게임용 조립식pc 중고컴퓨터추천 데스크탑 사무용본체,,,desktop,N,,SALE,,,,,UNKNOWN
본체,번개장터,406274239,번장 이벤트 사무용 주식 TM 카톡업무 컴퓨터 본체 최저가 판매!,150000,판매중,,https://media.bunjang.co.kr/product/406274239_1_1778026715_w{res}.jpg,https://m.bunjang.co.kr/products/406274239,2026-05-06 09:18,번장 이벤트 사무용 주식 tm 카톡업무 컴퓨터 본체 최저가 !,,,desktop,N,,SALE,,,,,UNKNOWN
본체,번개장터,406053233,"에어팟 1,2세대 공용 충전 본체 판매합니다",13000,판매중,,https://media.bunjang.co.kr/product/406053233_1_1777945822_w{res}.jpg,https://m.bunjang.co.kr/products/406053233,2026-05-06 09:11,"에어팟 1,2세대 공용 충전 본체",애플,에어팟 2세대,earphone,N,,SALE,,,,,UNKNOWN
본체,번개장터,345751896,"에어팟 1,2세대 본체",10000,판매중,,https://media.bunjang.co.kr/product/345751896_1_1772884785_w{res}.jpg,https://m.bunjang.co.kr/products/345751896,2026-05-06 09:11,"에어팟 1,2세대 본체",애플,에어팟 2세대,earphone,N,,SALE,,,,,UNKNOWN
본체,번개장터,406272084,[번장특판 컴퓨터 이벤트]RTX 3060TI 모음 본체 최저가 한정수량,720000,판매중,,https://media.bunjang.co.kr/product/406272084_1_1778025313_w{res}.jpg,https://m.bunjang.co.kr/products/406272084,2026-05-06 08:55,[번장특판 컴퓨터 이벤트]rtx 3060ti 모음 본체 최저가 한정수량,,,desktop,N,,SALE,,RTX3060TI,,,MID
본체,번개장터,406272005,번장 이벤트 사무용 주식 TM 메신저업무 컴퓨터 본체 최저가 판매!,150000,판매중,,https://media.bunjang.co.kr/product/406272005_1_1778025268_w{res}.jpg,https://m.bunjang.co.kr/products/406272005,2026-05-06 08:54,번장 이벤트 사무용 주식 tm 메신저업무 컴퓨터 본체 최저가 !,,,desktop,N,,SALE,,,,,UNKNOWN
본체,번개장터,406159733,라이젠 7 9800x3d RTX3080 완본체 + 오멘27q모니터 세트,2200000,판매중,,https://media.bunjang.co.kr/product/406159733_1_1778024938_w{res}.jpg,https://m.bunjang.co.kr/products/406159733,2026-05-06 08:49,라이젠 7 9800x3d rtx3080 완본체 + 오멘27q모니터 세트,,,desktop,N,,SALE,RYZEN 7 9800X,RTX3080,,,HIGH
본체,번개장터,406212911,플스2 플레이스테이션2 본체 + 컨트롤러 및 케이블,80000,판매중,,https://media.bunjang.co.kr/product/406212911_1_1777990743_w{res}.jpg,https://m.bunjang.co.kr/products/406212911,2026-05-06 08:41,플스2 플레이스테이션2 본체 + 컨트롤러 및 케이블,,,CABLE,Y,,SALE,,,,,UNKNOWN
본체,번개장터,406270003,[번장1등 컴퓨터 풀셋트 본체]한정수량 초특가 이벤트 판매 합니다,285000,판매중,,https://media.bunjang.co.kr/product/406270003_1_1778023911_w{res}.jpg,https://m.bunjang.co.kr/products/406270003,2026-05-06 08:31,[번장1등 컴퓨터 풀셋트 본체]한정수량 초특가 이벤트 합니다,,,desktop,N,,SALE,,,,,UNKNOWN
본체,번개장터,406269989,Xbox One S 화이트 본체 + 컨트롤러 2개,120000,판매중,,https://media.bunjang.co.kr/product/406269989_1_1778023903_w{res}.jpg,https://m.bunjang.co.kr/products/406269989,2026-05-06 08:31,xbox one s 화이트 본체 + 컨트롤러 2개,,,desktop,N,,SALE,,,,,UNKNOWN
본체,번개장터,400427993,logitech swytch 로지텍 스위치 본체만,600000,판매중,,https://media.bunjang.co.kr/product/400427993_1_1775715081_w{res}.jpg,https://m.bunjang.co.kr/products/400427993,2026-05-06 08:25,logitech swytch 로지텍 스위치 본체만,,,desktop,N,,SALE,,,,,UNKNOWN
본체,번개장터,271898355,(번개페이) 프로 2세대 c타입 본체 에어팟,80000,판매중,,https://media.bunjang.co.kr/product/271898355_1_1769956393_w{res}.jpg,https://m.bunjang.co.kr/products/271898355,2026-05-06 08:15,(번개페이) 프로 2세대 c타입 본체 에어팟,애플,에어팟 프로,earphone,N,,SALE,,,,,UNKNOWN
본체,번개장터,406268138,[번장1등 컴퓨터 풀셋트 본체]한정수량 초특가 이벤트 판매 합니다,285000,판매중,,https://media.bunjang.co.kr/product/406268138_1_1778022509_w{res}.jpg,https://m.bunjang.co.kr/products/406268138,2026-05-06 08:08,[번장1등 컴퓨터 풀셋트 본체]한정수량 초특가 이벤트 합니다,,,desktop,N,,SALE,,,,,UNKNOWN
본체,번개장터,401764632,"가성비(i3급-켄츠필드Q6600,Radeon HD4600)컴퓨터본체",45900,판매중,,https://media.bunjang.co.kr/product/401764632_1_1778021526_w{res}.jpg,https://m.bunjang.co.kr/products/401764632,2026-05-06 08:01,"가성비(i3급-켄츠필드q6600,radeon hd4600)컴퓨터본체",,,desktop,N,,SALE,,,,,UNKNOWN
본체,번개장터,406267424,[번장특판 컴퓨터 이벤트]RTX 3060TI 모음 본체 최저가 한정수량,720000,판매중,,https://media.bunjang.co.kr/product/406267424_1_1778021866_w{res}.jpg,https://m.bunjang.co.kr/products/406267424,2026-05-06 07:57,[번장특판 컴퓨터 이벤트]rtx 3060ti 모음 본체 최저가 한정수량,,,desktop,N,,SALE,,RTX3060TI,,,MID
본체,번개장터,405354805,AMD 컴퓨터본체 지포스GT220,44900,판매중,,https://media.bunjang.co.kr/product/405354805_1_1778021417_w{res}.jpg,https://m.bunjang.co.kr/products/405354805,2026-05-06 07:51,amd 컴퓨터본체 지포스gt220,,,desktop,N,,SALE,,,,,UNKNOWN
본체,번개장터,406266461,번장 이벤트 사무용 주식 TM 카톡업무 컴퓨터 본체 최저가 판매!,150000,판매중,,https://media.bunjang.co.kr/product/406266461_1_1778021106_w{res}.jpg,https://m.bunjang.co.kr/products/406266461,2026-05-06 07:45,번장 이벤트 사무용 주식 tm 카톡업무 컴퓨터 본체 최저가 !,,,desktop,N,,SALE,,,,,UNKNOWN
본체,번개장터,206303480,(새제품)인텔 울트라5 225 RTX5060Ti.개인본체.영상편집.게이밍,1480000,판매중,,https://media.bunjang.co.kr/product/206303480_1_1778081590_w{res}.jpg,https://m.bunjang.co.kr/products/206303480,2026-05-06 07:39,(새제품)인텔 울트라5 225 rtx5060ti.개인본체.영상편집.게이밍,,,desktop,N,,SALE,,RTX5060TI,,,UNKNOWN
본체,번개장터,399077723,마끼다 18V 충전멀티컷터 DTM53Z 본체만 새상품 정품,170000,판매중,,https://media.bunjang.co.kr/product/399077723_1_1776203241_w{res}.jpg,https://m.bunjang.co.kr/products/399077723,2026-05-06 07:35,마끼다 18v 충전멀티컷터 dtm53z 본체만,,,desktop,N,,SALE,,,,,UNKNOWN
본체,번개장터,311635669,마끼다 무선장대톱 DUA200Z 본체 18V 200mm 고지톱,265000,판매중,,https://media.bunjang.co.kr/product/311635669_1_1762557117_w{res}.jpg,https://m.bunjang.co.kr/products/311635669,2026-05-06 07:35,마끼다 무선장대톱 dua200z 본체 18v 200mm 고지톱,,,desktop,N,,SALE,,,,,UNKNOWN
본체,번개장터,292472929,마끼다 18V 충전임팩드라이버 DTD153Z 본체+하드케이스 BL모터,150000,판매중,,https://media.bunjang.co.kr/product/292472929_1_1768662270_w{res}.jpg,https://m.bunjang.co.kr/products/292472929,2026-05-06 07:35,마끼다 18v 충전임팩드라이버 dtd153z 본체+하드케이스 bl모터,,,CASE,Y,,SALE,,,,,UNKNOWN
본체,번개장터,283335915,마끼다 40V 충전직소 JV002GZ 본체 속도조절 새상품,260000,판매중,,https://media.bunjang.co.kr/product/283335915_1_1762557204_w{res}.jpg,https://m.bunjang.co.kr/products/283335915,2026-05-06 07:35,마끼다 40v 충전직소 jv002gz 본체 속도조절,,,desktop,N,,SALE,,,,,UNKNOWN
본체,번개장터,406265636,"[리니지 클래식 컴퓨터, 아이온 본체. 수량 및 소량 납품 전문]",170000,판매중,,https://media.bunjang.co.kr/product/406265636_1_1778020294_w{res}.jpg,https://m.bunjang.co.kr/products/406265636,2026-05-06 07:31,"[리니지 클래식 컴퓨터, 아이온 본체. 수량 및 소량 납품 전문]",,,desktop,N,,SALE,,,,,UNKNOWN
본체,번개장터,398078666,올드맥 파워매킨토시9600/300본체 정상작동,270000,판매중,,https://media.bunjang.co.kr/product/398078666_1_1776598287_w{res}.jpg,https://m.bunjang.co.kr/products/398078666,2026-05-06 07:30,올드맥 파워매킨토시9600/300본체 정상작동,,,PARTS,Y,,SALE,,,,,UNKNOWN
본체,번개장터,406265513,[번장1등 컴퓨터 풀셋트 본체]한정수량 초특가 이벤트 판매 합니다,285000,판매중,,https://media.bunjang.co.kr/product/406265513_1_1778020165_w{res}.jpg,https://m.bunjang.co.kr/products/406265513,2026-05-06 07:29,[번장1등 컴퓨터 풀셋트 본체]한정수량 초특가 이벤트 합니다,,,desktop,N,,SALE,,,,,UNKNOWN
본체,번개장터,406265114,[번장특판 컴퓨터 이벤트]RTX 3060TI 모음 본체 최저가 한정수량,720000,판매중,,https://media.bunjang.co.kr/product/406265114_1_1778019704_w{res}.jpg,https://m.bunjang.co.kr/products/406265114,2026-05-06 07:21,[번장특판 컴퓨터 이벤트]rtx 3060ti 모음 본체 최저가 한정수량,,,desktop,N,,SALE,,RTX3060TI,,,MID
본체,번개장터,406263355,번장 이벤트 사무용 주식 TM 메신저업무 컴퓨터 본체 최저가 판매!,150000,판매중,,https://media.bunjang.co.kr/product/406263355_1_1778018463_w{res}.jpg,https://m.bunjang.co.kr/products/406263355,2026-05-06 07:01,번장 이벤트 사무용 주식 tm 메신저업무 컴퓨터 본체 최저가 !,,,desktop,N,,SALE,,,,,UNKNOWN
본체,번개장터,406263239,번장 이벤트 사무용 주식 TM 카톡업무 컴퓨터 본체 최저가 판매!,150000,판매중,,https://media.bunjang.co.kr/product/406263239_1_1778018302_w{res}.jpg,https://m.bunjang.co.kr/products/406263239,2026-05-06 06:58,번장 이벤트 사무용 주식 tm 카톡업무 컴퓨터 본체 최저가 !,,,desktop,N,,SALE,,,,,UNKNOWN
본체,번개장터,406262447,[번장특판 컴퓨터 이벤트]RTX 3060TI 모음 본체 최저가 한정수량,720000,판매중,,https://media.bunjang.co.kr/product/406262447_1_1778016900_w{res}.jpg,https://m.bunjang.co.kr/products/406262447,2026-05-06 06:35,[번장특판 컴퓨터 이벤트]rtx 3060ti 모음 본체 최저가 한정수량,,,desktop,N,,SALE,,RTX3060TI,,,MID
본체,번개장터,401003761,Xbox 360 본체 화이트,35000,판매중,,https://media.bunjang.co.kr/product/401003761_1_1775944043_w{res}.jpg,https://m.bunjang.co.kr/products/401003761,2026-05-06 06:14,xbox 360 본체 화이트,,,desktop,N,,SALE,,,,,UNKNOWN
본체,번개장터,402344381,RTX 3080  게이밍 PC 데스크탑 본체,1390000,판매중,,https://media.bunjang.co.kr/product/402344381_1_1776478443_w{res}.jpg,https://m.bunjang.co.kr/products/402344381,2026-05-06 06:13,rtx 3080 게이밍 pc 데스크탑 본체,,,desktop,N,,SALE,,RTX3080,,,HIGH
본체,번개장터,405283004,플스2 PS2 90005 슬림 본체만(게임패드 제외),127000,판매중,,https://media.bunjang.co.kr/product/405283004_1_1778197581_w{res}.jpg,https://m.bunjang.co.kr/products/405283004,2026-05-06 06:13,플스2 ps2 90005 슬림 본체만(게임패드 제외),,,desktop,N,,SALE,,,,,UNKNOWN
본체,번개장터,392662571,닌텐도 Wii 본체 거치대 및 받침대 세트,2000,판매중,,https://media.bunjang.co.kr/product/392662571_1_1773843806_w{res}.jpg,https://m.bunjang.co.kr/products/392662571,2026-05-06 06:13,닌텐도 wii 본체 거치대 및 받침대 세트,,,STAND,Y,,SALE,,,,,UNKNOWN
본체,번개장터,406261824,[번장1등 컴퓨터 풀셋트 본체]한정수량 초특가 이벤트 판매 합니다,285000,판매중,,https://media.bunjang.co.kr/product/406261824_1_1778015498_w{res}.jpg,https://m.bunjang.co.kr/products/406261824,2026-05-06 06:11,[번장1등 컴퓨터 풀셋트 본체]한정수량 초특가 이벤트 합니다,,,desktop,N,,SALE,,,,,UNKNOWN
본체,번개장터,406261668,[번장특판 컴퓨터 이벤트]RTX 3060TI 모음 본체 최저가 한정수량,720000,판매중,,https://media.bunjang.co.kr/product/406261668_1_1778015061_w{res}.jpg,https://m.bunjang.co.kr/products/406261668,2026-05-06 06:04,[번장특판 컴퓨터 이벤트]rtx 3060ti 모음 본체 최저가 한정수량,,,desktop,N,,SALE,,RTX3060TI,,,MID
본체,번개장터,406261542,MANCO 망코 데스크탑 본체 컴퓨터,150000,판매중,,https://media.bunjang.co.kr/product/406261542_1_1778014725_w{res}.jpg,https://m.bunjang.co.kr/products/406261542,2026-05-06 05:58,manco 망코 데스크탑 본체 컴퓨터,,,desktop,N,,SALE,,,,,UNKNOWN
본체,번개장터,406261324,[번장1등 컴퓨터 풀셋트 본체]한정수량 초특가 이벤트 판매 합니다,285000,판매중,,https://media.bunjang.co.kr/product/406261324_1_1778014096_w{res}.jpg,https://m.bunjang.co.kr/products/406261324,2026-05-06 05:48,[번장1등 컴퓨터 풀셋트 본체]한정수량 초특가 이벤트 합니다,,,desktop,N,,SALE,,,,,UNKNOWN
본체,번개장터,393532125,조립 PC 데스크탑 본체 라이젠,200000,판매중,,https://media.bunjang.co.kr/product/393532125_1_1777982679_w{res}.jpg,https://m.bunjang.co.kr/products/393532125,2026-05-06 05:45,조립 pc 데스크탑 본체 라이젠,,,desktop,N,,SALE,,,,,UNKNOWN
본체,번개장터,406261090,[번장1등 컴퓨터 풀셋트 본체]한정수량 초특가 이벤트 판매 합니다,285000,판매중,,https://media.bunjang.co.kr/product/406261090_1_1778013359_w{res}.jpg,https://m.bunjang.co.kr/products/406261090,2026-05-06 05:35,[번장1등 컴퓨터 풀셋트 본체]한정수량 초특가 이벤트 합니다,,,desktop,N,,SALE,,,,,UNKNOWN
본체,번개장터,406260841,번장 이벤트 사무용 주식 TM 카톡업무 컴퓨터 본체 최저가 판매!,150000,판매중,,https://media.bunjang.co.kr/product/406260841_1_1778012694_w{res}.jpg,https://m.bunjang.co.kr/products/406260841,2026-05-06 05:24,번장 이벤트 사무용 주식 tm 카톡업무 컴퓨터 본체 최저가 !,,,desktop,N,,SALE,,,,,UNKNOWN
본체,번개장터,406260348,번장 이벤트 사무용 주식 TM 메신저업무 컴퓨터 본체 최저가 판매!,150000,판매중,,https://media.bunjang.co.kr/product/406260348_1_1778011657_w{res}.jpg,https://m.bunjang.co.kr/products/406260348,2026-05-06 05:07,번장 이벤트 사무용 주식 tm 메신저업무 컴퓨터 본체 최저가 !,,,desktop,N,,SALE,,,,,UNKNOWN
본체,번개장터,406259998,[번장특판 컴퓨터 이벤트]RTX 3060TI 모음 본체 최저가 한정수량,720000,판매중,,https://media.bunjang.co.kr/product/406259998_1_1778011292_w{res}.jpg,https://m.bunjang.co.kr/products/406259998,2026-05-06 05:01,[번장특판 컴퓨터 이벤트]rtx 3060ti 모음 본체 최저가 한정수량,,,desktop,N,,SALE,,RTX3060TI,,,MID
본체,번개장터,406258952,성능 좋은 QHD 컴퓨터 2tb 완본체 팝니다,1500000,판매중,,https://media.bunjang.co.kr/product/406258952_1_1778222061_w{res}.jpg,https://m.bunjang.co.kr/products/406258952,2026-05-06 04:45,성능 좋은 qhd 컴퓨터 2tb 완본체,,,desktop,N,,SALE,,,,2048.0,UNKNOWN
본체,번개장터,406258505,번장 이벤트 사무용 주식 TM 카톡업무 컴퓨터 본체 최저가 판매!,150000,판매중,,https://media.bunjang.co.kr/product/406258505_1_1778009890_w{res}.jpg,https://m.bunjang.co.kr/products/406258505,2026-05-06 04:38,번장 이벤트 사무용 주식 tm 카톡업무 컴퓨터 본체 최저가 !,,,desktop,N,,SALE,,,,,UNKNOWN
본체,번개장터,406258288,i9-13900k ddr5 64gb 게이밍 컴퓨터 반 본체,1800000,판매중,,https://media.bunjang.co.kr/product/406258288_1_1778009730_w{res}.jpg,https://m.bunjang.co.kr/products/406258288,2026-05-06 04:35,i9-13900k ddr5 64gb 게이밍 컴퓨터 반 본체,,,desktop,N,64.0,SALE,I9-13900K,,,,UNKNOWN
본체,번개장터,406258012,i7-13700kf rtx 4080super 게이밍 컴퓨터 본체,2500000,판매중,,https://media.bunjang.co.kr/product/406258012_1_1778009539_w{res}.jpg,https://m.bunjang.co.kr/products/406258012,2026-05-06 04:35,i7-13700kf rtx 4080super 게이밍 컴퓨터 본체,,,desktop,N,,SALE,I7-13700KF,RTX4080,,,HIGH
본체,번개장터,406258072,7950x3d rtx 5070ti 게이밍 컴퓨터 본체,3000000,판매중,,https://media.bunjang.co.kr/product/406258072_1_1778009580_w{res}.jpg,https://m.bunjang.co.kr/products/406258072,2026-05-06 04:33,7950x3d rtx 5070ti 게이밍 컴퓨터 본체,,,desktop,N,,SALE,,RTX5070TI,,,UNKNOWN
본체,번개장터,406256495,[번장특판 컴퓨터 이벤트]RTX 3060TI 모음 본체 최저가 한정수량,720000,판매중,,https://media.bunjang.co.kr/product/406256495_1_1778008488_w{res}.jpg,https://m.bunjang.co.kr/products/406256495,2026-05-06 04:14,[번장특판 컴퓨터 이벤트]rtx 3060ti 모음 본체 최저가 한정수량,,,desktop,N,,SALE,,RTX3060TI,,,MID
본체,번개장터,406256110,[번장특판 컴퓨터 이벤트]RTX 3060TI 모음 본체 최저가 한정수량,720000,판매중,,https://media.bunjang.co.kr/product/406256110_1_1778008255_w{res}.jpg,https://m.bunjang.co.kr/products/406256110,2026-05-06 04:10,[번장특판 컴퓨터 이벤트]rtx 3060ti 모음 본체 최저가 한정수량,,,desktop,N,,SALE,,RTX3060TI,,,MID
본체,번개장터,331734839,에어팟 본체 2세대,13500,판매중,,https://media.bunjang.co.kr/product/331734839_1_1746344477_w{res}.jpg,https://m.bunjang.co.kr/products/331734839,2026-05-06 04:05,에어팟 본체 2세대,애플,에어팟 2세대,earphone,N,,SALE,,,,,UNKNOWN
본체,번개장터,406254127,[번장1등 컴퓨터 풀셋트 본체]한정수량 초특가 이벤트 판매 합니다,285000,판매중,,https://media.bunjang.co.kr/product/406254127_1_1778007086_w{res}.jpg,https://m.bunjang.co.kr/products/406254127,2026-05-06 03:51,[번장1등 컴퓨터 풀셋트 본체]한정수량 초특가 이벤트 합니다,,,desktop,N,,SALE,,,,,UNKNOWN
본체,번개장터,406253106,[번장1등 컴퓨터 풀셋트 본체]한정수량 초특가 이벤트 판매 합니다,285000,판매중,,https://media.bunjang.co.kr/product/406253106_1_1778006553_w{res}.jpg,https://m.bunjang.co.kr/products/406253106,2026-05-06 03:42,[번장1등 컴퓨터 풀셋트 본체]한정수량 초특가 이벤트 합니다,,,desktop,N,,SALE,,,,,UNKNOWN
본체,번개장터,406251354,[번장1등 컴퓨터 풀셋트 본체]한정수량 초특가 이벤트 판매 합니다,285000,판매중,,https://media.bunjang.co.kr/product/406251354_1_1778005684_w{res}.jpg,https://m.bunjang.co.kr/products/406251354,2026-05-06 03:28,[번장1등 컴퓨터 풀셋트 본체]한정수량 초특가 이벤트 합니다,,,desktop,N,,SALE,,,,,UNKNOWN
본체,번개장터,406249839,번장 이벤트 사무용 주식 TM 메신저업무 컴퓨터 본체 최저가 판매!,150000,판매중,,https://media.bunjang.co.kr/product/406249839_1_1778004851_w{res}.jpg,https://m.bunjang.co.kr/products/406249839,2026-05-06 03:14,번장 이벤트 사무용 주식 tm 메신저업무 컴퓨터 본체 최저가 !,,,desktop,N,,SALE,,,,,UNKNOWN
본체,번개장터,406248910,에어팟 프로 1세대 8핀 판매 (양쪽유닛.본체.오른쪽왼쪽),29000,판매중,,https://media.bunjang.co.kr/product/406248910_1_1778004492_w{res}.jpg,https://m.bunjang.co.kr/products/406248910,2026-05-06 03:06,에어팟 프로 1세대 8핀 (양쪽유닛.본체.오른쪽왼쪽),애플,에어팟 프로,earphone,N,,SALE,,,,,UNKNOWN
본체,번개장터,267466986,(내일도착)에어팟프로2본체만 라이트닝 S급,49999,판매중,,https://media.bunjang.co.kr/product/267466986_1_1758958467_w{res}.jpg,https://m.bunjang.co.kr/products/267466986,2026-05-06 03:05,(내일도착)에어팟프로2본체만 라이트닝 s급,애플,에어팟 프로,earphone,N,,SALE,,,,,UNKNOWN
본체,번개장터,406248721,번장 이벤트 사무용 주식 TM 카톡업무 컴퓨터 본체 최저가 판매!,150000,판매중,,https://media.bunjang.co.kr/product/406248721_1_1778004282_w{res}.jpg,https://m.bunjang.co.kr/products/406248721,2026-05-06 03:04,번장 이벤트 사무용 주식 tm 카톡업무 컴퓨터 본체 최저가 !,,,desktop,N,,SALE,,,,,UNKNOWN
본체,번개장터,406248095,에어팟 프로2 본체만,50000,판매중,,https://media.bunjang.co.kr/product/406248095_1_1778003988_w{res}.jpg,https://m.bunjang.co.kr/products/406248095,2026-05-06 02:59,에어팟 프로2 본체만,애플,에어팟 프로,earphone,N,,SALE,,,,,UNKNOWN
본체,번개장터,406245785,[번장특판 컴퓨터 이벤트]RTX 3060TI 모음 본체 최저가 한정수량,720000,판매중,,https://media.bunjang.co.kr/product/406245785_1_1778002880_w{res}.jpg,https://m.bunjang.co.kr/products/406245785,2026-05-06 02:41,[번장특판 컴퓨터 이벤트]rtx 3060ti 모음 본체 최저가 한정수량,,,desktop,N,,SALE,,RTX3060TI,,,MID
본체,번개장터,406242881,번장 이벤트 사무용 주식 TM 카톡업무 컴퓨터 본체 최저가 판매!,150000,판매중,,https://media.bunjang.co.kr/product/406242881_1_1778001478_w{res}.jpg,https://m.bunjang.co.kr/products/406242881,2026-05-06 02:17,번장 이벤트 사무용 주식 tm 카톡업무 컴퓨터 본체 최저가 !,,,desktop,N,,SALE,,,,,UNKNOWN
본체,번개장터,406242820,[번장특판 컴퓨터 이벤트]RTX 3060TI 모음 본체 최저가 한정수량,720000,판매중,,https://media.bunjang.co.kr/product/406242820_1_1778001450_w{res}.jpg,https://m.bunjang.co.kr/products/406242820,2026-05-06 02:17,[번장특판 컴퓨터 이벤트]rtx 3060ti 모음 본체 최저가 한정수량,,,desktop,N,,SALE,,RTX3060TI,,,MID
본체,번개장터,406242418,"[리니지 클래식 컴퓨터, 아이온 본체. 수량 및 소량 납품 전문]",170000,판매중,,https://media.bunjang.co.kr/product/406242418_1_1778001264_w{res}.jpg,https://m.bunjang.co.kr/products/406242418,2026-05-06 02:14,"[리니지 클래식 컴퓨터, 아이온 본체. 수량 및 소량 납품 전문]",,,desktop,N,,SALE,,,,,UNKNOWN
본체,번개장터,382405343,(무료배송) SSD달린 속도빠른 컴퓨터 본체 데스크탑 PC,120000,판매중,,https://media.bunjang.co.kr/product/382405343_1_1778146378_w{res}.jpg,https://m.bunjang.co.kr/products/382405343,2026-05-06 02:14,(무료배송) ssd달린 속도빠른 컴퓨터 본체 데스크탑 pc,,,desktop,N,,SALE,,,,,UNKNOWN
본체,번개장터,396191248,윈도우XP  컴퓨터 본체 데스크탑 PC,120000,판매중,,https://media.bunjang.co.kr/product/396191248_1_1773938524_w{res}.jpg,https://m.bunjang.co.kr/products/396191248,2026-05-06 02:14,윈도우xp 컴퓨터 본체 데스크탑 pc,,,desktop,N,,SALE,,,,,UNKNOWN
본체,번개장터,391265115,[무료배송]LG 윈도우 비스타 탑재 컴퓨터 본체 데스크탑 PC,150000,판매중,,https://media.bunjang.co.kr/product/391265115_1_1772467023_w{res}.jpg,https://m.bunjang.co.kr/products/391265115,2026-05-06 02:14,[무료배송]lg 윈도우 비스타 탑재 컴퓨터 본체 데스크탑 pc,,,desktop,N,,SALE,,,,,UNKNOWN
본체,번개장터,387363341,(무료배송)SSD탑재된 속도빠른 TG 컴퓨터 본체 데스크탑 PC,120000,판매중,,https://media.bunjang.co.kr/product/387363341_1_1778146365_w{res}.jpg,https://m.bunjang.co.kr/products/387363341,2026-05-06 02:14,(무료배송)ssd탑재된 속도빠른 tg 컴퓨터 본체 데스크탑 pc,,,desktop,N,,SALE,,,,,UNKNOWN
본체,번개장터,383913804,(무료배송) SSD달린 6세대 컴퓨터 본체 데스크탑 PC,150000,판매중,,https://media.bunjang.co.kr/product/383913804_1_1778146359_w{res}.jpg,https://m.bunjang.co.kr/products/383913804,2026-05-06 02:14,(무료배송) ssd달린 6세대 컴퓨터 본체 데스크탑 pc,,,desktop,N,,SALE,,,,,UNKNOWN
본체,번개장터,352339818,(무료배송)전문가용 서버용 컴퓨터 본체 데스크탑,100000,판매중,,https://media.bunjang.co.kr/product/352339818_1_1770373671_w{res}.jpg,https://m.bunjang.co.kr/products/352339818,2026-05-06 02:14,(무료배송)전문가용 서버용 컴퓨터 본체 데스크탑,,,desktop,N,,SALE,,,,,UNKNOWN
본체,번개장터,406241100,에어팟프로3 본체 정품 작동잘됨  총알배송,100000,판매중,,https://media.bunjang.co.kr/product/406241100_1_1778000604_w{res}.jpg,https://m.bunjang.co.kr/products/406241100,2026-05-06 02:03,에어팟프로3 본체 작동잘됨 총알배송,애플,에어팟 프로,earphone,N,,SALE,,,,,UNKNOWN
본체,번개장터,406240991,에어팟4세대 본체 노캔가능버전 작동잘됨  총알배송,60000,판매중,,https://media.bunjang.co.kr/product/406240991_1_1778000555_w{res}.jpg,https://m.bunjang.co.kr/products/406240991,2026-05-06 02:02,에어팟4세대 본체 노캔가능버전 작동잘됨 총알배송,애플,에어팟,earphone,N,,SALE,,,,,UNKNOWN
본체,번개장터,406240907,에어팟프로2 본체 8핀 정품 총알배송,50000,판매중,,https://media.bunjang.co.kr/product/406240907_1_1778000520_w{res}.jpg,https://m.bunjang.co.kr/products/406240907,2026-05-06 02:02,에어팟프로2 본체 8핀 총알배송,애플,에어팟 프로,earphone,N,,SALE,,,,,UNKNOWN
본체,번개장터,406239897,[번장특판 컴퓨터 이벤트]RTX 3060TI 모음 본체 최저가 한정수량,720000,판매중,,https://media.bunjang.co.kr/product/406239897_1_1778000076_w{res}.jpg,https://m.bunjang.co.kr/products/406239897,2026-05-06 01:54,[번장특판 컴퓨터 이벤트]rtx 3060ti 모음 본체 최저가 한정수량,,,desktop,N,,SALE,,RTX3060TI,,,MID
본체,번개장터,406239154,[번장1등 컴퓨터 풀셋트 본체]한정수량 초특가 이벤트 판매 합니다,285000,판매중,,https://media.bunjang.co.kr/product/406239154_1_1777999748_w{res}.jpg,https://m.bunjang.co.kr/products/406239154,2026-05-06 01:49,[번장1등 컴퓨터 풀셋트 본체]한정수량 초특가 이벤트 합니다,,,desktop,N,,SALE,,,,,UNKNOWN
본체,번개장터,406236756,[번장1등 컴퓨터 풀셋트 본체]한정수량 초특가 이벤트 판매 합니다,285000,판매중,,https://media.bunjang.co.kr/product/406236756_1_1777998674_w{res}.jpg,https://m.bunjang.co.kr/products/406236756,2026-05-06 01:31,[번장1등 컴퓨터 풀셋트 본체]한정수량 초특가 이벤트 합니다,,,desktop,N,,SALE,,,,,UNKNOWN
본체,번개장터,406235464,(새제품)버즈3프로 실버 본체(충전케이스) 단품/낱개/정품,94900,판매중,,https://media.bunjang.co.kr/product/406235464_1_1777998157_w{res}.jpg,https://m.bunjang.co.kr/products/406235464,2026-05-06 01:22,(새제품)버즈3프로 실버 본체(충전케이스) 단품/낱개/,,,CASE,Y,,SALE,,,,,UNKNOWN
본체,번개장터,405471238,조탁 게이밍 PC 본체 (그래픽카드 포함),160000,판매중,,https://media.bunjang.co.kr/product/405471238_1_1777811805_w{res}.jpg,https://m.bunjang.co.kr/products/405471238,2026-05-06 01:21,조탁 게이밍 pc 본체 (그래픽카드 포함),,,desktop,N,,SALE,,,,,UNKNOWN
본체,번개장터,406235186,번장 이벤트 사무용 주식 TM 메신저업무 컴퓨터 본체 최저가 판매!,150000,판매중,,https://media.bunjang.co.kr/product/406235186_1_1777998046_w{res}.jpg,https://m.bunjang.co.kr/products/406235186,2026-05-06 01:20,번장 이벤트 사무용 주식 tm 메신저업무 컴퓨터 본체 최저가 !,,,desktop,N,,SALE,,,,,UNKNOWN
본체,번개장터,406090148,컴퓨터 본체  팝니다,475000,판매중,,https://media.bunjang.co.kr/product/406090148_1_1777997731_w{res}.jpg,https://m.bunjang.co.kr/products/406090148,2026-05-06 01:15,컴퓨터 본체,,,desktop,N,,SALE,,,,,UNKNOWN
본체,번개장터,223847143,스위치 젤다 티어스킹덤 본체  새제품,308600,판매중,,https://media.bunjang.co.kr/product/223847143_1_1778159547_w{res}.jpg,https://m.bunjang.co.kr/products/223847143,2026-05-06 01:11,스위치 젤다 티어스킹덤 본체 새제품,,,desktop,N,,SALE,,,,,UNKNOWN
본체,번개장터,406233210,[번장1등 컴퓨터 풀셋트 본체]한정수량 초특가 이벤트 판매 합니다,285000,판매중,,https://media.bunjang.co.kr/product/406233210_1_1777997272_w{res}.jpg,https://m.bunjang.co.kr/products/406233210,2026-05-06 01:07,[번장1등 컴퓨터 풀셋트 본체]한정수량 초특가 이벤트 합니다,,,desktop,N,,SALE,,,,,UNKNOWN
본체,번개장터,406233179,(새제품)버즈3FE 블랙 본체(충전케이스) 단품/낱개/삼성정품,49900,판매중,,https://media.bunjang.co.kr/product/406233179_1_1777997257_w{res}.jpg,https://m.bunjang.co.kr/products/406233179,2026-05-06 01:07,(새제품)버즈3fe 블랙 본체(충전케이스) 단품/낱개/삼성,,,CASE,Y,,SALE,,,,,UNKNOWN
본체,번개장터,406232803,닌텐도 스위치 본체 네온 블루/레드,200000,판매중,,https://media.bunjang.co.kr/product/406232803_1_1777997102_w{res}.jpg,https://m.bunjang.co.kr/products/406232803,2026-05-06 01:05,닌텐도 스위치 본체 네온 블루/레드,,,desktop,N,,SALE,,,,,UNKNOWN
본체,번개장터,361349668,급처)에어팟2세대 본체 팔아요,27000,판매중,,https://media.bunjang.co.kr/product/361349668_1_1760292401_w{res}.jpg,https://m.bunjang.co.kr/products/361349668,2026-05-06 01:04,)에어팟2세대 본체,애플,에어팟 2세대,earphone,N,,SALE,,,,,UNKNOWN
본체,번개장터,403409128,에어팟4세대 노캔 본체 S급!!,58000,판매중,,https://media.bunjang.co.kr/product/403409128_1_1776906682_w{res}.jpg,https://m.bunjang.co.kr/products/403409128,2026-05-06 00:54,에어팟4세대 노캔 본체 s급!!,애플,에어팟,earphone,N,,SALE,,,,,UNKNOWN
본체,번개장터,406230911,(새제품)버즈3FE 그레이 본체(충전케이스) 단품/낱개/정품,49900,판매중,,https://media.bunjang.co.kr/product/406230911_1_1777996359_w{res}.jpg,https://m.bunjang.co.kr/products/406230911,2026-05-06 00:52,(새제품)버즈3fe 그레이 본체(충전케이스) 단품/낱개/,,,CASE,Y,,SALE,,,,,UNKNOWN
본체,번개장터,406229569,번장 이벤트 사무용 주식 TM 카톡업무 컴퓨터 본체 최저가 판매!,150000,판매중,,https://media.bunjang.co.kr/product/406229569_1_1777995869_w{res}.jpg,https://m.bunjang.co.kr/products/406229569,2026-05-06 00:44,번장 이벤트 사무용 주식 tm 카톡업무 컴퓨터 본체 최저가 !,,,desktop,N,,SALE,,,,,UNKNOWN
본체,번개장터,406225811,에어팟 프로2 8핀 라이트닝 본체 충전케이스 단품/중고,49900,판매중,,https://media.bunjang.co.kr/product/406225811_1_1777994560_w{res}.jpg,https://m.bunjang.co.kr/products/406225811,2026-05-06 00:22,에어팟 프로2 8핀 라이트닝 본체 충전케이스 단품/중고,애플,에어팟 프로,CASE,Y,,SALE,,,,,UNKNOWN
본체,번개장터,406225546,[번장특판 컴퓨터 이벤트]RTX 3060TI 모음 본체 최저가 한정수량,720000,판매중,,https://media.bunjang.co.kr/product/406225546_1_1777994467_w{res}.jpg,https://m.bunjang.co.kr/products/406225546,2026-05-06 00:21,[번장특판 컴퓨터 이벤트]rtx 3060ti 모음 본체 최저가 한정수량,,,desktop,N,,SALE,,RTX3060TI,,,MID
본체,번개장터,406222831,에어팟 프로2 C타입 본체 충전케이스 단품/중고,52900,판매중,,https://media.bunjang.co.kr/product/406222831_1_1777993657_w{res}.jpg,https://m.bunjang.co.kr/products/406222831,2026-05-06 00:07,에어팟 프로2 c타입 본체 충전케이스 단품/중고,애플,에어팟 프로,CASE,Y,,SALE,,,,,UNKNOWN
본체,번개장터,405041783,"Homall 본체 선반 데스크 확장 사이드 테이블, 화이트",45000,판매중,,https://media.bunjang.co.kr/product/405041783_1_1777559460_w{res}.jpg,https://m.bunjang.co.kr/products/405041783,2026-05-06 00:00,"homall 본체 선반 데스크 확장 사이드 테이블, 화이트",,,desktop,N,,SALE,,,,,UNKNOWN
본체,번개장터,406220981,번장 이벤트 사무용 주식 TM 카톡업무 컴퓨터 본체 최저가 판매!,150000,판매중,,https://media.bunjang.co.kr/product/406220981_1_1777993065_w{res}.jpg,https://m.bunjang.co.kr/products/406220981,2026-05-05 23:57,번장 이벤트 사무용 주식 tm 카톡업무 컴퓨터 본체 최저가 !,,,desktop,N,,SALE,,,,,UNKNOWN
본체,번개장터,406219972,(미사용/새상품) 버즈2프로 퍼플/보라 본체(충전케이스) 이어폰 단품,52900,판매중,,https://media.bunjang.co.kr/product/406219972_1_1777992757_w{res}.jpg,https://m.bunjang.co.kr/products/406219972,2026-05-05 23:52,(미사용/) 버즈2프로 퍼플/보라 본체(충전케이스) 이어폰 단품,,,CASE,Y,,SALE,,,,,UNKNOWN
본체,번개장터,404897840,비모토 V8s V3본체만 판매합니다,35000,판매중,,https://media.bunjang.co.kr/product/404897840_1_1778149934_w{res}.jpg,https://m.bunjang.co.kr/products/404897840,2026-05-05 23:48,비모토 v8s v3본체만,,,desktop,N,,SALE,,,,,UNKNOWN
본체,번개장터,406219119,버즈2프로 화이트 본체(충전케이스) 단품/낱개/중고/삼성정품,46900,판매중,,https://media.bunjang.co.kr/product/406219119_1_1777992465_w{res}.jpg,https://m.bunjang.co.kr/products/406219119,2026-05-05 23:47,버즈2프로 화이트 본체(충전케이스) 단품/낱개/중고/삼성,,,CASE,Y,,SALE,,,,,UNKNOWN
본체,번개장터,406217884,닌텐도 wii 본체 판매합니다,22000,판매중,,https://media.bunjang.co.kr/product/406217884_1_1777992092_w{res}.jpg,https://m.bunjang.co.kr/products/406217884,2026-05-05 23:41,닌텐도 wii 본체,,,desktop,N,,SALE,,,,,UNKNOWN
본체,번개장터,405326372,고사양 게이밍pc본체 업체X,1550000,예약중,,https://media.bunjang.co.kr/product/405326372_1_1778068668_w{res}.jpg,https://m.bunjang.co.kr/products/405326372,2026-05-05 23:40,고사양 게이밍pc본체 업체x,,,desktop,N,,RESERVED,,,,,UNKNOWN
본체,번개장터,406216426,[번장특판 컴퓨터 이벤트]RTX 3060TI 모음 본체 최저가 한정수량,720000,판매중,,https://media.bunjang.co.kr/product/406216426_1_1777991663_w{res}.jpg,https://m.bunjang.co.kr/products/406216426,2026-05-05 23:34,[번장특판 컴퓨터 이벤트]rtx 3060ti 모음 본체 최저가 한정수량,,,desktop,N,,SALE,,RTX3060TI,,,MID
본체,번개장터,406216107,버즈2프로 블랙/그라파이트 본체(충전케이스) 단품/낱개/중고/정품,46900,판매중,,https://media.bunjang.co.kr/product/406216107_1_1777991567_w{res}.jpg,https://m.bunjang.co.kr/products/406216107,2026-05-05 23:32,버즈2프로 블랙/그라파이트 본체(충전케이스) 단품/낱개/중고/,,,CASE,Y,,SALE,,,,,UNKNOWN
본체,번개장터,406215113,"에어팟 프로2 8핀(본체, 오른쪽 유닛)",75000,판매중,,https://media.bunjang.co.kr/product/406215113_1_1777991263_w{res}.jpg,https://m.bunjang.co.kr/products/406215113,2026-05-05 23:27,"에어팟 프로2 8핀(본체, 오른쪽 유닛)",애플,에어팟 프로,earphone,N,,SALE,,,,,UNKNOWN
본체,번개장터,406215037,번장 이벤트 사무용 주식 TM 메신저업무 컴퓨터 본체 최저가 판매!,150000,판매중,,https://media.bunjang.co.kr/product/406215037_1_1777991240_w{res}.jpg,https://m.bunjang.co.kr/products/406215037,2026-05-05 23:27,번장 이벤트 사무용 주식 tm 메신저업무 컴퓨터 본체 최저가 !,,,desktop,N,,SALE,,,,,UNKNOWN
본체,번개장터,406214965,애플 프로2세대 c타입 본체,60000,판매중,,https://media.bunjang.co.kr/product/406214965_1_1777991274_w{res}.jpg,https://m.bunjang.co.kr/products/406214965,2026-05-05 23:26,애플 프로2세대 c타입 본체,,,desktop,N,,SALE,,,,,UNKNOWN
본체,번개장터,405432761,최상급기 3070ti 3700x 본체,780000,판매중,,https://media.bunjang.co.kr/product/405432761_1_1777743018_w{res}.jpg,https://m.bunjang.co.kr/products/405432761,2026-05-05 23:24,최상급기 3070ti 3700x 본체,,,desktop,N,,SALE,,,,,UNKNOWN
본체,번개장터,406213098,버즈3 화이트 본체(충전케이스) 단품/낱개/중고/삼성정품,63900,판매중,,https://media.bunjang.co.kr/product/406213098_1_1777990660_w{res}.jpg,https://m.bunjang.co.kr/products/406213098,2026-05-05 23:17,버즈3 화이트 본체(충전케이스) 단품/낱개/중고/삼성,,,CASE,Y,,SALE,,,,,UNKNOWN
본체,번개장터,405392667,갤럭시 버즈fe 화이트 본체,40000,판매중,,https://media.bunjang.co.kr/product/405392667_1_1777712931_w{res}.jpg,https://m.bunjang.co.kr/products/405392667,2026-05-05 23:12,갤럭시 버즈fe 화이트 본체,삼성,,smartphone,N,,SALE,,,,,UNKNOWN
본체,번개장터,406211794,[번장1등 컴퓨터 풀셋트 본체]한정수량 초특가 이벤트 판매 합니다,285000,판매중,,https://media.bunjang.co.kr/product/406211794_1_1777990261_w{res}.jpg,https://m.bunjang.co.kr/products/406211794,2026-05-05 23:11,[번장1등 컴퓨터 풀셋트 본체]한정수량 초특가 이벤트 합니다,,,desktop,N,,SALE,,,,,UNKNOWN
본체,번개장터,406210030,버즈3 실버 본체(충전케이스) 단품/낱개/중고/삼성정품,63900,판매중,,https://media.bunjang.co.kr/product/406210030_1_1777989757_w{res}.jpg,https://m.bunjang.co.kr/products/406210030,2026-05-05 23:02,버즈3 실버 본체(충전케이스) 단품/낱개/중고/삼성,,,CASE,Y,,SALE,,,,,UNKNOWN
본체,번개장터,402897753,질레트 랩스 면도기 본체+7날,38000,판매중,,https://media.bunjang.co.kr/product/402897753_1_1776671901_w{res}.jpg,https://m.bunjang.co.kr/products/402897753,2026-05-05 22:59,질레트 랩스 면도기 본체+7날,,,desktop,N,,SALE,,,,,UNKNOWN
본체,번개장터,406208820,고사양 게임용 게이밍 조립pc컴퓨터 데스크탑중고컴퓨터본체 조립식,780000,판매중,,https://media.bunjang.co.kr/product/406208820_1_1777989387_w{res}.jpg,https://m.bunjang.co.kr/products/406208820,2026-05-05 22:56,고사양 게임용 게이밍 조립pc컴퓨터 데스크탑중고컴퓨터본체 조립식,,,desktop,N,,SALE,,,,,UNKNOWN
본체,번개장터,406207089,[번장1등 컴퓨터 풀셋트 본체]한정수량 초특가 이벤트 판매 합니다,285000,판매중,,https://media.bunjang.co.kr/product/406207089_1_1777988859_w{res}.jpg,https://m.bunjang.co.kr/products/406207089,2026-05-05 22:47,[번장1등 컴퓨터 풀셋트 본체]한정수량 초특가 이벤트 합니다,,,desktop,N,,SALE,,,,,UNKNOWN
본체,번개장터,406207084,(새제품)버즈3 화이트 본체(충전케이스) 단품/낱개/삼성정품,67900,판매중,,https://media.bunjang.co.kr/product/406207084_1_1777988857_w{res}.jpg,https://m.bunjang.co.kr/products/406207084,2026-05-05 22:47,(새제품)버즈3 화이트 본체(충전케이스) 단품/낱개/삼성,,,CASE,Y,,SALE,,,,,UNKNOWN
본체,번개장터,406205861,고사양 게이밍 라이젠 게임용 중고컴퓨터 조립식컴퓨터본체,780000,판매중,,https://media.bunjang.co.kr/product/406205861_1_1777988501_w{res}.jpg,https://m.bunjang.co.kr/products/406205861,2026-05-05 22:41,고사양 게이밍 라이젠 게임용 중고컴퓨터 조립식컴퓨터본체,,,desktop,N,,SALE,,,,,UNKNOWN
본체,번개장터,406204016,(새제품)버즈3 실버 본체(충전케이스) 단품/낱개/정품,67900,판매중,,https://media.bunjang.co.kr/product/406204016_1_1777987953_w{res}.jpg,https://m.bunjang.co.kr/products/406204016,2026-05-05 22:32,(새제품)버즈3 실버 본체(충전케이스) 단품/낱개/,,,CASE,Y,,SALE,,,,,UNKNOWN
본체,번개장터,286656949,정비된 아이나비 옵티마2X OPTIMA 2X 앞쪽 본체만.,50000,판매중,,https://media.bunjang.co.kr/product/286656949_1_1735378053_w{res}.jpg,https://m.bunjang.co.kr/products/286656949,2026-05-05 22:31,정비된 아이나비 옵티마2x optima 2x 앞쪽 본체만.,,,desktop,N,,SALE,,,,,UNKNOWN
본체,번개장터,284173369,정비된 폰터스 프라임 Prime 앞쪽 본체만.,40000,판매중,,https://media.bunjang.co.kr/product/284173369_1_1723434756_w{res}.jpg,https://m.bunjang.co.kr/products/284173369,2026-05-05 22:31,정비된 폰터스 프라임 prime 앞쪽 본체만.,,,desktop,N,,SALE,,,,,UNKNOWN
본체,번개장터,283470539,수리된 뷰게라 701v3 앞쪽 본체만 판매.,45000,판매중,,https://media.bunjang.co.kr/product/283470539_1_1770774713_w{res}.jpg,https://m.bunjang.co.kr/products/283470539,2026-05-05 22:31,수리된 뷰게라 701v3 앞쪽 본체만 .,,,SERVICE,Y,,SALE,,,,,UNKNOWN
본체,번개장터,283460906,정비된 유라이브 엣지 g1 edge g1 앞쪽 본체만.,35000,판매중,,https://media.bunjang.co.kr/product/283460906_1_1765770764_w{res}.jpg,https://m.bunjang.co.kr/products/283460906,2026-05-05 22:31,정비된 유라이브 엣지 g1 edge g1 앞쪽 본체만.,,,desktop,N,,SALE,,,,,UNKNOWN
본체,번개장터,399063263,정비된 마이딘 MK3 앞쪽 본체만.,48000,판매중,,https://media.bunjang.co.kr/product/399063263_1_1775190428_w{res}.jpg,https://m.bunjang.co.kr/products/399063263,2026-05-05 22:30,정비된 마이딘 mk3 앞쪽 본체만.,,,desktop,N,,SALE,,,,,UNKNOWN
본체,번개장터,284050297,정비된 폰터스 MA200 PONTUS MA200 앞쪽 본체만.,35000,판매중,,https://media.bunjang.co.kr/product/284050297_1_1732186907_w{res}.jpg,https://m.bunjang.co.kr/products/284050297,2026-05-05 22:30,정비된 폰터스 ma200 pontus ma200 앞쪽 본체만.,,,desktop,N,,SALE,,,,,UNKNOWN
본체,번개장터,283780680,정비된 하이웨이브 HIWAVE T BOX T3 본체만.,40000,판매중,,https://media.bunjang.co.kr/product/283780680_1_1749206076_w{res}.jpg,https://m.bunjang.co.kr/products/283780680,2026-05-05 22:30,정비된 하이웨이브 hiwave t box t3 본체만.,,,desktop,N,,SALE,,,,,UNKNOWN
본체,번개장터,283777928,정비된 KDsafe 앞쪽 본체만.,30000,판매중,,https://media.bunjang.co.kr/product/283777928_1_1749199433_w{res}.jpg,https://m.bunjang.co.kr/products/283777928,2026-05-05 22:30,정비된 kdsafe 앞쪽 본체만.,,,desktop,N,,SALE,,,,,UNKNOWN
본체,번개장터,283709844,정비된 지넷 지프로200 GNET GPRO200 앞쪽 본체.,30000,판매중,,https://media.bunjang.co.kr/product/283709844_1_1736077617_w{res}.jpg,https://m.bunjang.co.kr/products/283709844,2026-05-05 22:30,정비된 지넷 지프로200 gnet gpro200 앞쪽 본체.,,,desktop,N,,SALE,,,,,UNKNOWN
본체,번개장터,283596840,정비된 바넥스 BX7 Banex BX7 앞쪽 본체만.,30000,판매중,,https://media.bunjang.co.kr/product/283596840_1_1735378849_w{res}.jpg,https://m.bunjang.co.kr/products/283596840,2026-05-05 22:30,정비된 바넥스 bx7 banex bx7 앞쪽 본체만.,,,desktop,N,,SALE,,,,,UNKNOWN
본체,번개장터,283584066,정비된 효성컴퍼니 리드아이 k2s 앞쪽 본체만.,40000,판매중,,https://media.bunjang.co.kr/product/283584066_1_1748311887_w{res}.jpg,https://m.bunjang.co.kr/products/283584066,2026-05-05 22:30,정비된 효성컴퍼니 리드아이 k2s 앞쪽 본체만.,,,desktop,N,,SALE,,,,,UNKNOWN
본체,번개장터,283564533,정비된 mydean W350 마이딘 W350 앞쪽 본체만.,43000,판매중,,https://media.bunjang.co.kr/product/283564533_1_1750467878_w{res}.jpg,https://m.bunjang.co.kr/products/283564533,2026-05-05 22:30,정비된 mydean w350 마이딘 w350 앞쪽 본체만.,,,desktop,N,,SALE,,,,,UNKNOWN
본체,번개장터,283536331,정비된 뷰게라 VG500L VG-500L 앞쪽 본체만.,45000,판매중,,https://media.bunjang.co.kr/product/283536331_1_1723078296_w{res}.jpg,https://m.bunjang.co.kr/products/283536331,2026-05-05 22:30,정비된 뷰게라 vg500l vg-500l 앞쪽 본체만.,,,desktop,N,,SALE,,,,,UNKNOWN
본체,번개장터,397588855,본체  데스크탑 조립PC 라이젠 7,350000,판매중,,https://media.bunjang.co.kr/product/397588855_1_1777982549_w{res}.jpg,https://m.bunjang.co.kr/products/397588855,2026-05-05 22:26,본체 데스크탑 조립pc 라이젠 7,,,desktop,N,,SALE,,,,,UNKNOWN
본체,번개장터,406202241,번장 이벤트 사무용 주식 TM 카톡업무 컴퓨터 본체 최저가 판매!,150000,판매중,,https://media.bunjang.co.kr/product/406202241_1_1777987457_w{res}.jpg,https://m.bunjang.co.kr/products/406202241,2026-05-05 22:24,번장 이벤트 사무용 주식 tm 카톡업무 컴퓨터 본체 최저가 !,,,desktop,N,,SALE,,,,,UNKNOWN
본체,번개장터,406202085,아이나비 블랙박스 z1000본체만 부품용 고장 재부팅 됨,19000,판매중,,https://media.bunjang.co.kr/product/406202085_1_1777987432_w{res}.jpg,https://m.bunjang.co.kr/products/406202085,2026-05-05 22:23,아이나비 블랙박스 z1000본체만 부품용 고장 재부팅 됨,,,PARTS,Y,,SALE,,,,,UNKNOWN
본체,번개장터,406201470,[판매]에어팟 프로1 본체,50000,판매중,,https://media.bunjang.co.kr/product/406201470_1_1778000173_w{res}.jpg,https://m.bunjang.co.kr/products/406201470,2026-05-05 22:20,[]에어팟 프로1 본체,애플,에어팟 프로,earphone,N,,SALE,,,,,UNKNOWN
본체,번개장터,406200829,버즈3프로 화이트 본체(충전케이스) 단품/낱개/중고/삼성정품,72900,판매중,,https://media.bunjang.co.kr/product/406200829_1_1777987057_w{res}.jpg,https://m.bunjang.co.kr/products/406200829,2026-05-05 22:17,버즈3프로 화이트 본체(충전케이스) 단품/낱개/중고/삼성,,,CASE,Y,,SALE,,,,,UNKNOWN
본체,번개장터,406197553,버즈3프로 실버 본체(충전케이스) 단품/낱개/중고/삼성정품,69700,판매중,,https://media.bunjang.co.kr/product/406197553_1_1777986155_w{res}.jpg,https://m.bunjang.co.kr/products/406197553,2026-05-05 22:02,버즈3프로 실버 본체(충전케이스) 단품/낱개/중고/삼성,,,CASE,Y,,SALE,,,,,UNKNOWN
본체,번개장터,406197494,[번장1등 컴퓨터 풀셋트 본체]한정수량 초특가 이벤트 판매 합니다,285000,판매중,,https://media.bunjang.co.kr/product/406197494_1_1777986137_w{res}.jpg,https://m.bunjang.co.kr/products/406197494,2026-05-05 22:02,[번장1등 컴퓨터 풀셋트 본체]한정수량 초특가 이벤트 합니다,,,desktop,N,,SALE,,,,,UNKNOWN
본체,번개장터,406197203,[번장특판 컴퓨터 이벤트]RTX 3060TI 모음 본체 최저가 한정수량,720000,판매중,,https://media.bunjang.co.kr/product/406197203_1_1777986055_w{res}.jpg,https://m.bunjang.co.kr/products/406197203,2026-05-05 22:00,[번장특판 컴퓨터 이벤트]rtx 3060ti 모음 본체 최저가 한정수량,,,desktop,N,,SALE,,RTX3060TI,,,MID
본체,번개장터,406197141,버즈3프로 화이트 본체(충전케이스) 단품/낱개/중고/삼성정품,72900,판매중,,https://media.bunjang.co.kr/product/406197141_1_1777986039_w{res}.jpg,https://m.bunjang.co.kr/products/406197141,2026-05-05 22:00,버즈3프로 화이트 본체(충전케이스) 단품/낱개/중고/삼성,,,CASE,Y,,SALE,,,,,UNKNOWN
본체,번개장터,406194324,(새제품)버즈3프로 화이트 본체(충전케이스) 단품/낱개/삼성정품,94900,판매중,,https://media.bunjang.co.kr/product/406194324_1_1777985256_w{res}.jpg,https://m.bunjang.co.kr/products/406194324,2026-05-05 21:47,(새제품)버즈3프로 화이트 본체(충전케이스) 단품/낱개/삼성,,,CASE,Y,,SALE,,,,,UNKNOWN
본체,번개장터,406193933,버즈3프로 실버 본체(충전케이스) 단품/낱개/중고/삼성정품,69700,판매중,,https://media.bunjang.co.kr/product/406193933_1_1777985147_w{res}.jpg,https://m.bunjang.co.kr/products/406193933,2026-05-05 21:45,버즈3프로 실버 본체(충전케이스) 단품/낱개/중고/삼성,,,CASE,Y,,SALE,,,,,UNKNOWN
본체,번개장터,406192217,번장 이벤트 사무용 주식 TM 카톡업무 컴퓨터 본체 최저가 판매!,150000,판매중,,https://media.bunjang.co.kr/product/406192217_1_1777984653_w{res}.jpg,https://m.bunjang.co.kr/products/406192217,2026-05-05 21:37,번장 이벤트 사무용 주식 tm 카톡업무 컴퓨터 본체 최저가 !,,,desktop,N,,SALE,,,,,UNKNOWN
본체,번개장터,406191859,에어팟 프로2 본체(C타입),60000,예약중,,https://media.bunjang.co.kr/product/406191859_1_1777984554_w{res}.jpg,https://m.bunjang.co.kr/products/406191859,2026-05-05 21:35,에어팟 프로2 본체(c타입),애플,에어팟 프로,earphone,N,,RESERVED,,,,,UNKNOWN
본체,번개장터,406191433,번장 이벤트 사무용 주식 TM 메신저업무 컴퓨터 본체 최저가 판매!,150000,판매중,,https://media.bunjang.co.kr/product/406191433_1_1777984435_w{res}.jpg,https://m.bunjang.co.kr/products/406191433,2026-05-05 21:33,번장 이벤트 사무용 주식 tm 메신저업무 컴퓨터 본체 최저가 !,,,desktop,N,,SALE,,,,,UNKNOWN
본체,번개장터,406190776,(새제품)버즈3프로 화이트 본체(충전케이스) 단품/낱개/삼성정품,94900,판매중,,https://media.bunjang.co.kr/product/406190776_1_1777984249_w{res}.jpg,https://m.bunjang.co.kr/products/406190776,2026-05-05 21:30,(새제품)버즈3프로 화이트 본체(충전케이스) 단품/낱개/삼성,,,CASE,Y,,SALE,,,,,UNKNOWN
본체,번개장터,393328753,qcy t13 오른쪽유닛이랑 본체,11000,판매중,,https://media.bunjang.co.kr/product/393328753_1_1772705652_w{res}.jpg,https://m.bunjang.co.kr/products/393328753,2026-05-05 21:26,qcy t13 오른쪽유닛이랑 본체,,,desktop,N,,SALE,,,,,UNKNOWN
본체,번개장터,404263949,i5-14600K/DDR5 32G/2TB 고성능 작업용 본체,1325000,판매중,,https://media.bunjang.co.kr/product/404263949_1_1777642745_w{res}.jpg,https://m.bunjang.co.kr/products/404263949,2026-05-05 21:24,i5-14600k/ddr5 32g/2tb 고성능 작업용 본체,,,desktop,N,,SALE,I5-14600K,,,2048.0,UNKNOWN
본체,번개장터,404264549,i7-9700/Z390/RTX2060/32G 고사양 게이밍 본체,770000,판매중,,https://media.bunjang.co.kr/product/404264549_1_1777249675_w{res}.jpg,https://m.bunjang.co.kr/products/404264549,2026-05-05 21:24,i7-9700/z390/rtx2060/32g 고사양 게이밍 본체,,,desktop,N,,SALE,I7-9700,RTX2060,,,MID
본체,번개장터,406070719,[미개봉]PS5 플레이스테이션5 본체 (디지털 에디션),750000,판매중,,https://media.bunjang.co.kr/product/406070719_1_1778122269_w{res}.jpg,https://m.bunjang.co.kr/products/406070719,2026-05-05 21:22,[]ps5 플레이스테이션5 본체 (디지털 에디션),,,desktop,N,,SALE,,,,,UNKNOWN
본체,번개장터,406187513,(새제품)버즈3프로 실버 본체(충전케이스) 단품/낱개/정품,94900,판매중,,https://media.bunjang.co.kr/product/406187513_1_1777983346_w{res}.jpg,https://m.bunjang.co.kr/products/406187513,2026-05-05 21:15,(새제품)버즈3프로 실버 본체(충전케이스) 단품/낱개/,,,CASE,Y,,SALE,,,,,UNKNOWN
본체,번개장터,406187335,7800x3d 5070 올 화이트 본체 팝니다,2500000,판매중,,https://media.bunjang.co.kr/product/406187335_1_1778051158_w{res}.jpg,https://m.bunjang.co.kr/products/406187335,2026-05-05 21:15,7800x3d 5070 올 화이트 본체,,,desktop,N,,SALE,,,,,UNKNOWN
본체,번개장터,406187133,[번장특판 컴퓨터 이벤트]RTX 3060TI 모음 본체 최저가 한정수량,720000,판매중,,https://media.bunjang.co.kr/product/406187133_1_1777983251_w{res}.jpg,https://m.bunjang.co.kr/products/406187133,2026-05-05 21:14,[번장특판 컴퓨터 이벤트]rtx 3060ti 모음 본체 최저가 한정수량,,,desktop,N,,SALE,,RTX3060TI,,,MID
본체,번개장터,406186406,모니터+본체+삼성 LED키보드+로지텍 g102+스피커 세트,900000,판매중,,https://media.bunjang.co.kr/product/406186406_1_1778064817_w{res}.jpg,https://m.bunjang.co.kr/products/406186406,2026-05-05 21:10,모니터+본체+삼성 led키보드+로지텍 g102+스피커 세트,,,desktop,N,,SALE,,,,,UNKNOWN
본체,번개장터,406186332,에어팟 프로 3본체,100000,판매중,,https://media.bunjang.co.kr/product/406186332_1_1777983033_w{res}.jpg,https://m.bunjang.co.kr/products/406186332,2026-05-05 21:10,에어팟 프로 3본체,애플,에어팟 프로,earphone,N,,SALE,,,,,UNKNOWN
본체,번개장터,392666813,무선 전동톱 12인치 본체,65000,판매중,,https://media.bunjang.co.kr/product/392666813_1_1772423035_w{res}.jpg,https://m.bunjang.co.kr/products/392666813,2026-05-05 21:05,무선 전동톱 12인치 본체,,,desktop,N,,SALE,,,,,UNKNOWN
본체,번개장터,375067906,LED 캠핑 작업등 본체 - 마끼다배터리 호환,15000,판매중,,https://media.bunjang.co.kr/product/375067906_1_1765419253_w{res}.jpg,https://m.bunjang.co.kr/products/375067906,2026-05-05 21:05,led 캠핑 작업등 본체 - 마끼다배터리 호환,,,desktop,N,,SALE,,,,,UNKNOWN
본체,번개장터,367863289,무선정전기 본체 2가지 기능,40000,판매중,,https://media.bunjang.co.kr/product/367863289_1_1762564403_w{res}.jpg,https://m.bunjang.co.kr/products/367863289,2026-05-05 21:05,무선정전기 본체 2가지 기능,,,desktop,N,,SALE,,,,,UNKNOWN
본체,번개장터,406184989,닌텐도 스위치1 본체,150000,판매중,,https://media.bunjang.co.kr/product/406184989_1_1778193580_w{res}.jpg,https://m.bunjang.co.kr/products/406184989,2026-05-05 21:03,닌텐도 스위치1 본체,,,desktop,N,,SALE,,,,,UNKNOWN
본체,번개장터,406184493,I5 4690 가성비 사무용중고컴퓨터 컴퓨터본체 부품,180000,판매중,,https://media.bunjang.co.kr/product/406184493_1_1777982482_w{res}.jpg,https://m.bunjang.co.kr/products/406184493,2026-05-05 21:01,i5 4690 가성비 사무용중고컴퓨터 컴퓨터본체 부품,,,PARTS,Y,,SALE,I5 4690,,,,UNKNOWN
본체,번개장터,406184403,(새제품)버즈3FE 블랙 본체(충전케이스) 단품/낱개/삼성정품,49900,판매중,,https://media.bunjang.co.kr/product/406184403_1_1777982456_w{res}.jpg,https://m.bunjang.co.kr/products/406184403,2026-05-05 21:00,(새제품)버즈3fe 블랙 본체(충전케이스) 단품/낱개/삼성,,,CASE,Y,,SALE,,,,,UNKNOWN
본체,번개장터,405616429,번장 이벤트 사무용 주식 TM 메신저업무 컴퓨터 본체 최저가 판매!,150000,판매중,,https://media.bunjang.co.kr/product/405616429_1_1777800633_w{res}.jpg,https://m.bunjang.co.kr/products/405616429,2026-05-05 21:00,번장 이벤트 사무용 주식 tm 메신저업무 컴퓨터 본체 최저가 !,,,desktop,N,,SALE,,,,,UNKNOWN
본체,번개장터,405467302,[번장특판 컴퓨터 이벤트]RTX 3060TI 모음 본체 최저가 한정수량,720000,판매중,,https://media.bunjang.co.kr/product/405467302_1_1777735979_w{res}.jpg,https://m.bunjang.co.kr/products/405467302,2026-05-05 21:00,[번장특판 컴퓨터 이벤트]rtx 3060ti 모음 본체 최저가 한정수량,,,desktop,N,,SALE,,RTX3060TI,,,MID
본체,번개장터,405653494,[번장특판 컴퓨터 이벤트]RTX 3060TI 모음 본체 최저가 한정수량,720000,판매중,,https://media.bunjang.co.kr/product/405653494_1_1777810843_w{res}.jpg,https://m.bunjang.co.kr/products/405653494,2026-05-05 21:00,[번장특판 컴퓨터 이벤트]rtx 3060ti 모음 본체 최저가 한정수량,,,desktop,N,,SALE,,RTX3060TI,,,MID
본체,번개장터,404316939,"닌텐도 3DS XL 화이트 본체,포켓몬 뱅크 있어요",280000,판매중,,https://media.bunjang.co.kr/product/404316939_1_1777638602_w{res}.jpg,https://m.bunjang.co.kr/products/404316939,2026-05-05 20:58,"닌텐도 3ds xl 화이트 본체,포켓몬 뱅크 있어요",,,desktop,N,,SALE,,,,,UNKNOWN
본체,번개장터,406183617,"[리니지 클래식 컴퓨터, 아이온 본체. 수량 및 소량 납품 전문]",170000,판매중,,https://media.bunjang.co.kr/product/406183617_1_1777982235_w{res}.jpg,https://m.bunjang.co.kr/products/406183617,2026-05-05 20:57,"[리니지 클래식 컴퓨터, 아이온 본체. 수량 및 소량 납품 전문]",,,desktop,N,,SALE,,,,,UNKNOWN
본체,번개장터,406182239,[번장1등 컴퓨터 풀셋트 본체]한정수량 초특가 이벤트 판매 합니다,285000,판매중,,https://media.bunjang.co.kr/product/406182239_1_1777981849_w{res}.jpg,https://m.bunjang.co.kr/products/406182239,2026-05-05 20:50,[번장1등 컴퓨터 풀셋트 본체]한정수량 초특가 이벤트 합니다,,,desktop,N,,SALE,,,,,UNKNOWN
본체,번개장터,406181204,(새제품)버즈3FE 그레이 본체(충전케이스) 단품/낱개/정품,49900,판매중,,https://media.bunjang.co.kr/product/406181204_1_1777981561_w{res}.jpg,https://m.bunjang.co.kr/products/406181204,2026-05-05 20:46,(새제품)버즈3fe 그레이 본체(충전케이스) 단품/낱개/,,,CASE,Y,,SALE,,,,,UNKNOWN
본체,번개장터,406180595,닌텐도 DSi 핑크 본체,130000,판매중,,https://media.bunjang.co.kr/product/406180595_1_1777981399_w{res}.jpg,https://m.bunjang.co.kr/products/406180595,2026-05-05 20:43,닌텐도 dsi 핑크 본체,,,desktop,N,,SALE,,,,,UNKNOWN
본체,번개장터,406179613,Cpu 7800,370000,판매중,,https://media.bunjang.co.kr/product/406179613_1_1777981127_w{res}.jpg,https://m.bunjang.co.kr/products/406179613,2026-05-05 20:38,cpu 7800,,,UNKNOWN,N,,SALE,,,,,UNKNOWN
본체,번개장터,406179272,[번장특판 컴퓨터 이벤트]RTX 3060TI 모음 본체 최저가 한정수량,720000,판매중,,https://media.bunjang.co.kr/product/406179272_1_1777981033_w{res}.jpg,https://m.bunjang.co.kr/products/406179272,2026-05-05 20:37,[번장특판 컴퓨터 이벤트]rtx 3060ti 모음 본체 최저가 한정수량,,,desktop,N,,SALE,,RTX3060TI,,,MID
본체,번개장터,400354658,포켓몬 갤럭시 버즈 케이스 + 본체,35000,판매중,,https://media.bunjang.co.kr/product/400354658_1_1777826360_w{res}.jpg,https://m.bunjang.co.kr/products/400354658,2026-05-05 20:36,포켓몬 갤럭시 버즈 케이스 + 본체,삼성,,CASE,Y,,SALE,,,,,UNKNOWN
본체,번개장터,400477256,(미개봉) 쓰리타임즈 리본체인벨트 tht ribbon chain belt,59000,판매중,,https://media.bunjang.co.kr/product/400477256_1_1777097912_w{res}.jpg,https://m.bunjang.co.kr/products/400477256,2026-05-05 20:34,() 쓰리타임즈 리본체인벨트 tht ribbon chain belt,,,desktop,N,,SALE,,,,,UNKNOWN
본체,번개장터,406178410,사무용컴퓨터 pc 조립식사무용컴퓨터 본체 중고컴퓨터,180000,판매중,,https://media.bunjang.co.kr/product/406178410_1_1777980786_w{res}.jpg,https://m.bunjang.co.kr/products/406178410,2026-05-05 20:33,사무용컴퓨터 pc 조립식사무용컴퓨터 본체 중고컴퓨터,,,desktop,N,,SALE,,,,,UNKNOWN
본체,번개장터,406177216,[번장1등 컴퓨터 풀셋트 본체]한정수량 초특가 이벤트 판매 합니다,285000,판매중,,https://media.bunjang.co.kr/product/406177216_1_1777980447_w{res}.jpg,https://m.bunjang.co.kr/products/406177216,2026-05-05 20:27,[번장1등 컴퓨터 풀셋트 본체]한정수량 초특가 이벤트 합니다,,,desktop,N,,SALE,,,,,UNKNOWN
본체,번개장터,406176800,사무용부터게임용까지 조립식PC 컴퓨터추천 데스크탑 중고컴퓨터본체,500000,판매중,,https://media.bunjang.co.kr/product/406176800_1_1777980332_w{res}.jpg,https://m.bunjang.co.kr/products/406176800,2026-05-05 20:25,사무용부터게임용까지 조립식pc 컴퓨터추천 데스크탑 중고컴퓨터본체,,,desktop,N,,SALE,,,,,UNKNOWN
본체,번개장터,285077962,i5 4690 데스크탑 본체,150000,판매중,,https://media.bunjang.co.kr/product/285077962_1_1773832352_w{res}.jpg,https://m.bunjang.co.kr/products/285077962,2026-05-05 20:22,i5 4690 데스크탑 본체,,,desktop,N,,SALE,I5 4690,,,,UNKNOWN
본체,번개장터,406175436,(새제품)버즈3프로 실버 본체(충전케이스) 단품/낱개/정품,94900,판매중,,https://media.bunjang.co.kr/product/406175436_1_1777979977_w{res}.jpg,https://m.bunjang.co.kr/products/406175436,2026-05-05 20:19,(새제품)버즈3프로 실버 본체(충전케이스) 단품/낱개/,,,CASE,Y,,SALE,,,,,UNKNOWN
본체,번개장터,406174576,에어팟 프로2 8핀 라이트닝 본체 충전케이스 단품/중고,49900,판매중,,https://media.bunjang.co.kr/product/406174576_1_1777979772_w{res}.jpg,https://m.bunjang.co.kr/products/406174576,2026-05-05 20:16,에어팟 프로2 8핀 라이트닝 본체 충전케이스 단품/중고,애플,에어팟 프로,CASE,Y,,SALE,,,,,UNKNOWN
본체,번개장터,403237433,마끼다 18V 충전체인톱 10인치 본체 DUC258Z 미개봉 새상품,320000,판매중,,https://media.bunjang.co.kr/product/403237433_1_1776830546_w{res}.jpg,https://m.bunjang.co.kr/products/403237433,2026-05-05 20:11,마끼다 18v 충전체인톱 10인치 본체 duc258z,,,desktop,N,,SALE,,,,,UNKNOWN
본체,번개장터,373590229,마끼다 40V 충전열풍기 HG001GZ 본체 히팅건 무선열풍기 정품,195000,판매중,,https://media.bunjang.co.kr/product/373590229_1_1773927222_w{res}.jpg,https://m.bunjang.co.kr/products/373590229,2026-05-05 20:11,마끼다 40v 충전열풍기 hg001gz 본체 히팅건 무선열풍기,,,desktop,N,,SALE,,,,,UNKNOWN
본체,번개장터,406172780,[번장1등 컴퓨터 풀셋트 본체]한정수량 초특가 이벤트 판매 합니다,285000,판매중,,https://media.bunjang.co.kr/product/406172780_1_1777979331_w{res}.jpg,https://m.bunjang.co.kr/products/406172780,2026-05-05 20:08,[번장1등 컴퓨터 풀셋트 본체]한정수량 초특가 이벤트 합니다,,,desktop,N,,SALE,,,,,UNKNOWN
본체,번개장터,406171781,(새제품)버즈3FE 블랙 본체(충전케이스) 단품/낱개/삼성정품,49900,판매중,,https://media.bunjang.co.kr/product/406171781_1_1777979077_w{res}.jpg,https://m.bunjang.co.kr/products/406171781,2026-05-05 20:04,(새제품)버즈3fe 블랙 본체(충전케이스) 단품/낱개/삼성,,,CASE,Y,,SALE,,,,,UNKNOWN
본체,번개장터,406171653,번장 이벤트 사무용 주식 TM 카톡업무 컴퓨터 본체 최저가 판매!,150000,판매중,,https://media.bunjang.co.kr/product/406171653_1_1777979045_w{res}.jpg,https://m.bunjang.co.kr/products/406171653,2026-05-05 20:04,번장 이벤트 사무용 주식 tm 카톡업무 컴퓨터 본체 최저가 !,,,desktop,N,,SALE,,,,,UNKNOWN
본체,번개장터,404106927,임다돌 2.2 쁘띠도로시 본체,195000,판매중,,https://media.bunjang.co.kr/product/404106927_1_1777202293_w{res}.jpg,https://m.bunjang.co.kr/products/404106927,2026-05-05 20:01,임다돌 2.2 쁘띠도로시 본체,,,desktop,N,,SALE,,,,,UNKNOWN
본체,번개장터,371727216,반본체 GIGABYTE GA-EP43-US3L,22000,판매중,,https://media.bunjang.co.kr/product/371727216_1_1777978910_w{res}.jpg,https://m.bunjang.co.kr/products/371727216,2026-05-05 20:00,반본체 gigabyte ga-ep43-us3l,,,desktop,N,,SALE,,,,,UNKNOWN
본체,번개장터,406170975,에어팟 프로2 C타입 본체 충전케이스 단품/중고,52900,판매중,,https://media.bunjang.co.kr/product/406170975_1_1777978854_w{res}.jpg,https://m.bunjang.co.kr/products/406170975,2026-05-05 20:00,에어팟 프로2 c타입 본체 충전케이스 단품/중고,애플,에어팟 프로,CASE,Y,,SALE,,,,,UNKNOWN
본체,번개장터,406168490,(새제품)버즈3FE 그레이 본체(충전케이스) 단품/낱개/정품,49900,판매중,,https://media.bunjang.co.kr/product/406168490_1_1777978177_w{res}.jpg,https://m.bunjang.co.kr/products/406168490,2026-05-05 19:49,(새제품)버즈3fe 그레이 본체(충전케이스) 단품/낱개/,,,CASE,Y,,SALE,,,,,UNKNOWN
본체,번개장터,394656584,에어팟 프로2 본체,40000,판매중,,https://media.bunjang.co.kr/product/394656584_1_1773258403_w{res}.jpg,https://m.bunjang.co.kr/products/394656584,2026-05-05 19:48,에어팟 프로2 본체,애플,에어팟 프로,earphone,N,,SALE,,,,,UNKNOWN
본체,번개장터,406167658,(미사용/새상품) 버즈2프로 퍼플/보라 본체(충전케이스) 이어폰 단품,52900,판매중,,https://media.bunjang.co.kr/product/406167658_1_1777977946_w{res}.jpg,https://m.bunjang.co.kr/products/406167658,2026-05-05 19:45,(미사용/) 버즈2프로 퍼플/보라 본체(충전케이스) 이어폰 단품,,,CASE,Y,,SALE,,,,,UNKNOWN
본체,번개장터,406166554,버즈2프로 화이트 본체(충전케이스) 단품/낱개/중고/삼성정품,46900,판매중,,https://media.bunjang.co.kr/product/406166554_1_1777977663_w{res}.jpg,https://m.bunjang.co.kr/products/406166554,2026-05-05 19:41,버즈2프로 화이트 본체(충전케이스) 단품/낱개/중고/삼성,,,CASE,Y,,SALE,,,,,UNKNOWN
본체,번개장터,406166452,[번장특판 컴퓨터 이벤트]RTX 3060TI 모음 본체 최저가 한정수량,720000,판매중,,https://media.bunjang.co.kr/product/406166452_1_1777977642_w{res}.jpg,https://m.bunjang.co.kr/products/406166452,2026-05-05 19:40,[번장특판 컴퓨터 이벤트]rtx 3060ti 모음 본체 최저가 한정수량,,,desktop,N,,SALE,,RTX3060TI,,,MID
본체,번개장터,406166397,번장 이벤트 사무용 주식 TM 메신저업무 컴퓨터 본체 최저가 판매!,150000,판매중,,https://media.bunjang.co.kr/product/406166397_1_1777977629_w{res}.jpg,https://m.bunjang.co.kr/products/406166397,2026-05-05 19:40,번장 이벤트 사무용 주식 tm 메신저업무 컴퓨터 본체 최저가 !,,,desktop,N,,SALE,,,,,UNKNOWN
본체,번개장터,406166343,RTX3060 게이밍 게임용컴퓨터 중고 조립식컴퓨터본체,750000,판매중,,https://media.bunjang.co.kr/product/406166343_1_1777977615_w{res}.jpg,https://m.bunjang.co.kr/products/406166343,2026-05-05 19:40,rtx3060 게이밍 게임용컴퓨터 중고 조립식컴퓨터본체,,,desktop,N,,SALE,,RTX3060,,,MID
본체,번개장터,403528853,버즈3 화이트 본체(충전케이스) 단품/낱개/중고/삼성정품,63900,판매중,,https://media.bunjang.co.kr/product/403528853_1_1776944748_w{res}.jpg,https://m.bunjang.co.kr/products/403528853,2026-05-05 19:30,버즈3 화이트 본체(충전케이스) 단품/낱개/중고/삼성,,,CASE,Y,,SALE,,,,,UNKNOWN
본체,번개장터,402450203,(새제품)버즈3FE 그레이 본체(충전케이스) 단품/낱개/정품,49900,판매중,,https://media.bunjang.co.kr/product/402450203_1_1776507384_w{res}.jpg,https://m.bunjang.co.kr/products/402450203,2026-05-05 19:30,(새제품)버즈3fe 그레이 본체(충전케이스) 단품/낱개/,,,CASE,Y,,SALE,,,,,UNKNOWN
본체,번개장터,406163969,닌텐도 스위치 본체,140000,판매중,,https://media.bunjang.co.kr/product/406163969_1_1777977973_w{res}.jpg,https://m.bunjang.co.kr/products/406163969,2026-05-05 19:30,닌텐도 스위치 본체,,,desktop,N,,SALE,,,,,UNKNOWN
본체,번개장터,406163955,5070ti 컴퓨터 본체 팝니다.,3300000,판매중,,https://media.bunjang.co.kr/product/406163955_1_1777977112_w{res}.jpg,https://m.bunjang.co.kr/products/406163955,2026-05-05 19:29,5070ti 컴퓨터 본체 .,,,desktop,N,,SALE,,,,,UNKNOWN
본체,번개장터,378426890,겨울비 스튜디오 유영 sd 남아 본체 구체관절인형 일괄 ㅅㅊㅇ,200000,판매중,,https://media.bunjang.co.kr/product/378426890_1_1773569073_w{res}.jpg,https://m.bunjang.co.kr/products/378426890,2026-05-05 19:28,겨울비 스튜디오 유영 sd 남아 본체 구체관절인형 일괄 ㅅㅊㅇ,,,desktop,N,,SALE,,,,,UNKNOWN
본체,번개장터,406163121,버즈2프로 블랙/그라파이트 본체(충전케이스) 단품/낱개/중고/정품,46900,판매중,,https://media.bunjang.co.kr/product/406163121_1_1777976748_w{res}.jpg,https://m.bunjang.co.kr/products/406163121,2026-05-05 19:25,버즈2프로 블랙/그라파이트 본체(충전케이스) 단품/낱개/중고/,,,CASE,Y,,SALE,,,,,UNKNOWN
본체,번개장터,382539191,"HP Z620 워크스테이션 본체 (vga, hdd 제외)",450000,판매중,,https://media.bunjang.co.kr/product/382539191_1_1771816425_w{res}.jpg,https://m.bunjang.co.kr/products/382539191,2026-05-05 19:25,"hp z620 워크스테이션 본체 (vga, hdd 제외)",,,desktop,N,,SALE,,,,,UNKNOWN
본체,번개장터,406161748,라이젠고사양 게임용조립PC컴퓨터본체추천 게이밍,490000,판매중,,https://media.bunjang.co.kr/product/406161748_1_1777976390_w{res}.jpg,https://m.bunjang.co.kr/products/406161748,2026-05-05 19:19,라이젠고사양 게임용조립pc컴퓨터본체추천 게이밍,,,desktop,N,,SALE,,,,,UNKNOWN
본체,번개장터,406161695,에어팟 프로2 8핀 라이트닝 본체 충전케이스 단품/중고,49900,판매중,,https://media.bunjang.co.kr/product/406161695_1_1777976377_w{res}.jpg,https://m.bunjang.co.kr/products/406161695,2026-05-05 19:19,에어팟 프로2 8핀 라이트닝 본체 충전케이스 단품/중고,애플,에어팟 프로,CASE,Y,,SALE,,,,,UNKNOWN
본체,번개장터,406161177,번장 이벤트 사무용 주식 TM 카톡업무 컴퓨터 본체 최저가 판매!,150000,판매중,,https://media.bunjang.co.kr/product/406161177_1_1777976240_w{res}.jpg,https://m.bunjang.co.kr/products/406161177,2026-05-05 19:17,번장 이벤트 사무용 주식 tm 카톡업무 컴퓨터 본체 최저가 !,,,desktop,N,,SALE,,,,,UNKNOWN
본체,번개장터,401567884,에어팟 4세대 노캔 본체,90000,판매중,,https://media.bunjang.co.kr/product/401567884_1_1776159345_w{res}.jpg,https://m.bunjang.co.kr/products/401567884,2026-05-05 19:13,에어팟 4세대 노캔 본체,애플,에어팟,earphone,N,,SALE,,,,,UNKNOWN
본체,번개장터,406159729,버즈3 화이트 본체(충전케이스) 단품/낱개/중고/삼성정품,63900,판매중,,https://media.bunjang.co.kr/product/406159729_1_1777975845_w{res}.jpg,https://m.bunjang.co.kr/products/406159729,2026-05-05 19:10,버즈3 화이트 본체(충전케이스) 단품/낱개/중고/삼성,,,CASE,Y,,SALE,,,,,UNKNOWN
본체,번개장터,406158360,에어팟 프로2 C타입 본체 충전케이스 단품/중고,52900,판매중,,https://media.bunjang.co.kr/product/406158360_1_1777975475_w{res}.jpg,https://m.bunjang.co.kr/products/406158360,2026-05-05 19:04,에어팟 프로2 c타입 본체 충전케이스 단품/중고,애플,에어팟 프로,CASE,Y,,SALE,,,,,UNKNOWN
본체,번개장터,291477474,액션피규어 쿨걸 cy걸 블러디로즈 중고품 본체만 bloody rose,41000,판매중,,https://media.bunjang.co.kr/product/291477474_1_1770199121_w{res}.jpg,https://m.bunjang.co.kr/products/291477474,2026-05-05 19:02,액션피규어 쿨걸 cy걸 블러디로즈 중고품 본체만 bloody rose,,,desktop,N,,SALE,,,,,UNKNOWN
본체,번개장터,406157909,에어팟 프로 1세대 본체 + 오른쪽 유닛,68000,판매중,,https://media.bunjang.co.kr/product/406157909_1_1778095241_w{res}.jpg,https://m.bunjang.co.kr/products/406157909,2026-05-05 19:02,에어팟 프로 1세대 본체 + 오른쪽 유닛,애플,에어팟 프로,earphone,N,,SALE,,,,,UNKNOWN
본체,번개장터,404955632,슈어 마이크 본체 + 거치대 + 케이스,110000,판매중,,https://media.bunjang.co.kr/product/404955632_1_1777755826_w{res}.jpg,https://m.bunjang.co.kr/products/404955632,2026-05-05 19:00,슈어 마이크 본체 + 거치대 + 케이스,,,CASE,Y,,SALE,,,,,UNKNOWN
본체,번개장터,406156394,버즈3 실버 본체(충전케이스) 단품/낱개/중고/삼성정품,63900,판매중,,https://media.bunjang.co.kr/product/406156394_1_1777974945_w{res}.jpg,https://m.bunjang.co.kr/products/406156394,2026-05-05 18:55,버즈3 실버 본체(충전케이스) 단품/낱개/중고/삼성,,,CASE,Y,,SALE,,,,,UNKNOWN
본체,번개장터,406155943,에어팟 프로2 C타입 본체 판매합니다,55000,판매중,,https://media.bunjang.co.kr/product/406155943_1_1777975096_w{res}.jpg,https://m.bunjang.co.kr/products/406155943,2026-05-05 18:53,에어팟 프로2 c타입 본체,애플,에어팟 프로,earphone,N,,SALE,,,,,UNKNOWN
본체,번개장터,404352390,12600kf 2080ti 1.5TB 16GB 상태 최상 고성능 본체,1120000,판매중,,https://media.bunjang.co.kr/product/404352390_1_1777974837_w{res}.jpg,https://m.bunjang.co.kr/products/404352390,2026-05-05 18:53,12600kf 2080ti 1.5tb 16gb 상태 최상 고성능 본체,,,desktop,N,16.0,SALE,,,,5120.0,UNKNOWN
본체,번개장터,406147708,에어팟 프로 2 C타입 본체+오른쪽,100000,판매중,,https://media.bunjang.co.kr/product/406147708_1_1777974720_w{res}.jpg,https://m.bunjang.co.kr/products/406147708,2026-05-05 18:51,에어팟 프로 2 c타입 본체+오른쪽,애플,에어팟 프로,earphone,N,,SALE,,,,,UNKNOWN
본체,번개장터,406155033,(미사용/새상품) 버즈2프로 퍼플/보라 본체(충전케이스) 이어폰 단품,52900,판매중,,https://media.bunjang.co.kr/product/406155033_1_1777974576_w{res}.jpg,https://m.bunjang.co.kr/products/406155033,2026-05-05 18:49,(미사용/) 버즈2프로 퍼플/보라 본체(충전케이스) 이어폰 단품,,,CASE,Y,,SALE,,,,,UNKNOWN
본체,번개장터,406153835,버즈2프로 화이트 본체(충전케이스) 단품/낱개/중고/삼성정품,46900,판매중,,https://media.bunjang.co.kr/product/406153835_1_1777974276_w{res}.jpg,https://m.bunjang.co.kr/products/406153835,2026-05-05 18:44,버즈2프로 화이트 본체(충전케이스) 단품/낱개/중고/삼성,,,CASE,Y,,SALE,,,,,UNKNOWN
본체,번개장터,406153628,[번장특판 컴퓨터 이벤트]RTX 3060TI 모음 본체 최저가 한정수량,720000,판매중,,https://media.bunjang.co.kr/product/406153628_1_1777974227_w{res}.jpg,https://m.bunjang.co.kr/products/406153628,2026-05-05 18:43,[번장특판 컴퓨터 이벤트]rtx 3060ti 모음 본체 최저가 한정수량,,,desktop,N,,SALE,,RTX3060TI,,,MID
본체,번개장터,406153530,(새상품)-유한양행 해피홈 파워매트S 156매 + 본체 1개,7000,판매중,,https://media.bunjang.co.kr/product/406153530_1_1777974568_w{res}.jpg,https://m.bunjang.co.kr/products/406153530,2026-05-05 18:43,()-유한양행 해피홈 파워매트s 156매 + 본체 1개,,,PARTS,Y,,SALE,,,,,UNKNOWN
본체,번개장터,406152996,(새제품)버즈3 화이트 본체(충전케이스) 단품/낱개/삼성정품,67900,판매중,,https://media.bunjang.co.kr/product/406152996_1_1777974063_w{res}.jpg,https://m.bunjang.co.kr/products/406152996,2026-05-05 18:41,(새제품)버즈3 화이트 본체(충전케이스) 단품/낱개/삼성,,,CASE,Y,,SALE,,,,,UNKNOWN
본체,번개장터,400587854,주술회전 스쿠나 PC본체 패널 (화이트),250000,판매중,,https://media.bunjang.co.kr/product/400587854_1_1777270195_w{res}.jpg,https://m.bunjang.co.kr/products/400587854,2026-05-05 18:37,주술회전 스쿠나 pc본체 패널 (화이트),,,desktop,N,,SALE,,,,,UNKNOWN
본체,번개장터,406150386,[번장1등 컴퓨터 풀셋트 본체]한정수량 초특가 이벤트 판매 합니다,285000,판매중,,https://media.bunjang.co.kr/product/406150386_1_1777973436_w{res}.jpg,https://m.bunjang.co.kr/products/406150386,2026-05-05 18:30,[번장1등 컴퓨터 풀셋트 본체]한정수량 초특가 이벤트 합니다,,,desktop,N,,SALE,,,,,UNKNOWN
본체,번개장터,406150125,버즈2프로 블랙/그라파이트 본체(충전케이스) 단품/낱개/중고/정품,46900,판매중,,https://media.bunjang.co.kr/product/406150125_1_1777973377_w{res}.jpg,https://m.bunjang.co.kr/products/406150125,2026-05-05 18:29,버즈2프로 블랙/그라파이트 본체(충전케이스) 단품/낱개/중고/,,,CASE,Y,,SALE,,,,,UNKNOWN
본체,번개장터,393593131,닌텐도 스위치 OLED 본체만(포켓몬스터 스칼렛 바이올렛 에디션),170000,판매중,,https://media.bunjang.co.kr/product/393593131_1_1773397250_w{res}.jpg,https://m.bunjang.co.kr/products/393593131,2026-05-05 18:26,닌텐도 스위치 oled 본체만(포켓몬스터 스칼렛 바이올렛 에디션),,,desktop,N,,SALE,,,,,UNKNOWN
본체,번개장터,406149317,(새제품)버즈3 실버 본체(충전케이스) 단품/낱개/정품,67900,판매중,,https://media.bunjang.co.kr/product/406149317_1_1777973170_w{res}.jpg,https://m.bunjang.co.kr/products/406149317,2026-05-05 18:26,(새제품)버즈3 실버 본체(충전케이스) 단품/낱개/,,,CASE,Y,,SALE,,,,,UNKNOWN
본체,번개장터,406147947,고사양 게임용 게이밍 조립pc컴퓨터 데스크탑중고컴퓨터본체 조립식,780000,판매중,,https://media.bunjang.co.kr/product/406147947_1_1777972822_w{res}.jpg,https://m.bunjang.co.kr/products/406147947,2026-05-05 18:20,고사양 게임용 게이밍 조립pc컴퓨터 데스크탑중고컴퓨터본체 조립식,,,desktop,N,,SALE,,,,,UNKNOWN
본체,번개장터,406147471,닌텐도 스위치 블랙 본체 단품,95000,판매중,,https://media.bunjang.co.kr/product/406147471_1_1777972693_w{res}.jpg,https://m.bunjang.co.kr/products/406147471,2026-05-05 18:18,닌텐도 스위치 블랙 본체 단품,,,desktop,N,,SALE,,,,,UNKNOWN
본체,번개장터,406146772,[번장1등 컴퓨터 풀셋트 본체]한정수량 초특가 이벤트 판매 합니다,285000,판매중,,https://media.bunjang.co.kr/product/406146772_1_1777972525_w{res}.jpg,https://m.bunjang.co.kr/products/406146772,2026-05-05 18:15,[번장1등 컴퓨터 풀셋트 본체]한정수량 초특가 이벤트 합니다,,,desktop,N,,SALE,,,,,UNKNOWN
본체,번개장터,406146577,버즈3 화이트 본체(충전케이스) 단품/낱개/중고/삼성정품,63900,판매중,,https://media.bunjang.co.kr/product/406146577_1_1777972478_w{res}.jpg,https://m.bunjang.co.kr/products/406146577,2026-05-05 18:14,버즈3 화이트 본체(충전케이스) 단품/낱개/중고/삼성,,,CASE,Y,,SALE,,,,,UNKNOWN
본체,번개장터,406146568,"사무용컴퓨터pc 중고컴퓨터, 조립식컴퓨터본체 rtx2070",780000,판매중,,https://media.bunjang.co.kr/product/406146568_1_1777972476_w{res}.jpg,https://m.bunjang.co.kr/products/406146568,2026-05-05 18:14,"사무용컴퓨터pc 중고컴퓨터, 조립식컴퓨터본체 rtx2070",,,desktop,N,,SALE,,RTX2070,,,MID
본체,번개장터,406145623,버즈3프로 화이트 본체(충전케이스) 단품/낱개/중고/삼성정품,72900,판매중,,https://media.bunjang.co.kr/product/406145623_1_1777972251_w{res}.jpg,https://m.bunjang.co.kr/products/406145623,2026-05-05 18:10,버즈3프로 화이트 본체(충전케이스) 단품/낱개/중고/삼성,,,CASE,Y,,SALE,,,,,UNKNOWN
본체,번개장터,406142903,버즈3 실버 본체(충전케이스) 단품/낱개/중고/삼성정품,63900,판매중,,https://media.bunjang.co.kr/product/406142903_1_1777971576_w{res}.jpg,https://m.bunjang.co.kr/products/406142903,2026-05-05 17:59,버즈3 실버 본체(충전케이스) 단품/낱개/중고/삼성,,,CASE,Y,,SALE,,,,,UNKNOWN
본체,번개장터,406142512,"게이밍 게임용컴퓨터, 중고 조립식컴퓨터 i5 컴퓨터본체",470000,판매중,,https://media.bunjang.co.kr/product/406142512_1_1777971471_w{res}.jpg,https://m.bunjang.co.kr/products/406142512,2026-05-05 17:57,"게이밍 게임용컴퓨터, 중고 조립식컴퓨터 i5 컴퓨터본체",,,desktop,N,,SALE,,,,,UNKNOWN
본체,번개장터,399009805,9800x3d rtx 4070ti ddr5 64gb 게이밍 컴퓨터 본체,2900000,판매중,,https://media.bunjang.co.kr/product/399009805_1_1775608358_w{res}.jpg,https://m.bunjang.co.kr/products/399009805,2026-05-05 17:55,9800x3d rtx 4070ti ddr5 64gb 게이밍 컴퓨터 본체,,,desktop,N,64.0,SALE,,RTX4070TI,,,HIGH
본체,번개장터,404455948,13600kf rx 7900xtx 게이밍 컴퓨터 본체,2100000,판매중,,https://media.bunjang.co.kr/product/404455948_1_1777316321_w{res}.jpg,https://m.bunjang.co.kr/products/404455948,2026-05-05 17:55,13600kf rx 7900xtx 게이밍 컴퓨터 본체,,,desktop,N,,SALE,,RX7900XT,,,HIGH
본체,번개장터,403846978,7950x3d ddr5 32gb 게이밍 컴퓨터 반 본체,1600000,판매중,,https://media.bunjang.co.kr/product/403846978_1_1777088655_w{res}.jpg,https://m.bunjang.co.kr/products/403846978,2026-05-05 17:55,7950x3d ddr5 32gb 게이밍 컴퓨터 반 본체,,,desktop,N,32.0,SALE,,,,,UNKNOWN
본체,번개장터,402486976,실바니안 병원 세트 일괄 ( 간호사+치과 의사+병원 본체 ),85000,판매중,,https://media.bunjang.co.kr/product/402486976_1_1776517976_w{res}.jpg,https://m.bunjang.co.kr/products/402486976,2026-05-05 17:50,실바니안 병원 세트 일괄 ( 간호사+치과 의사+병원 본체 ),,,desktop,N,,SALE,,,,,UNKNOWN
본체,번개장터,406139868,번장 이벤트 사무용 주식 TM 메신저업무 컴퓨터 본체 최저가 판매!,150000,판매중,,https://media.bunjang.co.kr/product/406139868_1_1777970823_w{res}.jpg,https://m.bunjang.co.kr/products/406139868,2026-05-05 17:47,번장 이벤트 사무용 주식 tm 메신저업무 컴퓨터 본체 최저가 !,,,desktop,N,,SALE,,,,,UNKNOWN
본체,번개장터,406139864,컴퓨터본체추천! 데스크탑 중고 게이밍게임용조립식PC,390000,판매중,,https://media.bunjang.co.kr/product/406139864_1_1777970821_w{res}.jpg,https://m.bunjang.co.kr/products/406139864,2026-05-05 17:47,컴퓨터본체추천! 데스크탑 중고 게이밍게임용조립식pc,,,desktop,N,,SALE,,,,,UNKNOWN
본체,번개장터,406139296,(새제품)버즈3 화이트 본체(충전케이스) 단품/낱개/삼성정품,67900,판매중,,https://media.bunjang.co.kr/product/406139296_1_1777970674_w{res}.jpg,https://m.bunjang.co.kr/products/406139296,2026-05-05 17:44,(새제품)버즈3 화이트 본체(충전케이스) 단품/낱개/삼성,,,CASE,Y,,SALE,,,,,UNKNOWN
본체,번개장터,406139222,"에어팟 2프로 본체,오른쪽 유닛",80000,판매중,,https://media.bunjang.co.kr/product/406139222_1_1778160923_w{res}.jpg,https://m.bunjang.co.kr/products/406139222,2026-05-05 17:44,"에어팟 2프로 본체,오른쪽 유닛",애플,에어팟 프로,earphone,N,,SALE,,,,,UNKNOWN
본체,번개장터,406139133,번장 이벤트 사무용 주식 TM 카톡업무 컴퓨터 본체 최저가 판매!,150000,판매중,,https://media.bunjang.co.kr/product/406139133_1_1777970632_w{res}.jpg,https://m.bunjang.co.kr/products/406139133,2026-05-05 17:43,번장 이벤트 사무용 주식 tm 카톡업무 컴퓨터 본체 최저가 !,,,desktop,N,,SALE,,,,,UNKNOWN
본체,번개장터,402261667,삼성 i5-4590 중고 본체 판매,99000,판매중,,https://media.bunjang.co.kr/product/402261667_1_1776766975_w{res}.jpg,https://m.bunjang.co.kr/products/402261667,2026-05-05 17:38,삼성 i5-4590 중고 본체,,,desktop,N,,SALE,I5-4590,,,,UNKNOWN
본체,번개장터,403518633,주연 G840 문서작성 및 인터넷용 중고 본체,60000,판매중,,https://media.bunjang.co.kr/product/403518633_1_1776941614_w{res}.jpg,https://m.bunjang.co.kr/products/403518633,2026-05-05 17:37,주연 g840 문서작성 및 인터넷용 중고 본체,,,desktop,N,,SALE,,,,,UNKNOWN
본체,번개장터,404287168,13세대 i5 + RTX 3060 Ti 화이트 LED 게이밍 PC 본체,850000,판매중,,https://media.bunjang.co.kr/product/404287168_1_1777257874_w{res}.jpg,https://m.bunjang.co.kr/products/404287168,2026-05-05 17:35,13세대 i5 + rtx 3060 ti 화이트 led 게이밍 pc 본체,,,desktop,N,,SALE,,RTX3060TI,,,MID
본체,번개장터,406135785,(새제품)버즈3 실버 본체(충전케이스) 단품/낱개/정품,67900,판매중,,https://media.bunjang.co.kr/product/406135785_1_1777969778_w{res}.jpg,https://m.bunjang.co.kr/products/406135785,2026-05-05 17:29,(새제품)버즈3 실버 본체(충전케이스) 단품/낱개/,,,CASE,Y,,SALE,,,,,UNKNOWN
본체,번개장터,406135306,(무료배송) 닌텐도ds 본체 라이트 일본판 화이트,144000,판매중,,https://media.bunjang.co.kr/product/406135306_1_1777969656_w{res}.jpg,https://m.bunjang.co.kr/products/406135306,2026-05-05 17:27,(무료배송) 닌텐도ds 본체 라이트 일본판 화이트,,,desktop,N,,SALE,,,,,UNKNOWN
본체,번개장터,406133580,[번장특판 컴퓨터 이벤트]RTX 3060TI 모음 본체 최저가 한정수량,720000,판매중,,https://media.bunjang.co.kr/product/406133580_1_1777969230_w{res}.jpg,https://m.bunjang.co.kr/products/406133580,2026-05-05 17:20,[번장특판 컴퓨터 이벤트]rtx 3060ti 모음 본체 최저가 한정수량,,,desktop,N,,SALE,,RTX3060TI,,,MID
본체,번개장터,406132674,에어팟 프로2 본체 왼쪽유닛 ㅍ,80000,판매중,,https://media.bunjang.co.kr/product/406132674_1_1777969009_w{res}.jpg,https://m.bunjang.co.kr/products/406132674,2026-05-05 17:16,에어팟 프로2 본체 왼쪽유닛 ㅍ,애플,에어팟 프로,earphone,N,,SALE,,,,,UNKNOWN
본체,번개장터,386954807,[정품]디월트 미드토크 임팩렌치 DCF892본체만,180000,판매중,,https://media.bunjang.co.kr/product/386954807_1_1776710749_w{res}.jpg,https://m.bunjang.co.kr/products/386954807,2026-05-05 17:14,[]디월트 미드토크 임팩렌치 dcf892본체만,,,desktop,N,,SALE,,,,,UNKNOWN
본체,번개장터,406132091,버즈3프로 화이트 본체(충전케이스) 단품/낱개/중고/삼성정품,72900,판매중,,https://media.bunjang.co.kr/product/406132091_1_1777968879_w{res}.jpg,https://m.bunjang.co.kr/products/406132091,2026-05-05 17:14,버즈3프로 화이트 본체(충전케이스) 단품/낱개/중고/삼성,,,CASE,Y,,SALE,,,,,UNKNOWN
본체,번개장터,351797049,닌텐도 스위치 OLED 젤다 왕국의눈물 에디션 본체 + 니트로덱 새제품,270000,판매중,,https://media.bunjang.co.kr/product/351797049_1_1761545183_w{res}.jpg,https://m.bunjang.co.kr/products/351797049,2026-05-05 17:04,닌텐도 스위치 oled 젤다 왕국의눈물 에디션 본체 + 니트로덱 새제품,,,desktop,N,,SALE,,,,,UNKNOWN
본체,번개장터,398643570,닌텐도 3DS XL 핑크 (포켓몬뱅크) 본체만 터치펜 x,350000,판매중,,https://media.bunjang.co.kr/product/398643570_1_1778214038_w{res}.jpg,https://m.bunjang.co.kr/products/398643570,2026-05-05 17:02,닌텐도 3ds xl 핑크 (포켓몬뱅크) 본체만 터치펜 x,,,desktop,N,,SALE,,,,,UNKNOWN
본체,번개장터,406128592,버즈3프로 실버 본체(충전케이스) 단품/낱개/중고/삼성정품,69700,판매중,,https://media.bunjang.co.kr/product/406128592_1_1777967976_w{res}.jpg,https://m.bunjang.co.kr/products/406128592,2026-05-05 16:59,버즈3프로 실버 본체(충전케이스) 단품/낱개/중고/삼성,,,CASE,Y,,SALE,,,,,UNKNOWN
본체,번개장터,403709432,고장난 스위치 라이트 본체 삽니다. switch lite,70000,판매중,,https://media.bunjang.co.kr/product/403709432_1_1777023912_w{res}.jpg,https://m.bunjang.co.kr/products/403709432,2026-05-05 16:58,고장난 스위치 라이트 본체 . switch lite,,,PARTS,Y,,SALE,,,,,UNKNOWN
본체,번개장터,406127982,번장 이벤트 사무용 주식 TM 카톡업무 컴퓨터 본체 최저가 판매!,150000,판매중,,https://media.bunjang.co.kr/product/406127982_1_1777967828_w{res}.jpg,https://m.bunjang.co.kr/products/406127982,2026-05-05 16:57,번장 이벤트 사무용 주식 tm 카톡업무 컴퓨터 본체 최저가 !,,,desktop,N,,SALE,,,,,UNKNOWN
본체,번개장터,395972654,에어팟4세대(anc) 본체만,55000,판매중,,https://media.bunjang.co.kr/product/395972654_1_1777549612_w{res}.jpg,https://m.bunjang.co.kr/products/395972654,2026-05-05 16:53,에어팟4세대(anc) 본체만,애플,에어팟,earphone,N,,SALE,,,,,UNKNOWN
본체,번개장터,406125982,pc본체팝니다,400000,판매중,,https://media.bunjang.co.kr/product/406125982_1_1777967347_w{res}.jpg,https://m.bunjang.co.kr/products/406125982,2026-05-05 16:49,pc본체,,,desktop,N,,SALE,,,,,UNKNOWN
본체,번개장터,406125167,(새제품)버즈3프로 화이트 본체(충전케이스) 단품/낱개/삼성정품,94900,판매중,,https://media.bunjang.co.kr/product/406125167_1_1777967156_w{res}.jpg,https://m.bunjang.co.kr/products/406125167,2026-05-05 16:45,(새제품)버즈3프로 화이트 본체(충전케이스) 단품/낱개/삼성,,,CASE,Y,,SALE,,,,,UNKNOWN
본체,번개장터,406122097,[번장특판 컴퓨터 이벤트]RTX 3060TI 모음 본체 최저가 한정수량,720000,판매중,,https://media.bunjang.co.kr/product/406122097_1_1777966425_w{res}.jpg,https://m.bunjang.co.kr/products/406122097,2026-05-05 16:33,[번장특판 컴퓨터 이벤트]rtx 3060ti 모음 본체 최저가 한정수량,,,desktop,N,,SALE,,RTX3060TI,,,MID
본체,번개장터,406119601,리안리 풀 알루미늄 케이스와 램 16G 가성비 본체 (사무/거실용),120000,판매중,,https://media.bunjang.co.kr/product/406119601_1_1777965789_w{res}.jpg,https://m.bunjang.co.kr/products/406119601,2026-05-05 16:23,리안리 풀 알루미늄 케이스와 램 16g 가성비 본체 (사무/거실용),,,CASE,Y,,SALE,,,,,UNKNOWN
본체,중고나라,227787501,"7800x3d, 5070ti 고사양 하이엔드 게이밍 본체",2800000,판매중,,https://img2.joongna.com/media/original/2026/04/22/1776818344263BW0_1XBv3.jpg?impolicy=thumb&size=150,https://web.joongna.com/product/227787501,2026-05-08 16:10,"7800x3d, 5070ti 고사양 하이엔드 게이밍 본체",,,desktop,N,,SALE,,,,,UNKNOWN
본체,중고나라,228382039,"7800X3D , RTX 5070 게이밍 본체",1990000,판매중,,https://img2.joongna.com/media/original/2026/05/08/1778225530098gGf_IQs1M.jpg?impolicy=thumb&size=150,https://web.joongna.com/product/228382039,2026-05-08 16:32,"7800x3d , rtx 5070 게이밍 본체",,,desktop,N,,SALE,,RTX5070,,,UNKNOWN
본체,중고나라,228381967,ASUS ROG Ally 본체 + 풀박스,650000,판매중,,https://img2.joongna.com/media/original/2026/05/08/1778225422645hLS_PFKVe.jpg?impolicy=thumb&size=150,https://web.joongna.com/product/228381967,2026-05-08 16:30,asus rog ally 본체 + 스,,,desktop,N,,SALE,,,,,UNKNOWN
본체,중고나라,228381728,9800x3d 5080 램 64gb ssd 2tb 파워 1000w 컴퓨터 본체 pc,4500000,판매중,,https://img2.joongna.com/media/original/2026/05/08/17782247693389yM_qJVKa.jpg?impolicy=thumb&size=150,https://web.joongna.com/product/228381728,2026-05-08 16:23,9800x3d 5080 램 64gb ssd 2tb 파워 1000w 컴퓨터 본체 pc,,,PARTS,Y,64.0,SALE,,,64.0,2048.0,UNKNOWN
본체,중고나라,228381646,닌텐도 배터리 개선판 본체 팝니다,110000,판매중,,https://img2.joongna.com/media/original/2026/05/08/1778224874342x9k_T1c70.jpg?impolicy=thumb&size=150,https://web.joongna.com/product/228381646,2026-05-08 16:21,닌텐도 배터리 개선판 본체,,,desktop,N,,SALE,,,,,UNKNOWN
본체,중고나라,227210034,플스2-플레이스테이션2(PS2) 게임기 본체와 컨트롤러 2개 (택배포함),140000,판매중,,https://img2.joongna.com/media/original/2026/04/07/1775513376419JjD_xVcqR.jpg?impolicy=thumb&size=150,https://web.joongna.com/product/227210034,2026-05-08 16:17,플스2-플레이스테이션2(ps2) 게임기 본체와 컨트롤러 2개 (포함),,,desktop,N,,SALE,,,,,UNKNOWN
본체,중고나라,228242522,자녀게임용 본체 I5 14400F RTX5050 8GB 가성비구성! 조립 컴퓨터 데스크탑,1390000,판매중,,https://img2.joongna.com/media/original/2026/05/04/1777887149131FJA_5Lnuv.jpg?impolicy=thumb&size=150,https://web.joongna.com/product/228242522,2026-05-08 16:17,자녀게임용 본체 i5 14400f rtx5050 8gb 가성비구성! 조립 컴퓨터 데스크탑,,,desktop,N,,SALE,I5 14400F,RTX5050,,,UNKNOWN
본체,중고나라,228381251,"라이젠 2400G,3400G,5600G 본체 판매 사무용/학원/주식/보험등",210000,판매중,,https://img2.joongna.com/media/original/2026/05/08/17782242231410F8_ujqnS.jpg?impolicy=thumb&size=150,https://web.joongna.com/product/228381251,2026-05-08 16:10,"라이젠 2400g,3400g,5600g 본체 사무용/학원/주식/보험등",,,desktop,N,,SALE,,,,,UNKNOWN
본체,중고나라,228380949,"에어팟 프로3 케이스(본체), 이어팁, 박스",120000,판매중,,https://img2.joongna.com/media/original/2026/05/08/1778223701538GdN_gyPnW.jpg?impolicy=thumb&size=150,https://web.joongna.com/product/228380949,2026-05-08 16:01,"에어팟 프로3 케이스(본체), 이어팁, 박스",애플,에어팟 프로,CASE,Y,,SALE,,,,,UNKNOWN
본체,중고나라,228158861,"메타퀘스트3 본체풀박스,차징독 풀박스 정품케이스",600000,판매중,,https://img2.joongna.com/media/original/2026/05/02/1777687596470qmg_qqDkr.jpg?impolicy=thumb&size=150,https://web.joongna.com/product/228158861,2026-05-08 15:07,"메타퀘스트3 본체스,차징독 스 케이스",,,CASE,Y,,SALE,,,,,UNKNOWN
본체,중고나라,227904922,7800X3D RTX5070 본체 팝니다,3000000,판매중,,https://img2.joongna.com/media/original/2026/04/25/1777085959340T1Z_dVSAp.jpg?impolicy=thumb&size=150,https://web.joongna.com/product/227904922,2026-05-08 15:05,7800x3d rtx5070 본체,,,desktop,N,,SALE,,RTX5070,,,UNKNOWN
본체,중고나라,224517545,"다이슨 v10 본체, 충전기",140000,판매중,,https://img2.joongna.com/media/original/2026/01/25/1769323984608GFo_8ELmP.jpg?impolicy=thumb&size=150,https://web.joongna.com/product/224517545,2026-05-08 15:44,"다이슨 v10 본체, 충전기",,,CHARGER,Y,,SALE,,,,,UNKNOWN
본체,중고나라,228162709,"(새제품 반본체 수랭 화이트)9800X3D, B850M WIFI, 16GB, 수랭쿨러, 방송게이밍컴퓨터본체",1710000,판매중,,https://img2.joongna.com/media/original/2026/05/02/1777694595708rB0_2bfuS.jpg?impolicy=thumb&size=150,https://web.joongna.com/product/228162709,2026-05-08 15:47,"(새제품 반본체 수랭 화이트)9800x3d, b850m wifi, 16gb, 수랭쿨러, 방송게이밍컴퓨터본체",,,PARTS,Y,16.0,SALE,,,,,UNKNOWN
본체,중고나라,228216908,게이밍 데스크탑 pc 본체,410000,판매중,,https://img2.joongna.com/media/original/2026/05/04/1777821391247PLu_RbZwT.jpg?impolicy=thumb&size=150,https://web.joongna.com/product/228216908,2026-05-08 15:04,게이밍 데스크탑 pc 본체,,,desktop,N,,SALE,,,,,UNKNOWN
본체,중고나라,228380166,5800X3D RTX3080 게이밍컴퓨터 본체 판매 3,1200000,판매중,,https://img2.joongna.com/media/original/2026/05/08/1778222444787afk_p2ihW.jpg?impolicy=thumb&size=150,https://web.joongna.com/product/228380166,2026-05-08 15:40,5800x3d rtx3080 게이밍컴퓨터 본체 3,,,desktop,N,,SALE,,RTX3080,,,HIGH
본체,중고나라,181242307,클라리소닉 스마트프로필 본체,22000,판매중,,https://img2.joongna.com/media/original/2024/08/18/1723978362676e8A_XjcuY.jpg?impolicy=thumb&size=150,https://web.joongna.com/product/181242307,2026-05-08 15:38,클라리소닉 스마트프로필 본체,,,desktop,N,,SALE,,,,,UNKNOWN
본체,중고나라,228352313,i5 12600kf rtx3060ti 게이밍 pc 데스크탑 컴퓨터 공랭 본체 처분!(서비스o),950000,판매중,,https://img2.joongna.com/media/original/2026/05/07/1778149430380pfE_eOwox.jpg?impolicy=thumb&size=150,https://web.joongna.com/product/228352313,2026-05-08 15:27,i5 12600kf rtx3060ti 게이밍 pc 데스크탑 컴퓨터 공랭 본체 처분!(서비스o),,,desktop,N,,SALE,I5 12600KF,RTX3060TI,,,MID
본체,중고나라,228341756,라이젠5600X 16GB RX6600 게이밍본체 판매,650000,판매중,,https://img2.joongna.com/media/original/2026/05/07/1778131954014FnP_S24v8.jpg?impolicy=thumb&size=150,https://web.joongna.com/product/228341756,2026-05-08 15:22,라이젠5600x 16gb rx6600 게이밍본체,,,desktop,N,16.0,SALE,RYZEN5600X,RX6600,,,MID
본체,중고나라,228380773,닌텐도 스위치 2 본체 + 포코피아,710000,판매중,,https://img2.joongna.com/media/original/2026/05/08/1778223426931Gk3_KPPOh.jpg?impolicy=thumb&size=150,https://web.joongna.com/product/228380773,2026-05-08 15:57,닌텐도 스위치 2 본체 + 포코피아,,,desktop,N,,SALE,,,,,UNKNOWN
본체,중고나라,228380771,아이온2 게이밍 pc 본체 라이젠 3700X 32g Rtx3070Ti,930000,판매중,,https://img2.joongna.com/media/original/2026/05/08/1778223422978C7p_1sZiX.jpg?impolicy=thumb&size=150,https://web.joongna.com/product/228380771,2026-05-08 15:57,아이온2 게이밍 pc 본체 라이젠 3700x 32g rtx3070ti,,,desktop,N,,SALE,RYZEN 3700X,RTX3070TI,,,MID
본체,중고나라,228380632,5600x 3060ti 본체팝니다,680000,판매중,,https://img2.joongna.com/media/original/2026/05/08/1778223229032MzQ_7pKkw.jpg?impolicy=thumb&size=150,https://web.joongna.com/product/228380632,2026-05-08 15:53,5600x 3060ti 본체,,,desktop,N,,SALE,,,,,UNKNOWN
본체,중고나라,228380606,인텔 데스크탑 본체,50000,판매중,,https://img2.joongna.com/media/original/2026/05/08/1778223187644fgt_PyGFE.jpg?impolicy=thumb&size=150,https://web.joongna.com/product/228380606,2026-05-08 15:53,인텔 데스크탑 본체,,,desktop,N,,SALE,,,,,UNKNOWN
본체,중고나라,228335562,[게이밍 컴퓨터] RTX 5060/9600X/1TB 데스크탑 PC 본체,1590000,판매중,,https://img2.joongna.com/media/original/2026/05/07/1778121494891SgK_osqFN.jpg?impolicy=thumb&size=150,https://web.joongna.com/product/228335562,2026-05-08 15:49,[게이밍 컴퓨터] rtx 5060/9600x/1tb 데스크탑 pc 본체,,,desktop,N,,SALE,,RTX5060,,1024.0,UNKNOWN
본체,중고나라,228329270,PC 본체 GTX 1660 SUPER,300000,판매중,,https://img2.joongna.com/media/original/2026/05/07/1778107263359Jsd_dmvLA.jpg?impolicy=thumb&size=150,https://web.joongna.com/product/228329270,2026-05-08 15:48,pc 본체 gtx 1660 super,,,desktop,N,,SALE,,GTX1660,,,LOW
본체,중고나라,228380413,에어팟3 본체 S급,35000,판매중,,https://img2.joongna.com/media/original/2026/05/08/1778222846746eW2_Ybiwx.jpg?impolicy=thumb&size=150,https://web.joongna.com/product/228380413,2026-05-08 15:47,에어팟3 본체 s급,애플,에어팟,earphone,N,,SALE,,,,,UNKNOWN
본체,중고나라,228219922,쓸만한 컴퓨터 본체 팝니다 (저장장치 없음),550000,판매중,,https://img2.joongna.com/media/original/2026/05/04/1777843554502XMF_ZRA9o.jpg?impolicy=thumb&size=150,https://web.joongna.com/product/228219922,2026-05-08 15:46,쓸만한 컴퓨터 본체 (저장장치 없음),,,desktop,N,,SALE,,,,,UNKNOWN
본체,중고나라,228380366,14600k 본체 팝니다(ssd p41),1100000,판매중,,https://img2.joongna.com/media/original/2026/05/08/1778222690037h1F_KMUUB.jpg?impolicy=thumb&size=150,https://web.joongna.com/product/228380366,2026-05-08 15:46,14600k 본체 (ssd p41),,,desktop,N,,SALE,,,,,UNKNOWN
본체,중고나라,228241044,hp 미니 hstnn-e04c 본체만,30000,판매중,,https://img2.joongna.com/media/original/2026/05/04/1777884510640cb1_NWlCK.jpg?impolicy=thumb&size=150,https://web.joongna.com/product/228241044,2026-05-08 15:45,hp 미니 hstnn-e04c 본체만,,,desktop,N,,SALE,,,,,UNKNOWN
본체,중고나라,228380235,에어팟 프로3 본체 S급 보증OK,95000,판매중,,https://img2.joongna.com/media/original/2026/05/08/1778222566255iwj_LHv4b.jpg?impolicy=thumb&size=150,https://web.joongna.com/product/228380235,2026-05-08 15:42,에어팟 프로3 본체 s급 보증ok,애플,에어팟 프로,earphone,N,,SALE,,,,,UNKNOWN
본체,중고나라,227744120,구매율1위 컴퓨터 사무용 게임용 성인PC방 최저가 본체,150000,판매중,,https://img2.joongna.com/media/original/2026/04/21/1776707490169AFo_po9os.jpg?impolicy=thumb&size=150,https://web.joongna.com/product/227744120,2026-05-08 15:36,구매율1위 컴퓨터 사무용 게임용 성인pc방 최저가 본체,,,desktop,N,,SALE,,,,,UNKNOWN
본체,중고나라,227790074,구매율1위 컴퓨터 사무용 게임용 성인PC방 최저가 본체,150000,판매중,,https://img2.joongna.com/media/original/2026/04/22/1776822281484Z4u_AcjFb.jpg?impolicy=thumb&size=150,https://web.joongna.com/product/227790074,2026-05-08 15:36,구매율1위 컴퓨터 사무용 게임용 성인pc방 최저가 본체,,,desktop,N,,SALE,,,,,UNKNOWN
본체,중고나라,227287556,구매율1위 컴퓨터 사무용 게임용 성인PC방 최저가 본체,150000,판매중,,https://img2.joongna.com/media/original/2026/04/09/1775664125131rkl_s4yQX.jpg?impolicy=thumb&size=150,https://web.joongna.com/product/227287556,2026-05-08 15:36,구매율1위 컴퓨터 사무용 게임용 성인pc방 최저가 본체,,,desktop,N,,SALE,,,,,UNKNOWN
본체,중고나라,227271476,구매율1위 컴퓨터 사무용 게임용 성인PC방 최저가 본체,150000,판매중,,https://img2.joongna.com/media/original/2026/04/08/1775635426312Wf5_WWyNc.jpg?impolicy=thumb&size=150,https://web.joongna.com/product/227271476,2026-05-08 15:36,구매율1위 컴퓨터 사무용 게임용 성인pc방 최저가 본체,,,desktop,N,,SALE,,,,,UNKNOWN
본체,중고나라,227252570,구매율1위 컴퓨터 사무용 게임용 성인PC방 최저가 본체,150000,판매중,,https://img2.joongna.com/media/original/2026/04/08/1775606726901S3U_jJCZu.jpg?impolicy=thumb&size=150,https://web.joongna.com/product/227252570,2026-05-08 15:35,구매율1위 컴퓨터 사무용 게임용 성인pc방 최저가 본체,,,desktop,N,,SALE,,,,,UNKNOWN
본체,중고나라,227099969,구매율1위 컴퓨터 사무용 게임용 성인PC방 최저가 본체,150000,판매중,,https://img2.joongna.com/media/original/2026/04/04/1775262042529eW0_RkuoI.jpg?impolicy=thumb&size=150,https://web.joongna.com/product/227099969,2026-05-08 15:35,구매율1위 컴퓨터 사무용 게임용 성인pc방 최저가 본체,,,desktop,N,,SALE,,,,,UNKNOWN
본체,중고나라,227212448,구매율1위 컴퓨터 사무용 게임용 성인PC방 최저가 본체,150000,판매중,,https://img2.joongna.com/media/original/2026/04/07/1775520632702yNA_SPIuh.jpg?impolicy=thumb&size=150,https://web.joongna.com/product/227212448,2026-05-08 15:35,구매율1위 컴퓨터 사무용 게임용 성인pc방 최저가 본체,,,desktop,N,,SALE,,,,,UNKNOWN
본체,중고나라,227167651,구매율1위 컴퓨터 사무용 게임용 성인PC방 최저가 본체,150000,판매중,,https://img2.joongna.com/media/original/2026/04/06/1775405841646qb5_NlUc0.jpg?impolicy=thumb&size=150,https://web.joongna.com/product/227167651,2026-05-08 15:35,구매율1위 컴퓨터 사무용 게임용 성인pc방 최저가 본체,,,desktop,N,,SALE,,,,,UNKNOWN
본체,중고나라,227809168,구매율1위 컴퓨터 사무용 게임용 성인PC방 최저가 본체,150000,판매중,,https://img2.joongna.com/media/original/2026/04/22/1776851156088PT8_UDwUk.jpg?impolicy=thumb&size=150,https://web.joongna.com/product/227809168,2026-05-08 15:34,구매율1위 컴퓨터 사무용 게임용 성인pc방 최저가 본체,,,desktop,N,,SALE,,,,,UNKNOWN
본체,중고나라,227829384,구매율1위 컴퓨터 사무용 게임용 성인PC방 최저가 본체,150000,판매중,,https://img2.joongna.com/media/original/2026/04/23/1776909281748c36_uABDr.jpg?impolicy=thumb&size=150,https://web.joongna.com/product/227829384,2026-05-08 15:34,구매율1위 컴퓨터 사무용 게임용 성인pc방 최저가 본체,,,desktop,N,,SALE,,,,,UNKNOWN
본체,중고나라,227847836,구매율1위 컴퓨터 사무용 게임용 성인PC방 최저가 본체,150000,판매중,,https://img2.joongna.com/media/original/2026/04/23/1776937980165jHy_lMvST.jpg?impolicy=thumb&size=150,https://web.joongna.com/product/227847836,2026-05-08 15:34,구매율1위 컴퓨터 사무용 게임용 성인pc방 최저가 본체,,,desktop,N,,SALE,,,,,UNKNOWN
본체,중고나라,227860362,구매율1위 컴퓨터 사무용 게임용 성인PC방 최저가 본체,150000,판매중,,https://img2.joongna.com/media/original/2026/04/24/1776966678551Edh_rczXF.jpg?impolicy=thumb&size=150,https://web.joongna.com/product/227860362,2026-05-08 15:34,구매율1위 컴퓨터 사무용 게임용 성인pc방 최저가 본체,,,desktop,N,,SALE,,,,,UNKNOWN
본체,중고나라,227867047,구매율1위 컴퓨터 사무용 게임용 성인PC방 최저가 본체,150000,판매중,,https://img2.joongna.com/media/original/2026/04/24/1776995375314Lac_yWJGq.jpg?impolicy=thumb&size=150,https://web.joongna.com/product/227867047,2026-05-08 15:33,구매율1위 컴퓨터 사무용 게임용 성인pc방 최저가 본체,,,desktop,N,,SALE,,,,,UNKNOWN
본체,중고나라,227884922,구매율1위 컴퓨터 사무용 게임용 성인PC방 최저가 본체,150000,판매중,,https://img2.joongna.com/media/original/2026/04/24/1777024073720GRN_hdi4M.jpg?impolicy=thumb&size=150,https://web.joongna.com/product/227884922,2026-05-08 15:33,구매율1위 컴퓨터 사무용 게임용 성인pc방 최저가 본체,,,desktop,N,,SALE,,,,,UNKNOWN
본체,중고나라,227896581,구매율1위 컴퓨터 사무용 게임용 성인PC방 최저가 본체,150000,판매중,,https://img2.joongna.com/media/original/2026/04/25/1777052772260KJo_YhRPn.jpg?impolicy=thumb&size=150,https://web.joongna.com/product/227896581,2026-05-08 15:33,구매율1위 컴퓨터 사무용 게임용 성인pc방 최저가 본체,,,desktop,N,,SALE,,,,,UNKNOWN
본체,중고나라,227902622,구매율1위 컴퓨터 사무용 게임용 성인PC방 최저가 본체,150000,판매중,,https://img2.joongna.com/media/original/2026/04/25/1777081470796XSi_q1NOS.jpg?impolicy=thumb&size=150,https://web.joongna.com/product/227902622,2026-05-08 15:33,구매율1위 컴퓨터 사무용 게임용 성인pc방 최저가 본체,,,desktop,N,,SALE,,,,,UNKNOWN
본체,중고나라,227920033,구매율1위 컴퓨터 사무용 게임용 성인PC방 최저가 본체,150000,판매중,,https://img2.joongna.com/media/original/2026/04/25/1777110169256yWk_5CMGk.jpg?impolicy=thumb&size=150,https://web.joongna.com/product/227920033,2026-05-08 15:32,구매율1위 컴퓨터 사무용 게임용 성인pc방 최저가 본체,,,desktop,N,,SALE,,,,,UNKNOWN
본체,중고나라,228379889,아임삭18v충전컷쏘 본체,123000,판매중,,https://img2.joongna.com/media/original/2026/05/08/1778221942862jT9_uIMcQ.jpg?impolicy=thumb&size=150,https://web.joongna.com/product/228379889,2026-05-08 15:32,아임삭18v충전컷쏘 본체,,,desktop,N,,SALE,,,,,UNKNOWN
본체,중고나라,228265448,i5 6400 사무용 컴퓨터 본체,100000,판매중,,https://img2.joongna.com/media/original/2026/05/05/1777953068754T2Q_ou5mB.jpg?impolicy=thumb&size=150,https://web.joongna.com/product/228265448,2026-05-08 15:28,i5 6400 사무용 컴퓨터 본체,,,desktop,N,,SALE,I5 6400,,,,LOW
본체,중고나라,228062462,대구 5600X RTX3060 고사양 게이밍본체,850000,판매중,,https://img2.joongna.com/media/original/2026/04/29/1777446776139tqq_hpGq2.jpg?impolicy=thumb&size=150,https://web.joongna.com/product/228062462,2026-05-08 15:22,대구 5600x rtx3060 고사양 게이밍본체,,,desktop,N,,SALE,,RTX3060,,,MID
본체,중고나라,227923310,데스크탑 PC 본체,120000,판매중,,https://img2.joongna.com/media/original/2026/04/25/17771166945037gB_IEw2U.jpg?impolicy=thumb&size=150,https://web.joongna.com/product/227923310,2026-05-08 15:22,데스크탑 pc 본체,,,desktop,N,,SALE,,,,,UNKNOWN
본체,중고나라,228240739,가성비 본체 라이젠5600 RTX5050 8GB 인기구성! 게이밍컴퓨터 데스크탑,1160000,판매중,,https://img2.joongna.com/media/original/2026/05/04/17778840775845wx_4dzsM.jpg?impolicy=thumb&size=150,https://web.joongna.com/product/228240739,2026-05-08 15:20,가성비 본체 라이젠5600 rtx5050 8gb 인기구성! 게이밍컴퓨터 데스크탑,,,desktop,N,,SALE,RYZEN5600,RTX5050,,,UNKNOWN
본체,중고나라,228374302,에어팟 프로3 본체,100000,판매중,,https://img2.joongna.com/media/original/2026/05/08/17782125849373ks_2auC6.jpg?impolicy=thumb&size=150,https://web.joongna.com/product/228374302,2026-05-08 15:09,에어팟 프로3 본체,애플,에어팟 프로,earphone,N,,SALE,,,,,UNKNOWN
본체,중고나라,228374278,에어팟 프로2 본체(C타입),60000,판매중,,https://img2.joongna.com/media/original/2026/05/08/17782125503407Jb_dkrFM.jpg?impolicy=thumb&size=150,https://web.joongna.com/product/228374278,2026-05-08 15:09,에어팟 프로2 본체(c타입),애플,에어팟 프로,earphone,N,,SALE,,,,,UNKNOWN
본체,중고나라,228378933,닌텐도 스위치2 본체 + 휴대용 케이스,630000,판매중,,https://img2.joongna.com/media/original/2026/05/08/17782203653030lo_hE1Ce.jpg?impolicy=thumb&size=150,https://web.joongna.com/product/228378933,2026-05-08 15:06,닌텐도 스위치2 본체 + 휴대용 케이스,,,CASE,Y,,SALE,,,,,UNKNOWN
본체,중고나라,228378828,디월트충전 임팩트렌치 알리산 직구 본체 ㅍ,25000,판매중,,https://img2.joongna.com/media/original/2026/05/08/177822020314198l_XqFF2.jpg?impolicy=thumb&size=150,https://web.joongna.com/product/228378828,2026-05-08 15:03,디월트충전 임팩트렌치 알리산 직구 본체 ㅍ,,,desktop,N,,SALE,,,,,UNKNOWN
본체,중고나라,228371663,(S급)화이트 컴퓨터 본체 라이젠5-3500x/GTX1070*8GB/DDR4램16GB,440000,판매중,,https://img2.joongna.com/media/original/2026/05/08/1778208345918stc_fl7J9.jpg?impolicy=thumb&size=150,https://web.joongna.com/product/228371663,2026-05-08 15:03,(s급)화이트 컴퓨터 본체 라이젠5-3500x/gtx1070*8gb/ddr4램16gb,,,desktop,N,16.0,SALE,,GTX1070,16.0,,UNKNOWN
본체,중고나라,228290228,pc본체 삽니다,2000000,판매중,,https://img2.joongna.com/media/original/2026/05/06/1777997414139vJu_ibLmO.jpg?impolicy=thumb&size=150,https://web.joongna.com/product/228290228,2026-05-08 15:01,pc본체,,,desktop,N,,SALE,,,,,UNKNOWN
본체,중고나라,228378752,pc 본체,2000000,판매중,,https://img2.joongna.com/media/original/2026/05/08/1778220004444kdC_EtM6i.jpg?impolicy=thumb&size=150,https://web.joongna.com/product/228378752,2026-05-08 15:01,pc 본체,,,desktop,N,,SALE,,,,,UNKNOWN
본체,중고나라,228164769,"9600X , DDR5 32GB PC 컴퓨터 반본체 판매해요",950000,판매중,,https://img2.joongna.com/media/original/2026/05/02/1777698727259jxt_NWkRz.jpg?impolicy=thumb&size=150,https://web.joongna.com/product/228164769,2026-05-08 14:13,"9600x , ddr5 32gb pc 컴퓨터 반본체 해요",,,desktop,N,32.0,SALE,,,,,UNKNOWN
본체,중고나라,228349262,PC 완본체 7800x3d + 9070xt + CL30 RGB 32GB Ram + p44 pro 2TB + Wifi,2000000,판매중,,https://img2.joongna.com/media/original/2026/05/07/1778144043713uXr_4CB7d.jpg?impolicy=thumb&size=150,https://web.joongna.com/product/228349262,2026-05-08 14:35,pc 완본체 7800x3d + 9070xt + cl30 rgb 32gb ram + p44 pro 2tb + wifi,,,desktop,N,32.0,SALE,,,,2048.0,UNKNOWN
본체,중고나라,228173238,SONY 알파 a850 DSLR 카메라 본체,450000,판매중,,https://img2.joongna.com/media/original/2026/05/02/1777713936673bvZ_WXiMK.jpg?impolicy=thumb&size=150,https://web.joongna.com/product/228173238,2026-05-08 14:43,sony 알파 a850 dslr 카메라 본체,,,desktop,N,,SALE,,,,,UNKNOWN
본체,중고나라,227880711,판매]9800x3d/5090 완본체,9000000,판매중,,https://img2.joongna.com/media/original/2026/05/01/17776245058433Yr_YCyCG.jpg?impolicy=thumb&size=150,https://web.joongna.com/product/227880711,2026-05-08 14:41,]9800x3d/5090 완본체,,,desktop,N,,SALE,,,,,UNKNOWN
본체,중고나라,227818080,"게이밍피씨 7800X3D, 16GB, 512GB, 5060TI 신품급 본체",1480000,판매중,,https://img2.joongna.com/media/original/2026/05/05/1777990762098A0B_UqhgP.jpg?impolicy=thumb&size=150,https://web.joongna.com/product/227818080,2026-05-08 14:15,"게이밍피씨 7800x3d, 16gb, 512gb, 5060ti 신품급 본체",,,desktop,N,16.0,SALE,,,,,UNKNOWN
본체,중고나라,228332127,닌텐도 3DS XL 레드 본체 + 포켓몬뱅크 + 포켓무버 구큰다수,260000,판매중,,https://img2.joongna.com/media/original/2026/05/07/17781155656789br_dQp6s.jpg?impolicy=thumb&size=150,https://web.joongna.com/product/228332127,2026-05-08 14:18,닌텐도 3ds xl 레드 본체 + 포켓몬뱅크 + 포켓무버 구큰다수,,,desktop,N,,SALE,,,,,UNKNOWN
본체,중고나라,228251158,7800x3d + 5070 + 32GB 블랙 고사양 컴퓨터 본체 [서울],2540000,판매중,,https://img2.joongna.com/media/original/2026/05/04/1777903124925U2V_HBOGU.jpg?impolicy=thumb&size=150,https://web.joongna.com/product/228251158,2026-05-08 14:19,7800x3d + 5070 + 32gb 블랙 고사양 컴퓨터 본체 [서울],,,desktop,N,32.0,SALE,,,,,UNKNOWN
본체,중고나라,228288804,"(새제품블랙)9800X3D,RTX5070Ti, 32GB,B850M WIFI,1000W,공랭최강,방송게이밍컴퓨터본체",3360000,판매중,,https://img2.joongna.com/media/original/2026/05/06/1777993208646nEd_IPKVO.jpg?impolicy=thumb&size=150,https://web.joongna.com/product/228288804,2026-05-08 14:32,"(새제품블랙)9800x3d,rtx5070ti, 32gb,b850m wifi,1000w,공랭최강,방송게이밍컴퓨터본체",,,desktop,N,32.0,SALE,,RTX5070TI,,,UNKNOWN
본체,중고나라,228328552,인텔 i5-8500 GTX1060 컴퓨터 본체 PC,380000,판매중,,https://img2.joongna.com/media/original/2026/05/07/1778103313727Rrh_SMleu.jpg?impolicy=thumb&size=150,https://web.joongna.com/product/228328552,2026-05-08 14:28,인텔 i5-8500 gtx1060 컴퓨터 본체 pc,,,desktop,N,,SALE,I5-8500,GTX1060,,,LOW
본체,중고나라,228241663,인텔 i5-7500 GTX1060 컴퓨터 본체 PC,330000,판매중,,https://img2.joongna.com/media/original/2026/05/04/1777885561763fFi_H2ptx.jpg?impolicy=thumb&size=150,https://web.joongna.com/product/228241663,2026-05-08 14:28,인텔 i5-7500 gtx1060 컴퓨터 본체 pc,,,desktop,N,,SALE,I5-7500,GTX1060,,,LOW
본체,중고나라,227292486,게이밍 컴본체(추가 가격인하),4200000,판매중,,https://img2.joongna.com/media/original/2026/04/09/1775694851562712_5B9KF.jpg?impolicy=thumb&size=150,https://web.joongna.com/product/227292486,2026-05-08 14:14,게이밍 컴본체(추가 가격인하),,,desktop,N,,SALE,,,,,UNKNOWN
본체,중고나라,228377116,9800x3d 5080 본체,4300000,예약중,,https://img2.joongna.com/media/original/2026/05/08/1778217285238LVB_HulhI.jpg?impolicy=thumb&size=150,https://web.joongna.com/product/228377116,2026-05-08 14:14,9800x3d 5080 본체,,,desktop,N,,RESERVED,,,,,UNKNOWN
본체,중고나라,227621751,고성능 게이밍 PC 본체,1950000,판매중,,https://img2.joongna.com/media/original/2026/04/17/1776418661564L2l_oFPrD.jpg?impolicy=thumb&size=150,https://web.joongna.com/product/227621751,2026-05-08 14:14,고성능 게이밍 pc 본체,,,desktop,N,,SALE,,,,,UNKNOWN
본체,중고나라,228353466,라이젠7 5800x rtx3060 게이밍 pc 데스크탑 컴퓨터 본체(공랭) 팝니다!(서비스o),850000,판매중,,https://img2.joongna.com/media/original/2026/05/07/1778151361325wkm_caRjo.jpg?impolicy=thumb&size=150,https://web.joongna.com/product/228353466,2026-05-08 14:07,라이젠7 5800x rtx3060 게이밍 pc 데스크탑 컴퓨터 본체(공랭) !(서비스o),,,desktop,N,,SALE,RYZEN7 5800X,RTX3060,,,MID
본체,중고나라,228378658,갤럭시 버즈3 화이트 충전본체 새거,44000,판매중,,https://img2.joongna.com/media/original/2026/05/08/1778219923988MTn_O7JVT.jpg?impolicy=thumb&size=150,https://web.joongna.com/product/228378658,2026-05-08 14:58,갤럭시 버즈3 화이트 충전본체 새거,삼성,,smartphone,N,,SALE,,,,,UNKNOWN
본체,중고나라,228378253,고사양 게이밍 컴퓨터본체,1350000,판매중,,https://img2.joongna.com/media/original/2026/05/08/1778219227197xez_p8ZgC.jpg?impolicy=thumb&size=150,https://web.joongna.com/product/228378253,2026-05-08 14:54,고사양 게이밍 컴퓨터본체,,,desktop,N,,SALE,,,,,UNKNOWN
본체,중고나라,228193476,컴퓨터본체,890000,판매중,,https://img2.joongna.com/media/original/2026/05/03/1777778716940NpY_LBvpV.jpg?impolicy=thumb&size=150,https://web.joongna.com/product/228193476,2026-05-08 14:54,컴퓨터본체,,,desktop,N,,SALE,,,,,UNKNOWN
본체,중고나라,228378342,고성능 게이밍 PC 본체,830000,판매중,,https://img2.joongna.com/media/original/2026/05/08/177821934465574J_1ovYO.jpg?impolicy=thumb&size=150,https://web.joongna.com/product/228378342,2026-05-08 14:49,고성능 게이밍 pc 본체,,,desktop,N,,SALE,,,,,UNKNOWN
본체,중고나라,228378273,삼성본체 조립,155000,판매중,,https://img2.joongna.com/media/original/2026/05/08/1778219258712VKO_xG5Ra.jpg?impolicy=thumb&size=150,https://web.joongna.com/product/228378273,2026-05-08 14:47,삼성본체 조립,,,desktop,N,,SALE,,,,,UNKNOWN
본체,중고나라,228378118,14600k 본체 팝니다(ssd p41),1100000,판매중,,https://img2.joongna.com/media/original/2026/05/08/1778219867808rOj_BL4zc.jpg?impolicy=thumb&size=150,https://web.joongna.com/product/228378118,2026-05-08 14:42,14600k 본체 (ssd p41),,,desktop,N,,SALE,,,,,UNKNOWN
본체,중고나라,228377965,오크돔M 본체 + 구베스티블,500000,판매중,,https://img2.joongna.com/media/original/2026/05/08/1778218651750Vpk_wqWIg.jpg?impolicy=thumb&size=150,https://web.joongna.com/product/228377965,2026-05-08 14:37,오크돔m 본체 + 구베스티블,,,desktop,N,,SALE,,,,,UNKNOWN
본체,중고나라,228178619,PC 본체+모니터 36대 한번에 판매합니다,16000000,판매중,,https://img2.joongna.com/media/original/2026/05/02/1777724921022ivH_yZT5C.jpg?impolicy=thumb&size=150,https://web.joongna.com/product/228178619,2026-05-08 14:34,pc 본체+모니터 36대 한번에,,,desktop,N,,SALE,,,,,UNKNOWN
본체,중고나라,228377844,12400 고사양 게이밍 작업용 본체세트(논F),800000,판매중,,https://img2.joongna.com/media/original/2026/05/08/1778218333456Ab1_NKdhS.jpg?impolicy=thumb&size=150,https://web.joongna.com/product/228377844,2026-05-08 14:34,12400 고사양 게이밍 작업용 본체세트(논f),,,desktop,N,,SALE,,,,,UNKNOWN
본체,중고나라,228377762,닌텐도 스위치 oled 바이올렛 에디션 본체만 판매 택포,250000,판매중,,https://img2.joongna.com/media/original/2026/05/08/1778218319669KH5_DmKGu.jpg?impolicy=thumb&size=150,https://web.joongna.com/product/228377762,2026-05-08 14:32,닌텐도 스위치 oled 바이올렛 에디션 본체만,,,desktop,N,,SALE,,,,,UNKNOWN
본체,중고나라,228377736,닌텐도 스위치 oled 본체만 판매 택포,173000,판매중,,https://img2.joongna.com/media/original/2026/05/08/1778218309979r7f_osZiQ.jpg?impolicy=thumb&size=150,https://web.joongna.com/product/228377736,2026-05-08 14:31,닌텐도 스위치 oled 본체만,,,desktop,N,,SALE,,,,,UNKNOWN
본체,중고나라,228377731,닌텐도 스위치 본체 구형 본체 ㅋㅍ 안되는 시리얼 넘버 택포,95000,판매중,,https://img2.joongna.com/media/original/2026/05/08/1778218307404BfL_XTrXQ.jpg?impolicy=thumb&size=150,https://web.joongna.com/product/228377731,2026-05-08 14:31,닌텐도 스위치 본체 구형 본체 ㅋㅍ 안되는 시리얼 넘버,,,desktop,N,,SALE,,,,,UNKNOWN
본체,중고나라,228377685,버즈 프로 화이트 충전기 본체 판매합니다,25000,판매중,,https://img2.joongna.com/media/original/2026/05/08/1778218247197gLg_dyLbl.jpg?impolicy=thumb&size=150,https://web.joongna.com/product/228377685,2026-05-08 14:30,버즈 프로 화이트 충전기 본체,,,CHARGER,Y,,SALE,,,,,UNKNOWN
본체,중고나라,228265823,에어팟 프로 1세대 본체 맥세이프 8핀,43000,판매중,,https://img2.joongna.com/media/original/2026/05/05/1777953622884bNP_2VCh4.jpg?impolicy=thumb&size=150,https://web.joongna.com/product/228265823,2026-05-08 14:28,에어팟 프로 1세대 본체 맥세이프 8핀,애플,에어팟 프로,ACCESSORY,Y,,SALE,,,,,UNKNOWN
본체,중고나라,228354370,7800x3d & 5060 화이트 게이밍 PC 본체 [서울],1640000,판매중,,https://img2.joongna.com/media/original/2026/05/07/1778152988754VAh_hSLik.jpg?impolicy=thumb&size=150,https://web.joongna.com/product/228354370,2026-05-08 14:19,7800x3d & 5060 화이트 게이밍 pc 본체 [서울],,,desktop,N,,SALE,,,,,UNKNOWN
본체,중고나라,228354027,7500F RTX 5060 게이밍본체 PC,1140000,판매중,,https://img2.joongna.com/media/original/2026/05/07/1778152357673fBQ_C996q.jpg?impolicy=thumb&size=150,https://web.joongna.com/product/228354027,2026-05-08 14:09,7500f rtx 5060 게이밍본체 pc,,,desktop,N,,SALE,,RTX5060,,,UNKNOWN
본체,중고나라,228321891,인텔 11400F 2060슈퍼 게이밍본체 pc,640000,판매중,,https://img2.joongna.com/media/original/2026/05/06/1778073147119mK1_zrVMn.jpg?impolicy=thumb&size=150,https://web.joongna.com/product/228321891,2026-05-08 14:09,인텔 11400f 2060슈퍼 게이밍본체 pc,,,desktop,N,,SALE,,,,,UNKNOWN
본체,중고나라,228272516,13100F GTX1060 저렴한 게이밍 본체 PC,525000,판매중,,https://img2.joongna.com/media/original/2026/05/05/1777964678659oWX_Od7XB.jpg?impolicy=thumb&size=150,https://web.joongna.com/product/228272516,2026-05-08 14:09,13100f gtx1060 저렴한 게이밍 본체 pc,,,desktop,N,,SALE,,GTX1060,,,LOW
본체,중고나라,228210906,"285k, z890 wifi, rtx 5080 본체 _14900k",4250000,판매중,,https://img2.joongna.com/media/original/2026/05/03/1777810192006h9x_M8JC0.jpg?impolicy=thumb&size=150,https://web.joongna.com/product/228210906,2026-05-08 14:08,"285k, z890 wifi, rtx 5080 본체 _14900k",,,desktop,N,,SALE,,RTX5080,,,UNKNOWN
본체,중고나라,228376867,4070ti super 7950x 본체팝니다,2200000,판매중,,https://img2.joongna.com/media/original/2026/05/08/1778216859598bPH_30avf.jpg?impolicy=thumb&size=150,https://web.joongna.com/product/228376867,2026-05-08 14:07,4070ti super 7950x 본체,,,desktop,N,,SALE,,,,,UNKNOWN
본체,중고나라,228189095,인텔i5 6400/16G/SSD 240GB/HDD 1TB/GTX960/500W 본체 팝니다.,180000,판매중,,https://img2.joongna.com/media/original/2026/05/03/1777770064952ABV_Aa6NW.jpg?impolicy=thumb&size=150,https://web.joongna.com/product/228189095,2026-05-08 14:06,인텔i5 6400/16g/ssd 240gb/hdd 1tb/gtx960/500w 본체 .,,,desktop,N,240.0,SALE,I5 6400,,,240.0,LOW
본체,중고나라,228376774,닌텐도 스위치 oled 본체 기기단품,160000,판매중,,https://img2.joongna.com/media/original/2026/05/08/1778216682544yxe_k5v0S.jpg?impolicy=thumb&size=150,https://web.joongna.com/product/228376774,2026-05-08 14:04,닌텐도 스위치 oled 본체 기기단품,,,desktop,N,,SALE,,,,,UNKNOWN
본체,중고나라,228308369,게이밍본체 7800x3d 3080ti 판매,1300000,판매중,,https://img2.joongna.com/media/original/2026/05/06/1778050683518CgG_LcmPu.jpg?impolicy=thumb&size=150,https://web.joongna.com/product/228308369,2026-05-08 13:57,게이밍본체 7800x3d 3080ti,,,desktop,N,,SALE,,,,,UNKNOWN
본체,중고나라,228069055,반본체 미사용 ) 9800X3D 컴퓨터 PC 판매,1900000,판매중,,https://img2.joongna.com/media/original/2026/04/29/1777457660305aon_02JjF.jpg?impolicy=thumb&size=150,https://web.joongna.com/product/228069055,2026-05-08 13:41,반본체 미사용 ) 9800x3d 컴퓨터 pc,,,desktop,N,,SALE,,,,,UNKNOWN
본체,중고나라,228283890,"7800X3D, 5060Ti 16G, 램 32G, 2T SSD 본체 팝니다.",1750000,판매중,,https://img2.joongna.com/media/original/2026/05/05/1777983960774lJS_fMe9W.jpg?impolicy=thumb&size=150,https://web.joongna.com/product/228283890,2026-05-08 13:33,"7800x3d, 5060ti 16g, 램 32g, 2t ssd 본체 .",,,desktop,N,,SALE,,,,,UNKNOWN
본체,중고나라,228238696,중고 가성비본체! I5 9400F RTX2060 6GB 인기 게이밍컴퓨터 데스크탑,600000,판매중,,https://img2.joongna.com/media/original/2026/05/04/1777881005846VbZ_HtQgc.jpg?impolicy=thumb&size=150,https://web.joongna.com/product/228238696,2026-05-08 13:55,중고 가성비본체! i5 9400f rtx2060 6gb 인기 게이밍컴퓨터 데스크탑,,,desktop,N,,SALE,I5 9400F,RTX2060,,,MID
본체,중고나라,227994421,983d + 5080 데스크탑 본체,4450000,판매중,,https://img2.joongna.com/media/original/2026/04/27/1777287873101eqs_sVSXw.jpg?impolicy=thumb&size=150,https://web.joongna.com/product/227994421,2026-05-08 13:53,983d + 5080 데스크탑 본체,,,desktop,N,,SALE,,,,,UNKNOWN
본체,중고나라,227794225,아이나비 QXD900 Mini 블랙박스 (본체단품),45000,판매중,,https://img2.joongna.com/media/original/2026/04/22/1776828704741Xql_yVb5G.jpg?impolicy=thumb&size=150,https://web.joongna.com/product/227794225,2026-05-08 13:47,아이나비 qxd900 mini 블랙박스 (본체단품),,,BOX,Y,,SALE,,,,,UNKNOWN
본체,중고나라,228340089,i9 11900f rtx3070 게이밍 pc 데스크탑 컴퓨터 수랭 본체 처분!(서비스o),1200000,판매중,,https://img2.joongna.com/media/original/2026/05/07/1778129393441CLj_r4pTZ.jpg?impolicy=thumb&size=150,https://web.joongna.com/product/228340089,2026-05-08 13:46,i9 11900f rtx3070 게이밍 pc 데스크탑 컴퓨터 수랭 본체 처분!(서비스o),,,desktop,N,,SALE,I9 11900F,RTX3070,,,MID
본체,중고나라,228374438,리안리 유선 반본체,450000,판매중,,https://img2.joongna.com/media/original/2026/05/08/1778212825818XNH_wjR39.jpg?impolicy=thumb&size=150,https://web.joongna.com/product/228374438,2026-05-08 13:00,리안리 유선 반본체,,,desktop,N,,SALE,,,,,UNKNOWN
본체,중고나라,228376450,갤럭시 버즈 1 본체+오른쪽 유닛,10000,판매중,,https://img2.joongna.com/media/original/2026/05/08/1778216100825Mne_97Ruy.jpg?impolicy=thumb&size=150,https://web.joongna.com/product/228376450,2026-05-08 13:55,갤럭시 버즈 1 본체+오른쪽 유닛,삼성,,smartphone,N,,SALE,,,,,UNKNOWN
본체,중고나라,228200907,i5 6400 컴퓨터 본체,120000,판매중,,https://img2.joongna.com/media/original/2026/05/03/17777919955668ge_e4mf2.jpg?impolicy=thumb&size=150,https://web.joongna.com/product/228200907,2026-05-08 13:51,i5 6400 컴퓨터 본체,,,desktop,N,,SALE,I5 6400,,,,LOW
본체,중고나라,228376236,게이밍 pc 화이트 본체,850000,판매중,,https://img2.joongna.com/media/original/2026/05/08/1778215771504GsQ_88iNu.jpg?impolicy=thumb&size=150,https://web.joongna.com/product/228376236,2026-05-08 13:49,게이밍 pc 화이트 본체,,,desktop,N,,SALE,,,,,UNKNOWN
본체,중고나라,227284320,현대 TNR 유니크 330 블랙박스 (본체단품),45000,판매중,,https://img2.joongna.com/media/original/2026/04/08/1775657015329obC_zMpox.jpg?impolicy=thumb&size=150,https://web.joongna.com/product/227284320,2026-05-08 13:47,현대 tnr 유니크 330 블랙박스 (본체단품),,,BOX,Y,,SALE,,,,,UNKNOWN
본체,중고나라,228284308,유라이브 UX3000 (본체단품),50000,판매중,,https://img2.joongna.com/media/original/2026/05/05/1777984768514Bwk_tpEnI.jpg?impolicy=thumb&size=150,https://web.joongna.com/product/228284308,2026-05-08 13:47,유라이브 ux3000 (본체단품),,,desktop,N,,SALE,,,,,UNKNOWN
본체,중고나라,228171309,"(새제품 반본체 공랭 화이트)9800X3D, 32GB, B850M,850W GOLD 공랭최강,방송게이밍컴퓨터본체",1960000,판매중,,https://img2.joongna.com/media/original/2026/05/07/1778119890511arA_TD4Se.jpg?impolicy=thumb&size=150,https://web.joongna.com/product/228171309,2026-05-08 13:41,"(새제품 반본체 공랭 화이트)9800x3d, 32gb, b850m,850w gold 공랭최강,방송게이밍컴퓨터본체",,,desktop,N,32.0,SALE,,,,,UNKNOWN
본체,중고나라,228357124,4080super 구성 초고사양 게이밍 컴퓨터 본체 pc,2600000,판매중,,https://img2.joongna.com/media/original/2026/05/07/1778157652004oTH_TSruk.jpg?impolicy=thumb&size=150,https://web.joongna.com/product/228357124,2026-05-08 13:39,4080super 구성 초고사양 게이밍 컴퓨터 본체 pc,,,desktop,N,,SALE,,,,,UNKNOWN
본체,중고나라,227001108,"완본체 미니PC 512gb, 윈도우, 오피스탑재",1000000,판매중,,https://img2.joongna.com/media/original/2026/04/01/1775031403474r97_ULkRx.jpg?impolicy=thumb&size=150,https://web.joongna.com/product/227001108,2026-05-08 13:29,"완본체 미니pc 512gb, 윈도우, 오피스탑재",,,desktop,N,512.0,SALE,,,,,UNKNOWN
본체,중고나라,228348410,에이팩스 본체+0.8옴 팟2개 새거+더블업 피치(서비스),40000,판매중,,https://img2.joongna.com/media/original/2026/05/07/1778142339211SVk_jFQB9.jpg?impolicy=thumb&size=150,https://web.joongna.com/product/228348410,2026-05-08 13:06,에이팩스 본체+0.8옴 팟2개 새거+더블업 피치(서비스),,,desktop,N,,SALE,,,,,UNKNOWN
본체,중고나라,227944088,[인텔 코어 울트라5 시리즈2] 컴퓨터 튜닝 본체 판매 합니다.,2500000,판매중,,https://img2.joongna.com/media/original/2026/04/26/1777179337892b1M_X96fg.jpg?impolicy=thumb&size=150,https://web.joongna.com/product/227944088,2026-05-08 13:06,[인텔 코어 울트라5 시리즈2] 컴퓨터 튜닝 본체 합니다.,,,desktop,N,,SALE,,,,,UNKNOWN
본체,중고나라,228089783,반본체 ) 게이밍 컴퓨터 9800X3D / 983D PC,2050000,판매중,,https://img2.joongna.com/media/original/2026/04/30/1777517471343qNs_Nthb4.jpg?impolicy=thumb&size=150,https://web.joongna.com/product/228089783,2026-05-08 12:03,반본체 ) 게이밍 컴퓨터 9800x3d / 983d pc,,,desktop,N,,SALE,,,,,UNKNOWN
본체,중고나라,228172877,"9800x3d, b850m wifi, rtx 5080 초고사양 본체",3550000,판매중,,https://img2.joongna.com/media/original/2026/05/02/1777713212083Imx_lWFHb.jpg?impolicy=thumb&size=150,https://web.joongna.com/product/228172877,2026-05-08 12:01,"9800x3d, b850m wifi, rtx 5080 초고사양 본체",,,desktop,N,,SALE,,RTX5080,,,UNKNOWN
본체,중고나라,228016727,AMD 9950X 삼성32G SSD 1TB 3060ti LHR 본체팝니다.,1750000,판매중,,https://img2.joongna.com/media/original/2026/04/28/1777349431329AmY_ii0Mv.jpg?impolicy=thumb&size=150,https://web.joongna.com/product/228016727,2026-05-08 12:56,amd 9950x 삼성32g ssd 1tb 3060ti lhr 본체.,,,desktop,N,,SALE,,,,1024.0,UNKNOWN
본체,중고나라,228240183,라이젠 7800X3D+RTX5070 완본체 미사용 새제품 판매,1670000,판매중,,https://img2.joongna.com/media/original/2026/05/04/1777883204298TcR_aWmKF.jpg?impolicy=thumb&size=150,https://web.joongna.com/product/228240183,2026-05-08 12:19,라이젠 7800x3d+rtx5070 완본체 미사용 새제품,,,desktop,N,,SALE,RYZEN 7800X,RTX5070,,,UNKNOWN
본체,중고나라,228356089,9800x3d + 9070xt 32g 2tb 화이트 반본체,2000000,판매중,,https://img2.joongna.com/media/original/2026/05/07/1778155854881sYO_Gmus7.jpg?impolicy=thumb&size=150,https://web.joongna.com/product/228356089,2026-05-08 12:52,9800x3d + 9070xt 32g 2tb 화이트 반본체,,,desktop,N,,SALE,,,,2048.0,UNKNOWN
본체,중고나라,228334460,AMD 라이젠7 5800X RTX 3060Ti 게이밍PC 본체 컴퓨터,700000,판매중,,https://img2.joongna.com/media/original/2026/05/07/1778119597400qST_qUr47.jpg?impolicy=thumb&size=150,https://web.joongna.com/product/228334460,2026-05-08 12:33,amd 라이젠7 5800x rtx 3060ti 게이밍pc 본체 컴퓨터,,,desktop,N,,SALE,RYZEN7 5800X,RTX3060TI,,,MID
본체,중고나라,228084960,닌텐도스위치 모드칩 본체만.,160000,판매중,,https://img2.joongna.com/media/original/2026/05/01/1777628432205drk_AmVDC.jpg?impolicy=thumb&size=150,https://web.joongna.com/product/228084960,2026-05-08 12:10,닌텐도스위치 모드칩 본체만.,,,desktop,N,,SALE,,,,,UNKNOWN
본체,중고나라,223994000,HP 컴퓨터 본체 스몰폼 HP 400 i5-6500,240000,판매중,,https://img2.joongna.com/media/original/2026/01/11/1768125519215GmO_PIFNs.jpg?impolicy=thumb&size=150,https://web.joongna.com/product/223994000,2026-05-08 12:09,hp 컴퓨터 본체 스몰폼 hp 400 i5-6500,,,desktop,N,,SALE,I5-6500,,,,UNKNOWN
본체,중고나라,228022957,에어팟 프로 2세대 라이트닝 본체 판매합니다,57000,판매중,,https://img2.joongna.com/media/original/2026/04/28/1777359140453S7V_aGAU2.jpg?impolicy=thumb&size=150,https://web.joongna.com/product/228022957,2026-05-08 12:55,에어팟 프로 2세대 라이트닝 본체,애플,에어팟 프로,earphone,N,,SALE,,,,,UNKNOWN
본체,중고나라,228373682,게이밍PC 본체 판매합니다 라이젠5600 RX6600 컴퓨터,520000,판매중,,https://img2.joongna.com/media/original/2026/05/08/1778211596294BuV_iJyxj.jpg?impolicy=thumb&size=150,https://web.joongna.com/product/228373682,2026-05-08 12:39,게이밍pc 본체 라이젠5600 rx6600 컴퓨터,,,desktop,N,,SALE,RYZEN5600,RX6600,,,MID
본체,중고나라,228346112,5600X RTX3060Ti 16램 게이밍PC 본체 컴퓨터,680000,판매중,,https://img2.joongna.com/media/original/2026/05/07/1778138699129jAK_aA0wx.jpg?impolicy=thumb&size=150,https://web.joongna.com/product/228346112,2026-05-08 12:38,5600x rtx3060ti 16램 게이밍pc 본체 컴퓨터,,,desktop,N,,SALE,,RTX3060TI,,,MID
본체,중고나라,228352697,게이밍PC 본체 컴퓨터 라이젠 3700X 2070super RAM 32GB,630000,판매중,,https://img2.joongna.com/media/original/2026/05/07/1778150148268IJ8_3Ba49.jpg?impolicy=thumb&size=150,https://web.joongna.com/product/228352697,2026-05-08 12:37,게이밍pc 본체 컴퓨터 라이젠 3700x 2070super ram 32gb,,,desktop,N,32.0,SALE,RYZEN 3700X,,32.0,,UNKNOWN
본체,중고나라,228253109,라이젠7600 RTX5060ti 본체 팔아요,1700000,판매중,,https://img2.joongna.com/media/original/2026/05/05/1777907344806MeH_N9xns.jpg?impolicy=thumb&size=150,https://web.joongna.com/product/228253109,2026-05-08 12:35,라이젠7600 rtx5060ti 본체,,,desktop,N,,SALE,RYZEN7600,RTX5060TI,,,UNKNOWN
본체,중고나라,228373507,게이밍PC 본체 라이젠 5600x 컴퓨터 판매합니다,500000,판매중,,https://img2.joongna.com/media/original/2026/05/08/1778211287442GAB_oofBC.jpg?impolicy=thumb&size=150,https://web.joongna.com/product/228373507,2026-05-08 12:34,게이밍pc 본체 라이젠 5600x 컴퓨터,,,desktop,N,,SALE,RYZEN 5600X,,,,UNKNOWN
본체,중고나라,228349046,RTX3080Ti 5600X 32램 게이밍PC 컴퓨터 본체,1000000,판매중,,https://img2.joongna.com/media/original/2026/05/07/1778143655889JJ6_bNs29.jpg?impolicy=thumb&size=150,https://web.joongna.com/product/228349046,2026-05-08 12:32,rtx3080ti 5600x 32램 게이밍pc 컴퓨터 본체,,,desktop,N,,SALE,,RTX3080TI,,,HIGH
본체,중고나라,228373366,"게이밍PC 본체 컴퓨터 라이젠5 5600x, rtx2070super (윈도우11포함)",600000,판매중,,https://img2.joongna.com/media/original/2026/05/08/17782110710248C4_Sgr7o.jpg?impolicy=thumb&size=150,https://web.joongna.com/product/228373366,2026-05-08 12:31,"게이밍pc 본체 컴퓨터 라이젠5 5600x, rtx2070super (윈도우11포함)",,,desktop,N,,SALE,RYZEN5 5600X,RTX2070,,,MID
본체,중고나라,228355024,게이밍PC 본체 RTX 3060Ti 컴퓨터 판매해요,680000,판매중,,https://img2.joongna.com/media/original/2026/05/07/1778154145650dLv_Y4CxG.jpg?impolicy=thumb&size=150,https://web.joongna.com/product/228355024,2026-05-08 12:29,게이밍pc 본체 rtx 3060ti 컴퓨터 해요,,,desktop,N,,SALE,,RTX3060TI,,,MID
본체,중고나라,228352494,게이밍PC 본체 컴퓨터 i7 12700KF RTX4060Ti 32GB,1050000,판매중,,https://img2.joongna.com/media/original/2026/05/07/17781498637036us_Nhd1A.jpg?impolicy=thumb&size=150,https://web.joongna.com/product/228352494,2026-05-08 12:28,게이밍pc 본체 컴퓨터 i7 12700kf rtx4060ti 32gb,,,desktop,N,32.0,SALE,I7 12700KF,RTX4060TI,,,MID
본체,중고나라,228352432,7500F / 4060Ti 컴퓨터 게이밍PC 본체 모니터 마우스 키보드 세트 정리,1040000,판매중,,https://img2.joongna.com/media/original/2026/05/07/1778149724503ElO_XfXss.jpg?impolicy=thumb&size=150,https://web.joongna.com/product/228352432,2026-05-08 12:27,7500f / 4060ti 컴퓨터 게이밍pc 본체 모니터 마우스 키보드 세트 정리,,,desktop,N,,SALE,,,,,UNKNOWN
본체,중고나라,226131000,갤럭시 버즈 프로 충전 본체만 팝니다.,20000,판매중,,https://img2.joongna.com/media/original/2026/03/10/1773118144261Lkx_V5V56.jpg?impolicy=thumb&size=150,https://web.joongna.com/product/226131000,2026-05-08 12:23,갤럭시 버즈 프로 충전 본체만 .,삼성,,smartphone,N,,SALE,,,,,UNKNOWN
본체,중고나라,228131909,힐티뉴런 SID6-22 본체만 구입합니다,111111,판매중,,https://img2.joongna.com/media/original/2026/05/01/1777614891811k2u_hgegQ.jpg?impolicy=thumb&size=150,https://web.joongna.com/product/228131909,2026-05-08 12:06,힐티뉴런 sid6-22 본체만 구입합니다,,,desktop,N,,SALE,,,,,UNKNOWN
본체,중고나라,227904506,초 고사양 게이밍 pc 본체 i9-13900K Rtx5080 64g 1.5TB,3550000,판매중,,https://img2.joongna.com/media/original/2026/04/25/1777085203735Wq3_vmh1R.jpg?impolicy=thumb&size=150,https://web.joongna.com/product/227904506,2026-05-08 12:06,초 고사양 게이밍 pc 본체 i9-13900k rtx5080 64g 1.5tb,,,desktop,N,,SALE,I9-13900K,RTX5080,,5120.0,UNKNOWN
본체,중고나라,228212989,게이밍 컴퓨터 반본체 (9800X3D / 2TB / 32GB),2100000,판매중,,https://img2.joongna.com/media/original/2026/05/03/1777813888167Kit_B8gJj.jpg?impolicy=thumb&size=150,https://web.joongna.com/product/228212989,2026-05-08 12:05,게이밍 컴퓨터 반본체 (9800x3d / 2tb / 32gb),,,desktop,N,32.0,SALE,,,,2048.0,UNKNOWN
본체,중고나라,228374375,부산 라이젠 7500f / rtx3070 컴퓨터 본체 데스크탑 pc세트,1250000,판매중,,https://img2.joongna.com/media/original/2026/05/08/1778212722969sKG_ushhB.jpg?impolicy=thumb&size=150,https://web.joongna.com/product/228374375,2026-05-08 12:58,부산 라이젠 7500f / rtx3070 컴퓨터 본체 데스크탑 pc세트,,,desktop,N,,SALE,RYZEN 7500F,RTX3070,,,MID
본체,중고나라,228300564,(택포) 다이슨 V8 무선 청소기 본체,50000,판매중,,https://img2.joongna.com/media/original/2026/05/06/17780381449866i2_7bshw.jpg?impolicy=thumb&size=150,https://web.joongna.com/product/228300564,2026-05-08 12:55,() 다이슨 v8 무선 청소기 본체,,,desktop,N,,SALE,,,,,UNKNOWN
본체,중고나라,228025915,LG 코드제로 무선 청소기 본체,40000,판매중,,https://img2.joongna.com/media/original/2026/04/28/177736364172265n_Mco82.jpg?impolicy=thumb&size=150,https://web.joongna.com/product/228025915,2026-05-08 12:55,lg 코드제로 무선 청소기 본체,,,desktop,N,,SALE,,,,,UNKNOWN
본체,중고나라,228203776,"인텔 i9-13900KF 반본체 판매합니다 ( 메모리 , 그래픽카드 없음 )",1100000,판매중,,https://img2.joongna.com/media/original/2026/05/03/1777796865943RYP_odTUU.jpg?impolicy=thumb&size=150,https://web.joongna.com/product/228203776,2026-05-08 12:50,"인텔 i9-13900kf 반본체 ( 메모리 , 그래픽카드 없음 )",,,desktop,N,,SALE,I9-13900KF,그래픽카드 없음,,,UNKNOWN
본체,중고나라,228373820,데스크탑 컴퓨터 본체 i5 3570,120000,판매중,,https://img2.joongna.com/media/original/2026/05/08/1778211747241hZP_E8Erc.jpg?impolicy=thumb&size=150,https://web.joongna.com/product/228373820,2026-05-08 12:42,데스크탑 컴퓨터 본체 i5 3570,,,desktop,N,,SALE,I5 3570,,,,UNKNOWN
본체,중고나라,228373805,라이젠 7 3700X / 1660슈퍼 / 16G / SSD 500G 본체 팝니다,600000,판매중,,https://img2.joongna.com/media/original/2026/05/08/1778211733331gRx_sK3th.jpg?impolicy=thumb&size=150,https://web.joongna.com/product/228373805,2026-05-08 12:42,라이젠 7 3700x / 1660슈퍼 / 16g / ssd 500g 본체,,,desktop,N,,SALE,RYZEN 7 3700X,,,,UNKNOWN
본체,중고나라,228373664,i5 8400 ram16g gtx1050 ssd250g 신품케이스 본체,380000,판매중,,https://img2.joongna.com/media/original/2026/05/08/1778211561503xJ4_TqwLL.jpg?impolicy=thumb&size=150,https://web.joongna.com/product/228373664,2026-05-08 12:39,i5 8400 ram16g gtx1050 ssd250g 신품케이스 본체,,,CASE,Y,,SALE,I5 8400,GTX1050,,,UNKNOWN
본체,중고나라,228373547,고사양 게이밍PC 본체 컴퓨터 판매해요 Ryzen7 9800X3D,2200000,판매중,,https://img2.joongna.com/media/original/2026/05/08/1778211349727YvX_T9Jd2.jpg?impolicy=thumb&size=150,https://web.joongna.com/product/228373547,2026-05-08 12:35,고사양 게이밍pc 본체 컴퓨터 해요 ryzen7 9800x3d,,,desktop,N,,SALE,RYZEN7 9800X,,,,UNKNOWN
본체,중고나라,228352278,화이트 게이밍PC 본체 판매합니다,1050000,판매중,,https://img2.joongna.com/media/original/2026/05/07/1778149405476TlA_kP4A5.jpg?impolicy=thumb&size=150,https://web.joongna.com/product/228352278,2026-05-08 12:30,화이트 게이밍pc 본체,,,desktop,N,,SALE,,,,,UNKNOWN
본체,중고나라,228255343,AMD Ryzen7 1700 본체. 수도권 배달,370000,판매중,,https://img2.joongna.com/media/original/2026/05/05/177791697733831J_AOTxY.jpg?impolicy=thumb&size=150,https://web.joongna.com/product/228255343,2026-05-08 12:28,amd ryzen7 1700 본체. 수도권 배달,,,desktop,N,,SALE,RYZEN7 1700,,,,UNKNOWN
본체,중고나라,228373199,WIN11 고속 사무용 4세대 i3-4160 PC 삼성8G램 128SSD 데스크탑 피시 본체 무선랜 9만,90000,판매중,,https://img2.joongna.com/media/original/2026/05/08/1778210776610b6q_Apq6A.jpg?impolicy=thumb&size=150,https://web.joongna.com/product/228373199,2026-05-08 12:26,win11 고속 사무용 4세대 i3-4160 pc 삼성8g램 128ssd 데스크탑 피시 본체 무선랜 9만,,,desktop,N,,SALE,I3-4160,,8.0,,UNKNOWN
본체,중고나라,228373081,닌텐도 스위치 2 본체 + 포코피아,710000,판매중,,https://img2.joongna.com/media/original/2026/05/08/1778210642551Y4O_qRwRs.jpg?impolicy=thumb&size=150,https://web.joongna.com/product/228373081,2026-05-08 12:24,닌텐도 스위치 2 본체 + 포코피아,,,desktop,N,,SALE,,,,,UNKNOWN
본체,중고나라,228038795,힐티뉴런 TE6-22avr버전 본체만 삽니다,111111,판매중,,https://img2.joongna.com/media/original/2026/04/28/17773848313758He_EBkYp.jpg?impolicy=thumb&size=150,https://web.joongna.com/product/228038795,2026-05-08 12:06,힐티뉴런 te6-22avr버전 본체만,,,desktop,N,,SALE,,,,,UNKNOWN
본체,중고나라,228372246,라이젠 AMD 3700x rtx 2070 super 게이밍 pc본체 팝니다,630000,판매중,,https://img2.joongna.com/media/original/2026/05/08/1778209402278RKK_H1tjm.jpg?impolicy=thumb&size=150,https://web.joongna.com/product/228372246,2026-05-08 12:02,라이젠 amd 3700x rtx 2070 super 게이밍 pc본체,,,desktop,N,,SALE,,RTX2070,,,MID
본체,중고나라,228372165,라이젠7 7800X3D Rtx5070Ti 게이밍 pc 본체,2800000,판매중,,https://img2.joongna.com/media/original/2026/05/08/1778209206151YK3_NXk6w.jpg?impolicy=thumb&size=150,https://web.joongna.com/product/228372165,2026-05-08 12:00,라이젠7 7800x3d rtx5070ti 게이밍 pc 본체,,,desktop,N,,SALE,RYZEN7 7800X,RTX5070TI,,,UNKNOWN
본체,중고나라,228154875,9800x3d 5080 아스트랄 본체 초고사양 PC,4500000,판매중,,https://img2.joongna.com/media/original/2026/05/07/1778123551192MKc_q6qiF.jpg?impolicy=thumb&size=150,https://web.joongna.com/product/228154875,2026-05-08 11:42,9800x3d 5080 아스트랄 본체 초고사양 pc,,,desktop,N,,SALE,,,,,UNKNOWN
본체,중고나라,228063517,"i9-12900F 데스크탑 본체 팝니다(RTX3080TI,DDR5 32G,SSD 1T,HDD 2T)",1590000,판매중,,https://img2.joongna.com/media/original/2026/04/29/17774475662203Oj_ysjVv.jpg?impolicy=thumb&size=150,https://web.joongna.com/product/228063517,2026-05-08 11:11,"i9-12900f 데스크탑 본체 (rtx3080ti,ddr5 32g,ssd 1t,hdd 2t)",,,desktop,N,,SALE,I9-12900F,RTX3080TI,,,HIGH
본체,중고나라,213841101,녹투아 NF-R8 redux-1800 PWM 팬 쿨러 본체 시스템 쿨러,10000,판매중,,https://img2.joongna.com/cafe-article-data/live/2025/06/28/1110039265/1751098398117_000_vwuEO_main.jpg?impolicy=thumb&size=150,https://web.joongna.com/product/213841101,2026-05-08 11:06,녹투아 nf-r8 redux-1800 pwm 팬 쿨러 본체 시스템 쿨러,,,PARTS,Y,,SALE,,,,,UNKNOWN
본체,중고나라,227930311,"라이젠 PC 본체 7500F, B850M WIFI,DDR5 16G,1TB, 750W, 윈도우11",1240000,판매중,,https://img2.joongna.com/media/original/2026/04/26/1777130710973S89_LihHV.jpg?impolicy=thumb&size=150,https://web.joongna.com/product/227930311,2026-05-08 11:53,"라이젠 pc 본체 7500f, b850m wifi,ddr5 16g,1tb, 750w, 윈도우11",,,desktop,N,,SALE,,,,1024.0,UNKNOWN
본체,중고나라,228301490,LG 코드제로 A9 본체만 판매,30000,예약중,,https://img2.joongna.com/media/original/2026/05/06/17780397624558jL_yZ4f0.jpg?impolicy=thumb&size=150,https://web.joongna.com/product/228301490,2026-05-08 11:14,lg 코드제로 a9 본체만,,,desktop,N,,RESERVED,,,,,UNKNOWN
본체,중고나라,227841918,40만원 급처 영상기반/게이밍 본체 PC 컴퓨터 x570 godlike 반본체,1400000,판매중,,https://img2.joongna.com/media/original/2026/04/23/1776929316657yt0_eRixs.jpg?impolicy=thumb&size=150,https://web.joongna.com/product/227841918,2026-05-08 11:10,40만원 영상기반/게이밍 본체 pc 컴퓨터 x570 godlike 반본체,,,desktop,N,,SALE,,,,,UNKNOWN
본체,중고나라,226898304,게이밍 PC 본체 (5600X / RTX 3070),890000,판매중,,https://img2.joongna.com/media/original/2026/03/30/17748139023689bM_X16YS.jpg?impolicy=thumb&size=150,https://web.joongna.com/product/226898304,2026-05-08 11:03,게이밍 pc 본체 (5600x / rtx 3070),,,desktop,N,,SALE,,RTX3070,,,MID
본체,중고나라,228123455,(보증O) 업글가능! 화이트감성 어항케이스 고사양 게이밍컴퓨터본체 팝니다,1500000,판매중,,https://img2.joongna.com/media/original/2026/05/01/17776010284486XP_tEJFD.jpg?impolicy=thumb&size=150,https://web.joongna.com/product/228123455,2026-05-08 11:00,(보증o) 업글가능! 화이트감성 어항케이스 고사양 게이밍컴퓨터본체,,,CASE,Y,,SALE,,,,,UNKNOWN
본체,중고나라,228202691,드림캐스트본체 판매합니다.,50000,판매중,,https://img2.joongna.com/media/original/2026/05/03/1777795099263sjS_UqU15.jpg?impolicy=thumb&size=150,https://web.joongna.com/product/228202691,2026-05-08 11:56,드림캐스트본체 .,,,desktop,N,,SALE,,,,,UNKNOWN
본체,중고나라,228293698,닌텐도 스위치2 본체 팝니다,630000,판매중,,https://img2.joongna.com/media/original/2026/05/06/1778024691445YYF_3ZDTU.jpg?impolicy=thumb&size=150,https://web.joongna.com/product/228293698,2026-05-08 11:35,닌텐도 스위치2 본체,,,desktop,N,,SALE,,,,,UNKNOWN
본체,중고나라,228036964,인텔 i5-9400F / GTX 1650 SUPER 게이밍 PC 본체 롤 발로란트 아이온 리니지,360000,판매중,,https://img2.joongna.com/media/original/2026/04/28/17773816830075wk_DmSeN.jpg?impolicy=thumb&size=150,https://web.joongna.com/product/228036964,2026-05-08 11:47,인텔 i5-9400f / gtx 1650 super 게이밍 pc 본체 롤 발로란트 아이온 리니지,,,desktop,N,,SALE,I5-9400F,GTX1650,,,LOW
본체,중고나라,226814714,기가지니 테이블 TV 1 본체만 판매. CT1105-SB,25000,판매중,,https://img2.joongna.com/media/original/2026/03/27/1774610632186sIC_cZj80.jpg?impolicy=thumb&size=150,https://web.joongna.com/product/226814714,2026-05-08 11:17,기가지니 테이블 tv 1 본체만 . ct1105-sb,,,desktop,N,,SALE,,,,,UNKNOWN
본체,중고나라,228109030,닌텐도 위 RVL-001 본체 2개 일괄 판매,35000,판매중,,https://img2.joongna.com/media/original/2026/04/30/1777550794815PCr_akFGy.jpg?impolicy=thumb&size=150,https://web.joongna.com/product/228109030,2026-05-08 11:15,닌텐도 위 rvl-001 본체 2개 일괄,,,desktop,N,,SALE,,,,,UNKNOWN
본체,중고나라,227481666,에어팟 프로1 본체,35000,판매중,,https://img2.joongna.com/media/original/2026/04/14/1776120455317oVr_XzEh0.jpg?impolicy=thumb&size=150,https://web.joongna.com/product/227481666,2026-05-08 11:10,에어팟 프로1 본체,애플,에어팟 프로,earphone,N,,SALE,,,,,UNKNOWN
본체,중고나라,228275052,버즈 프로 블랙 충전기 본체 판매합니다,25000,판매중,,https://img2.joongna.com/media/original/2026/05/05/1777968884933xRv_f4gAo.jpg?impolicy=thumb&size=150,https://web.joongna.com/product/228275052,2026-05-08 11:58,버즈 프로 블랙 충전기 본체,,,CHARGER,Y,,SALE,,,,,UNKNOWN
본체,중고나라,228338643,라이젠5 5600g rtx4060 게이밍 pc 데스크탑 컴퓨터 본체(공랭) 처분!(윈도우 정품!),850000,판매중,,https://img2.joongna.com/media/original/2026/05/07/1778126897200o2v_GGr0x.jpg?impolicy=thumb&size=150,https://web.joongna.com/product/228338643,2026-05-08 11:56,라이젠5 5600g rtx4060 게이밍 pc 데스크탑 컴퓨터 본체(공랭) 처분!(윈도우 !),,,desktop,N,,SALE,RYZEN5 5600G,RTX4060,,,MID
본체,중고나라,226734048,컴퓨터본체 i7-3700,150000,판매중,,https://img2.joongna.com/media/original/2026/03/25/1774435331441B6g_K1CSf.JPEG?impolicy=thumb&size=150,https://web.joongna.com/product/226734048,2026-05-08 11:51,컴퓨터본체 i7-3700,,,desktop,N,,SALE,I7-3700,,,,UNKNOWN
본체,중고나라,227875910,올신품 사무용 본체 라이젠8600G 인기 가성비 사무용컴퓨터 데스크탑,1000000,판매중,,https://img2.joongna.com/media/original/2026/04/24/1777009701514XIE_5oHGT.jpg?impolicy=thumb&size=150,https://web.joongna.com/product/227875910,2026-05-08 11:38,올신품 사무용 본체 라이젠8600g 인기 가성비 사무용컴퓨터 데스크탑,,,desktop,N,,SALE,,,,,UNKNOWN
본체,중고나라,228371331,닌텐도 스위치2 본체 + 포코피아 팝니다,700000,판매중,,https://img2.joongna.com/media/original/2026/05/08/1778207816269C7v_A1TcN.jpg?impolicy=thumb&size=150,https://web.joongna.com/product/228371331,2026-05-08 11:36,닌텐도 스위치2 본체 + 포코피아,,,desktop,N,,SALE,,,,,UNKNOWN
본체,중고나라,228371243,사기매물임 민트급만취급 게이밍본체 7800x3d 3080ti 판매,1300000,판매중,,https://img2.joongna.com/media/original/2026/05/08/1778207653902b0f_vWvFP.jpg?impolicy=thumb&size=150,https://web.joongna.com/product/228371243,2026-05-08 11:34,사기매물임 민트급만취급 게이밍본체 7800x3d 3080ti,,,desktop,N,,SALE,,,,,UNKNOWN
본체,중고나라,228340005,인텔 게이밍/작업용 본체 (gtx1060),200000,판매중,,https://img2.joongna.com/media/original/2026/05/07/1778129260470LLO_31oDj.jpg?impolicy=thumb&size=150,https://web.joongna.com/product/228340005,2026-05-08 11:33,인텔 게이밍/작업용 본체 (gtx1060),,,desktop,N,,SALE,,GTX1060,,,LOW
본체,중고나라,228371109,컴퓨터 본체 i3 10100 gtx1650 pc 데스크탑,350000,판매중,,https://img2.joongna.com/media/original/2026/05/08/1778207401240S9R_LchJj.jpg?impolicy=thumb&size=150,https://web.joongna.com/product/228371109,2026-05-08 11:30,컴퓨터 본체 i3 10100 gtx1650 pc 데스크탑,,,desktop,N,,SALE,I3 10100,GTX1650,,,LOW
본체,중고나라,228371092,[HILTI]힐티충전타정기 BX3 힐티타정기 논가스타정기 본체만,700000,판매중,,https://img2.joongna.com/media/original/2026/05/08/1778207368715BhZ_LWKmz.jpg?impolicy=thumb&size=150,https://web.joongna.com/product/228371092,2026-05-08 11:29,[hilti]힐티충전타정기 bx3 힐티타정기 논가스타정기 본체만,,,desktop,N,,SALE,,,,,UNKNOWN
본체,중고나라,227997567,27인치 PC 타임제 게임기 케이스 (지폐/동전 인식기 포함) (본체 없음) 1대당,130000,판매중,,https://img2.joongna.com/media/original/2026/04/27/1777292723658sNh_hOJ3g.jpg?impolicy=thumb&size=150,https://web.joongna.com/product/227997567,2026-05-08 11:26,27인치 pc 타임제 게임기 케이스 (지폐/동전 인식기 포함) (본체 없음) 1대당,,,CASE,Y,,SALE,,,,,UNKNOWN
본체,중고나라,228316018,i7 11700f rtx3060 게이밍 pc 데스크탑 컴퓨터 공랭 본체 처분!(서비스o),900000,판매중,,https://img2.joongna.com/media/original/2026/05/06/1778062945967FCd_2fRuz.jpg?impolicy=thumb&size=150,https://web.joongna.com/product/228316018,2026-05-08 11:26,i7 11700f rtx3060 게이밍 pc 데스크탑 컴퓨터 공랭 본체 처분!(서비스o),,,desktop,N,,SALE,I7 11700F,RTX3060,,,MID
본체,중고나라,228302405,완본체 조립 7800X3D(783d) 5060 Ti 게이밍 데스크탑,2200000,판매중,,https://img2.joongna.com/media/original/2026/05/06/1778041300612epW_RpgOx.jpg?impolicy=thumb&size=150,https://web.joongna.com/product/228302405,2026-05-08 11:24,완본체 조립 7800x3d(783d) 5060 ti 게이밍 데스크탑,,,desktop,N,,SALE,,,,,UNKNOWN
본체,중고나라,228121414,(특가) 아이나비 QXD3000 mini S 본체,50000,판매중,,https://img2.joongna.com/media/original/2026/05/01/1777597172976S5M_C2RGc.jpg?impolicy=thumb&size=150,https://web.joongna.com/product/228121414,2026-05-08 11:23,(특가) 아이나비 qxd3000 mini s 본체,,,desktop,N,,SALE,,,,,UNKNOWN
본체,중고나라,227973498,파인뷰 Solid 300R 블랙박스 (본체단품),45000,판매중,,https://img2.joongna.com/media/original/2026/04/27/1777255106460iHr_SP0JE.jpg?impolicy=thumb&size=150,https://web.joongna.com/product/227973498,2026-05-08 11:22,파인뷰 solid 300r 블랙박스 (본체단품),,,BOX,Y,,SALE,,,,,UNKNOWN
본체,중고나라,228328472,엠피온 MDR-S9000Pro 블랙박스 (본체단품),75000,판매중,,https://img2.joongna.com/media/original/2026/05/07/1778102549217NYV_TMr0M.jpg?impolicy=thumb&size=150,https://web.joongna.com/product/228328472,2026-05-08 11:22,엠피온 mdr-s9000pro 블랙박스 (본체단품),,,BOX,Y,,SALE,,,,,UNKNOWN
본체,중고나라,228370814,구매율1위 컴퓨터 사무용 게임용 성인PC방 최저가 본체,150000,판매중,,https://img2.joongna.com/media/original/2026/05/08/1778206498730PCf_1v258.jpg?impolicy=thumb&size=150,https://web.joongna.com/product/228370814,2026-05-08 11:21,구매율1위 컴퓨터 사무용 게임용 성인pc방 최저가 본체,,,desktop,N,,SALE,,,,,UNKNOWN
본체,중고나라,228235708,올신품 사무용본체 라이젠5500GT 인기구성 사무실용 엑셀 한글 완벽셋팅,730000,판매중,,https://img2.joongna.com/media/original/2026/05/04/1777876227839jOO_14Pqd.jpg?impolicy=thumb&size=150,https://web.joongna.com/product/228235708,2026-05-08 11:20,올신품 사무용본체 라이젠5500gt 인기구성 사무실용 엑셀 한글 완벽셋팅,,,desktop,N,,SALE,RYZEN5500GT,,,,UNKNOWN
본체,중고나라,228238110,"라이젠 2600x본체 메모리16G, 250기가SSD",265000,판매중,,https://img2.joongna.com/media/original/2026/05/04/1777898641091EFg_EpDg5.jpg?impolicy=thumb&size=150,https://web.joongna.com/product/228238110,2026-05-08 11:19,"라이젠 2600x본체 메모리16g, 250기가ssd",,,desktop,N,250.0,SALE,,,,,UNKNOWN
본체,중고나라,227452121,에어팟4세대 노캔 본체 에케플 27.4.16 까지 노이즈캔슬링,83500,판매중,,https://img2.joongna.com/media/original/2026/04/13/1776052296804jUS_ztjjj.jpg?impolicy=thumb&size=150,https://web.joongna.com/product/227452121,2026-05-08 11:10,에어팟4세대 노캔 본체 에케플 27.4.16 까지 노이즈캔슬링,애플,에어팟,earphone,N,,SALE,,,,,UNKNOWN
본체,중고나라,227623000,급쳐 i3 6100 사무용본체팝니다,40000,판매중,,https://img2.joongna.com/media/original/2026/04/17/1776421281399ukP_ghGmr.jpg?impolicy=thumb&size=150,https://web.joongna.com/product/227623000,2026-05-08 11:08,급쳐 i3 6100 사무용본체,,,desktop,N,,SALE,I3 6100,,,,LOW
본체,중고나라,228327203,[게이밍 컴퓨터] RTX 5060/9600X/1TB 데스크탑 PC 본체,1590000,판매중,,https://img2.joongna.com/media/original/2026/05/07/1778086670048c4e_rOK0o.jpg?impolicy=thumb&size=150,https://web.joongna.com/product/228327203,2026-05-08 11:06,[게이밍 컴퓨터] rtx 5060/9600x/1tb 데스크탑 pc 본체,,,desktop,N,,SALE,,RTX5060,,1024.0,UNKNOWN
본체,중고나라,228304050,구형 노래방기기 보다 악기 음질이 좋은 금형 K100 노래방 본체 + 리모컨 새제품,170000,판매중,,https://img2.joongna.com/media/original/2026/05/06/1778043876084zvr_V3Q3p.jpg?impolicy=thumb&size=150,https://web.joongna.com/product/228304050,2026-05-08 11:04,구형 노래방기기 보다 악기 음질이 좋은 금형 k100 노래방 본체 + 리모컨 새제품,,,desktop,N,,SALE,,,,,UNKNOWN
본체,중고나라,228336505,9800x3d 반본체 게이밍 컴퓨터 팝니다,1650000,판매중,,https://img2.joongna.com/media/original/2026/05/07/1778123197796HP2_aHaXG.jpg?impolicy=thumb&size=150,https://web.joongna.com/product/228336505,2026-05-08 10:05,9800x3d 반본체 게이밍 컴퓨터,,,desktop,N,,SALE,,,,,UNKNOWN
본체,중고나라,228157441,i7 11700k rtx3070 fe ddr4 32g 고사양 게임 pc본체 팝니다,980000,판매중,,https://img2.joongna.com/media/original/2026/05/02/1777684944411FOh_lr45l.jpg?impolicy=thumb&size=150,https://web.joongna.com/product/228157441,2026-05-08 10:57,i7 11700k rtx3070 fe ddr4 32g 고사양 게임 pc본체,,,desktop,N,,SALE,I7 11700K,RTX3070,,,MID
본체,중고나라,225797283,"닌텐도 wii 위 전원아답터,av케이블,본체받침대,센서바",15000,판매중,,https://img2.joongna.com/media/original/2026/03/01/1772358947857uv8_v5AFC.jpg?impolicy=thumb&size=150,https://web.joongna.com/product/225797283,2026-05-08 10:53,"닌텐도 wii 위 전원아답터,av케이블,본체받침대,센서바",,,CABLE,Y,,SALE,,,,,UNKNOWN
본체,중고나라,228189810,"(안산/시흥) 인텔 i5-14400F, RTX 5060 Ti 게이밍 컴퓨터 본체 판매 합니다.",1190000,판매중,,https://img2.joongna.com/media/original/2026/05/03/1777771664042rv8_mcj51.jpg?impolicy=thumb&size=150,https://web.joongna.com/product/228189810,2026-05-08 10:00,"(안산/시흥) 인텔 i5-14400f, rtx 5060 ti 게이밍 컴퓨터 본체 합니다.",,,desktop,N,,SALE,I5-14400F,RTX5060TI,,,UNKNOWN
본체,중고나라,227899346,에어팟 프로2 C타입 본체 케이스 미개봉 새상품,94900,판매중,,https://img2.joongna.com/media/original/2026/04/25/1777074551157TwJ_WxOSX.jpg?impolicy=thumb&size=150,https://web.joongna.com/product/227899346,2026-05-08 10:57,에어팟 프로2 c타입 본체 케이스,애플,에어팟 프로,CASE,Y,,SALE,,,,,UNKNOWN
본체,중고나라,228369635,sff pc 본체팝니다,950000,예약중,,https://img2.joongna.com/media/original/2026/05/08/177820500545112h_hrVe4.jpg?impolicy=thumb&size=150,https://web.joongna.com/product/228369635,2026-05-08 10:50,sff pc 본체,,,desktop,N,,RESERVED,,,,,UNKNOWN
본체,중고나라,228152513,게임용 컴퓨터 본체 i7 6700,450000,판매중,,https://img2.joongna.com/media/original/2026/05/02/1777658351030tAB_LgzVu.jpg?impolicy=thumb&size=150,https://web.joongna.com/product/228152513,2026-05-08 10:49,게임용 컴퓨터 본체 i7 6700,,,desktop,N,,SALE,I7 6700,,,,UNKNOWN
본체,중고나라,228152522,게임용 컴퓨터 본체 i7 7700k,550000,판매중,,https://img2.joongna.com/media/original/2026/05/02/177765847198758J_b6XqK.jpg?impolicy=thumb&size=150,https://web.joongna.com/product/228152522,2026-05-08 10:49,게임용 컴퓨터 본체 i7 7700k,,,desktop,N,,SALE,I7 7700K,,,,UNKNOWN
본체,중고나라,228336099,라이젠7 7800X3D RTX4060 겜본체,1260000,판매중,,https://img2.joongna.com/media/original/2026/05/07/1778122495076WQO_Q5hTt.jpg?impolicy=thumb&size=150,https://web.joongna.com/product/228336099,2026-05-08 10:42,라이젠7 7800x3d rtx4060 겜본체,,,desktop,N,,SALE,RYZEN7 7800X,RTX4060,,,MID
본체,중고나라,228189445,"(안산/시흥)라이젠7 5700X, RTX 5060 게이밍 컴퓨터 본체 판매 합니다.",1090000,판매중,,https://img2.joongna.com/media/original/2026/05/03/1777770905828HeI_oCISL.jpg?impolicy=thumb&size=150,https://web.joongna.com/product/228189445,2026-05-08 10:00,"(안산/시흥)라이젠7 5700x, rtx 5060 게이밍 컴퓨터 본체 합니다.",,,desktop,N,,SALE,RYZEN7 5700X,RTX5060,,,UNKNOWN
본체,중고나라,228157411,270K 5090 엔드급 초고사양 하이엔드 작업용 컴퓨터 본체 PC,7850000,판매중,,https://img2.joongna.com/media/original/2026/05/02/1777684866929tby_fRTZ6.jpg?impolicy=thumb&size=150,https://web.joongna.com/product/228157411,2026-05-08 10:54,270k 5090 엔드급 초고사양 하이엔드 작업용 컴퓨터 본체 pc,,,desktop,N,,SALE,,,,,UNKNOWN
본체,중고나라,227444651,에어팟 프로1 본체,35000,판매중,,https://img2.joongna.com/media/original/2026/04/13/1776040198233g1j_QkKOK.jpg?impolicy=thumb&size=150,https://web.joongna.com/product/227444651,2026-05-08 10:53,에어팟 프로1 본체,애플,에어팟 프로,earphone,N,,SALE,,,,,UNKNOWN
본체,중고나라,228152538,게임용 컴퓨터 본체 라이젠 5600,800000,판매중,,https://img2.joongna.com/media/original/2026/05/02/1777658635794Vb8_yyBMP.jpg?impolicy=thumb&size=150,https://web.joongna.com/product/228152538,2026-05-08 10:49,게임용 컴퓨터 본체 라이젠 5600,,,desktop,N,,SALE,RYZEN 5600,,,,UNKNOWN
본체,중고나라,228261570,샤오미 미지아 스마트 로봇청소기2 SDJQR01RR_ 본체만,25000,판매중,,https://img2.joongna.com/media/original/2026/05/05/17779464058787tU_7jD9Q.jpg?impolicy=thumb&size=150,https://web.joongna.com/product/228261570,2026-05-08 10:32,샤오미 미지아 스마트 로봇청소기2 sdjqr01rr_ 본체만,,,desktop,N,,SALE,,,,,UNKNOWN
본체,중고나라,228288076,HP 컴퓨터 본체 i5-6500 램8 SSD120,110000,판매중,,https://img2.joongna.com/media/original/2026/05/05/1777991570307I7e_KdCpd.jpg?impolicy=thumb&size=150,https://web.joongna.com/product/228288076,2026-05-08 10:31,hp 컴퓨터 본체 i5-6500 램8 ssd120,,,desktop,N,,SALE,I5-6500,,,,UNKNOWN
본체,중고나라,228368952,라이젠 5 7600 삼성 ddr5 5600 32G itx 본체 팝니다,850000,판매중,,https://img2.joongna.com/media/original/2026/05/08/17782038406055H3_CQEKR.jpg?impolicy=thumb&size=150,https://web.joongna.com/product/228368952,2026-05-08 10:30,라이젠 5 7600 삼성 ddr5 5600 32g itx 본체,,,desktop,N,,SALE,RYZEN 5 7600,,,,UNKNOWN
본체,중고나라,228327743,"AMD 라이젠 9600x, rtx5060 등 컴퓨터 본체",1500000,판매중,,https://img2.joongna.com/media/original/2026/05/07/1778092129196uvl_iKEQZ.jpg?impolicy=thumb&size=150,https://web.joongna.com/product/228327743,2026-05-08 10:06,"amd 라이젠 9600x, rtx5060 등 컴퓨터 본체",,,desktop,N,,SALE,RYZEN 9600X,RTX5060,,,UNKNOWN
본체,중고나라,228169183,"(안산/시흥)인텔 i5-12400F, RTX 5060 게이밍 컴퓨터 본체 판매 합니다.",1040000,판매중,,https://img2.joongna.com/media/original/2026/05/02/1777706504183rSR_342TZ.jpg?impolicy=thumb&size=150,https://web.joongna.com/product/228169183,2026-05-08 10:00,"(안산/시흥)인텔 i5-12400f, rtx 5060 게이밍 컴퓨터 본체 합니다.",,,desktop,N,,SALE,I5-12400F,RTX5060,,,UNKNOWN
본체,중고나라,227978043,(정품) (SAMSUNG) 삼성 컴퓨터 본체/슬림형 컴퓨터/데스크탑/PC,60000,판매중,,https://img2.joongna.com/media/original/2026/04/27/1777261828203YAJ_yjTbU.jpg?impolicy=thumb&size=150,https://web.joongna.com/product/227978043,2026-05-08 10:58,() (samsung) 삼성 컴퓨터 본체/슬림형 컴퓨터/데스크탑/pc,,,desktop,N,,SALE,,,,,UNKNOWN
본체,중고나라,228337976,i5 9600k gtx 1080ti 게이밍 pc본체 팝니다,630000,판매중,,https://img2.joongna.com/media/original/2026/05/07/1778125668805xny_QoyBh.jpg?impolicy=thumb&size=150,https://web.joongna.com/product/228337976,2026-05-08 10:57,i5 9600k gtx 1080ti 게이밍 pc본체,,,desktop,N,,SALE,I5 9600K,GTX1080TI,,,UNKNOWN
본체,중고나라,228295652,itx 컴퓨터 부품 몇일 완본체로 팔아보고 안팔리면 분해 판매,1250000,판매중,,https://img2.joongna.com/media/original/2026/05/06/1778029741445mOS_vMS9G.jpg?impolicy=thumb&size=150,https://web.joongna.com/product/228295652,2026-05-08 10:57,itx 컴퓨터 부품 몇일 완본체로 팔아보고 안팔리면 분해,,,PARTS,Y,,SALE,,,,,UNKNOWN
본체,중고나라,228287288,화이트톤 M-ATX 어항형 데스크탑 반본체 팝니다.,700000,판매중,,https://img2.joongna.com/media/original/2026/05/05/1777988247365rFm_Dmewk.jpg?impolicy=thumb&size=150,https://web.joongna.com/product/228287288,2026-05-08 10:56,화이트톤 m-atx 어항형 데스크탑 반본체 .,,,desktop,N,,SALE,,,,,UNKNOWN
본체,중고나라,228221872,버즈 플러스 블랙 충전기 본체 판매합니다,15000,판매중,,https://img2.joongna.com/media/original/2026/05/04/1777852882455XWv_vKrsM.jpg?impolicy=thumb&size=150,https://web.joongna.com/product/228221872,2026-05-08 10:56,버즈 플러스 블랙 충전기 본체,,,CHARGER,Y,,SALE,,,,,UNKNOWN
본체,중고나라,228369801,에어팟4세대 본체 노캔 ANC 일반,49900,판매중,,https://img2.joongna.com/media/original/2026/05/08/1778205284936tyV_xTgwL.jpg?impolicy=thumb&size=150,https://web.joongna.com/product/228369801,2026-05-08 10:54,에어팟4세대 본체 노캔 anc 일반,애플,에어팟,earphone,N,,SALE,,,,,UNKNOWN
본체,중고나라,228369789,9850X3D 5080 아스트랄 화이트 커세어 게이밍 컴퓨터 본체,5200000,판매중,,https://img2.joongna.com/media/original/2026/05/08/1778205262067uyB_X4Um9.jpg?impolicy=thumb&size=150,https://web.joongna.com/product/228369789,2026-05-08 10:54,9850x3d 5080 아스트랄 화이트 커세어 게이밍 컴퓨터 본체,,,desktop,N,,SALE,,,,,UNKNOWN
본체,중고나라,227579783,인텔i5 6400/16G/SSD 240GB/HDD 1TB/GTX960/500W 본체 팝니다.,180000,판매중,,https://img2.joongna.com/media/original/2026/04/16/1776325946533Cf5_Z3UHk.jpg?impolicy=thumb&size=150,https://web.joongna.com/product/227579783,2026-05-08 10:53,인텔i5 6400/16g/ssd 240gb/hdd 1tb/gtx960/500w 본체 .,,,desktop,N,240.0,SALE,I5 6400,,,240.0,LOW
본체,중고나라,227870073,에어팟 프로2 본체 (케이스) 8핀 라이트닝 C타입,44900,판매중,,https://img2.joongna.com/media/original/2026/04/24/1777000579859qu1_70EO1.jpg?impolicy=thumb&size=150,https://web.joongna.com/product/227870073,2026-05-08 10:53,에어팟 프로2 본체 (케이스) 8핀 라이트닝 c타입,애플,에어팟 프로,CASE,Y,,SALE,,,,,UNKNOWN
본체,중고나라,223933447,삼성 46인치tv 본체만 부품판매 (un46f6900 .리모컨.받침대 x) 29000원,29000,판매중,,https://img2.joongna.com/media/original/2026/01/10/17679764303399iK_VTHow.jpg?impolicy=thumb&size=150,https://web.joongna.com/product/223933447,2026-05-08 10:52,삼성 46인치tv 본체만 부품 (un46f6900 .리모컨.받침대 x) 29000원,,,PARTS,Y,,SALE,,,,,UNKNOWN
본체,중고나라,228152515,게임용 컴퓨터 본체 i7 7700,500000,판매중,,https://img2.joongna.com/media/original/2026/05/02/1777658394613EUL_6DtsY.jpg?impolicy=thumb&size=150,https://web.joongna.com/product/228152515,2026-05-08 10:49,게임용 컴퓨터 본체 i7 7700,,,desktop,N,,SALE,I7 7700,,,,UNKNOWN
본체,중고나라,228108699,에어팟4세대 프로3 미개봉 새상품 왼쪽 본체 오른쪽노캔,55000,판매중,,https://img2.joongna.com/media/original/2026/04/30/1777550239546NZN_teVaK.jpg?impolicy=thumb&size=150,https://web.joongna.com/product/228108699,2026-05-08 10:48,에어팟4세대 프로3 왼쪽 본체 오른쪽노캔,애플,에어팟 프로,earphone,N,,SALE,,,,,UNKNOWN
본체,중고나라,228369375,ARTIS GOODS 갤러리등 본체 패널등,15000,판매중,,https://img2.joongna.com/media/original/2026/05/08/17782045897095f3_ndjpu.jpg?impolicy=thumb&size=150,https://web.joongna.com/product/228369375,2026-05-08 10:43,artis goods 갤러리등 본체 패널등,,,desktop,N,,SALE,,,,,UNKNOWN
본체,중고나라,228261955,부품용(DIY용) 무선 청소기 본체 2개 일괄 처분,38000,판매중,,https://img2.joongna.com/media/original/2026/05/05/17779470647058Jl_mD14s.jpg?impolicy=thumb&size=150,https://web.joongna.com/product/228261955,2026-05-08 10:29,부품용(diy용) 무선 청소기 본체 2개 일괄 처분,,,PARTS,Y,,SALE,,,,,UNKNOWN
본체,중고나라,228347561,한성 컴퓨터 본체 미니슈트 A3900SW,79000,판매중,,https://img2.joongna.com/media/original/2026/05/07/1778141132112HXH_C4eUE.jpg?impolicy=thumb&size=150,https://web.joongna.com/product/228347561,2026-05-08 10:29,한성 컴퓨터 본체 미니슈트 a3900sw,,,desktop,N,,SALE,,,,,UNKNOWN
본체,중고나라,228347597,샤오미 미지아 스마트 로봇청소기2 SDJQR01RR_ 본체만,25000,판매중,,https://img2.joongna.com/media/original/2026/05/07/17781412112861xj_SgUZT.jpg?impolicy=thumb&size=150,https://web.joongna.com/product/228347597,2026-05-08 10:29,샤오미 미지아 스마트 로봇청소기2 sdjqr01rr_ 본체만,,,desktop,N,,SALE,,,,,UNKNOWN
본체,중고나라,228368855,평택 천안 아산) 인텔 i7 10700 Rtx3080 게이밍 pc 본체,1150000,판매중,,https://img2.joongna.com/media/original/2026/05/08/17782036571885Yu_9VOYV.jpg?impolicy=thumb&size=150,https://web.joongna.com/product/228368855,2026-05-08 10:27,평택 천안 아산) 인텔 i7 10700 rtx3080 게이밍 pc 본체,,,desktop,N,,SALE,I7 10700,RTX3080,,,HIGH
본체,중고나라,228330881,파인뷰 LX2000 블랙박스 (본체단품),40000,판매중,,https://img2.joongna.com/media/original/2026/05/07/17781127947194Km_mXap4.jpg?impolicy=thumb&size=150,https://web.joongna.com/product/228330881,2026-05-08 10:24,파인뷰 lx2000 블랙박스 (본체단품),,,BOX,Y,,SALE,,,,,UNKNOWN
본체,중고나라,226736843,아이트로닉스 ITB-650HD 블랙박스 (본체단품),55000,판매중,,https://img2.joongna.com/media/original/2026/03/25/1774439376136Zy2_2nSph.jpg?impolicy=thumb&size=150,https://web.joongna.com/product/226736843,2026-05-08 10:24,아이트로닉스 itb-650hd 블랙박스 (본체단품),,,BOX,Y,,SALE,,,,,UNKNOWN
본체,중고나라,226187204,만도 S1 블랙박스 (본체단품),45000,판매중,,https://img2.joongna.com/media/original/2026/03/11/1773228219736xbz_WYYXZ.jpg?impolicy=thumb&size=150,https://web.joongna.com/product/226187204,2026-05-08 10:24,만도 s1 블랙박스 (본체단품),,,BOX,Y,,SALE,,,,,UNKNOWN
본체,중고나라,225198662,"유라이브 엣지, 엣지A1, 블랙박스(본체단품)",40000,판매중,,https://img2.joongna.com/media/original/2026/02/12/1770876727084cIr_mrEml.jpg?impolicy=thumb&size=150,https://web.joongna.com/product/225198662,2026-05-08 10:24,"유라이브 엣지, 엣지a1, 블랙박스(본체단품)",,,BOX,Y,,SALE,,,,,UNKNOWN
본체,중고나라,228368749,파인뷰 x700 블랙박스 (본체단품),50000,판매중,,https://img2.joongna.com/media/original/2026/05/08/1778203470352GiJ_mfCcK.jpg?impolicy=thumb&size=150,https://web.joongna.com/product/228368749,2026-05-08 10:24,파인뷰 x700 블랙박스 (본체단품),,,BOX,Y,,SALE,,,,,UNKNOWN
본체,중고나라,226593117,[7인치] 아이머큐리 시리우스 (본체단품),75000,판매중,,https://img2.joongna.com/media/original/2026/03/22/1774145651009PYa_PeStC.jpg?impolicy=thumb&size=150,https://web.joongna.com/product/226593117,2026-05-08 10:24,[7인치] 아이머큐리 시리우스 (본체단품),,,desktop,N,,SALE,,,,,UNKNOWN
본체,중고나라,228368718,인텔 i5-2500 데스크탑 PC 본체,100000,판매중,,https://img2.joongna.com/media/original/2026/05/08/1778203326333kPL_hCePq.JPG?impolicy=thumb&size=150,https://web.joongna.com/product/228368718,2026-05-08 10:23,인텔 i5-2500 데스크탑 pc 본체,,,desktop,N,,SALE,I5-2500,,,,LOW
본체,중고나라,228368694,라이젠 5 3500X CPU와 16GB RAM을 탑재한 게이밍 PC 본체+27인치모니터 세트,330000,판매중,,https://img2.joongna.com/media/original/2026/05/08/1778203229942IRy_DTCYW.jpg?impolicy=thumb&size=150,https://web.joongna.com/product/228368694,2026-05-08 10:23,라이젠 5 3500x cpu와 16gb ram을 탑재한 게이밍 pc 본체+27인치모니터 세트,,,desktop,N,16.0,SALE,RYZEN 5 3500X,,,,UNKNOWN
본체,중고나라,228096380,i5-7600 DDR4-16G GTX1060 6G SSD240 HDD1T 게이밍컴퓨터 본체,300000,판매중,,https://img2.joongna.com/media/original/2026/04/30/1777528345256KLN_FxpQI.jpg?impolicy=thumb&size=150,https://web.joongna.com/product/228096380,2026-05-08 10:09,i5-7600 ddr4-16g gtx1060 6g ssd240 hdd1t 게이밍컴퓨터 본체,,,desktop,N,,SALE,I5-7600,GTX1060,,,LOW
본체,중고나라,228368256,에어팟프로 1세대 본체 입니다,20000,판매중,,https://img2.joongna.com/media/original/2026/05/08/1778202509701NvE_E9LDH.jpg?impolicy=thumb&size=150,https://web.joongna.com/product/228368256,2026-05-08 10:08,에어팟프로 1세대 본체 입니다,애플,에어팟 프로,earphone,N,,SALE,,,,,UNKNOWN
본체,중고나라,228062293,게임용 컴퓨터 게이밍 PC 본체 i5-10600 16GB램 GTX1660s SSD500GB,600000,판매중,,https://img2.joongna.com/media/original/2026/04/29/1777446402953b2k_8Ehh7.JPG?impolicy=thumb&size=150,https://web.joongna.com/product/228062293,2026-05-08 10:07,게임용 컴퓨터 게이밍 pc 본체 i5-10600 16gb램 gtx1660s ssd500gb,,,desktop,N,16.0,SALE,I5-10600,GTX1660,16.0,500.0,MID
본체,중고나라,228029634,게이밍 PC 본체 i5-9400F 16GB GTX1060 3G 게임용 컴퓨터,450000,판매중,,https://img2.joongna.com/media/original/2026/04/28/1777369375928PA3_o5Lq4.JPG?impolicy=thumb&size=150,https://web.joongna.com/product/228029634,2026-05-08 10:07,게이밍 pc 본체 i5-9400f 16gb gtx1060 3g 게임용 컴퓨터,,,desktop,N,16.0,SALE,I5-9400F,GTX1060,,,LOW
본체,중고나라,228368180,"고사양 게이밍 , 작업용 본체 판매해요",910000,판매중,,https://img2.joongna.com/media/original/2026/05/08/1778202368742VRx_nDDqt.jpg?impolicy=thumb&size=150,https://web.joongna.com/product/228368180,2026-05-08 10:06,"고사양 게이밍 , 작업용 본체 해요",,,desktop,N,,SALE,,,,,UNKNOWN
본체,중고나라,228332235,컴퓨터 PC 본체 i5-8500 16GB GTX1060 정품윈도우10 게임용 게이밍,390000,판매중,,https://img2.joongna.com/media/original/2026/05/07/1778115701353RpG_cn794.JPG?impolicy=thumb&size=150,https://web.joongna.com/product/228332235,2026-05-08 10:03,컴퓨터 pc 본체 i5-8500 16gb gtx1060 윈도우10 게임용 게이밍,,,desktop,N,16.0,SALE,I5-8500,GTX1060,,,LOW
본체,중고나라,228189652,"(안산/시흥) 라이젠 5 5600X, RTX 5060 게이밍 컴퓨터 본체 판매 합니다.",1040000,판매중,,https://img2.joongna.com/media/original/2026/05/03/1777771353536EVX_khAoY.jpg?impolicy=thumb&size=150,https://web.joongna.com/product/228189652,2026-05-08 10:00,"(안산/시흥) 라이젠 5 5600x, rtx 5060 게이밍 컴퓨터 본체 합니다.",,,desktop,N,,SALE,RYZEN 5 5600X,RTX5060,,,UNKNOWN
본체,중고나라,228169058,"(안산/시흥)라이젠7 5700X, RTX 5060 게이밍 컴퓨터 본체 판매 합니다.",1120000,판매중,,https://img2.joongna.com/media/original/2026/05/02/1777706284350Edj_X4yUP.jpg?impolicy=thumb&size=150,https://web.joongna.com/product/228169058,2026-05-08 10:00,"(안산/시흥)라이젠7 5700x, rtx 5060 게이밍 컴퓨터 본체 합니다.",,,desktop,N,,SALE,RYZEN7 5700X,RTX5060,,,UNKNOWN
본체,중고나라,228295501,컴퓨터 PC 본체 i3-9100F 16GB GT730 SSD256GB 사무용 학업용,300000,판매중,,https://img2.joongna.com/media/original/2026/05/06/1778029400474mVG_VkT20.JPG?impolicy=thumb&size=150,https://web.joongna.com/product/228295501,2026-05-08 10:00,컴퓨터 pc 본체 i3-9100f 16gb gt730 ssd256gb 사무용 학업용,,,desktop,N,16.0,SALE,I3-9100F,,,256.0,UNKNOWN
본체,중고나라,228324396,"7800X3D , 4070TiSUPER PC본체 팝니다",1300000,판매중,,https://img2.joongna.com/media/original/2026/05/06/1778077988977fVa_qUkpB.jpg?impolicy=thumb&size=150,https://web.joongna.com/product/228324396,2026-05-08 09:04,"7800x3d , 4070tisuper pc본체",,,desktop,N,,SALE,,,,,UNKNOWN
본체,중고나라,228070770,5700x3d ddr4 32gb b550m 4060 ti 팔아요 4060ti 32g 반본체 가능,1200000,판매중,,https://img2.joongna.com/media/original/2026/04/29/1777460547282iKR_A2jvD.jpg?impolicy=thumb&size=150,https://web.joongna.com/product/228070770,2026-05-08 09:24,5700x3d ddr4 32gb b550m 4060 ti 4060ti 32g 반본체 가능,,,desktop,N,32.0,SALE,,,,,UNKNOWN
본체,중고나라,227970792,게임용 PC 반본체 판매합니다(내림),730000,판매중,,https://img2.joongna.com/media/original/2026/04/27/1777249870445anE_5pkLN.jpg?impolicy=thumb&size=150,https://web.joongna.com/product/227970792,2026-05-08 09:06,게임용 pc 반본체 (내림),,,desktop,N,,SALE,,,,,UNKNOWN
본체,중고나라,228151381,PS3 본체 + 2TB 외장하드 + 패드 2개,250000,판매중,,https://img2.joongna.com/media/original/2026/05/08/1778200109773kAR_qnS4W.jpg?impolicy=thumb&size=150,https://web.joongna.com/product/228151381,2026-05-08 09:28,ps3 본체 + 2tb 외장하드 + 패드 2개,,,desktop,N,,SALE,,,,2048.0,UNKNOWN
본체,중고나라,228232569,고성능 rx9070xt 게이밍 pc 본체 라이젠 5900x 팝니다,1500000,판매중,,https://img2.joongna.com/media/original/2026/05/04/1777871804261GGy_tYlCK.jpg?impolicy=thumb&size=150,https://web.joongna.com/product/228232569,2026-05-08 09:54,고성능 rx9070xt 게이밍 pc 본체 라이젠 5900x,,,desktop,N,,SALE,RYZEN 5900X,RX9070XT,,,UNKNOWN
본체,중고나라,228110768,라이젠9 본체 팝니다,1200000,판매중,,https://img2.joongna.com/media/original/2026/04/30/1777553993621CuF_fdM4g.jpg?impolicy=thumb&size=150,https://web.joongna.com/product/228110768,2026-05-08 09:53,라이젠9 본체,,,desktop,N,,SALE,,,,,UNKNOWN
본체,중고나라,227386624,PS3 120GB 본체와 컨트롤러 2개가 포함된 세트입니다,300000,판매중,,https://img2.joongna.com/media/original/2026/04/11/1775892916108zW5_x5viq.JPG?impolicy=thumb&size=150,https://web.joongna.com/product/227386624,2026-05-08 09:57,ps3 120gb 본체와 컨트롤러 2개가 포함된 세트입니다,,,desktop,N,120.0,SALE,,,,,UNKNOWN
본체,중고나라,228367938,인텔 7세대 I7 7700 동급 E3-1240V6 컴퓨터 반본체,120000,판매중,,https://img2.joongna.com/media/original/2026/05/08/1778201831923xp1_cGeyP.jpg?impolicy=thumb&size=150,https://web.joongna.com/product/228367938,2026-05-08 09:57,인텔 7세대 i7 7700 동급 e3-1240v6 컴퓨터 반본체,,,desktop,N,,SALE,I7 7700,,,,UNKNOWN
본체,중고나라,228367747,9800x3d rtx5080 2tb 컴퓨터 본체 팝니다.,3800000,판매중,,https://img2.joongna.com/media/original/2026/05/08/1778201443788SQZ_Svy1l.jpg?impolicy=thumb&size=150,https://web.joongna.com/product/228367747,2026-05-08 09:50,9800x3d rtx5080 2tb 컴퓨터 본체 .,,,desktop,N,,SALE,,RTX5080,,2048.0,UNKNOWN
본체,중고나라,228330771,(최종인하) 신동품 JAVS 잡스 아레떼 Arete DAC 실버 본체만,1490000,판매중,,https://img2.joongna.com/media/original/2026/05/07/1778112514893wtP_oqvMi.jpg?impolicy=thumb&size=150,https://web.joongna.com/product/228330771,2026-05-08 09:46,(최종인하) 신동품 javs 잡스 아레떼 arete dac 실버 본체만,,,desktop,N,,SALE,,,,,UNKNOWN
본체,중고나라,228236232,i7-8700 GTX 1060 6G 게이밍 PC 컴퓨터 본체 배그 발로란트 오버워치 게임용 데스크탑,420000,판매중,,https://img2.joongna.com/media/original/2026/05/04/1777877419268b4l_3wilc.jpg?impolicy=thumb&size=150,https://web.joongna.com/product/228236232,2026-05-08 09:45,i7-8700 gtx 1060 6g 게이밍 pc 컴퓨터 본체 배그 발로란트 오버워치 게임용 데스크탑,,,desktop,N,,SALE,I7-8700,GTX1060,,,LOW
본체,중고나라,228007809,듀얼 CPU 데스크탑 본체 교환해보실분? 부산,450000,판매중,,https://img2.joongna.com/media/original/2026/04/28/1777334127071lTD_5S1ri.jpg?impolicy=thumb&size=150,https://web.joongna.com/product/228007809,2026-05-08 09:21,듀얼 cpu 데스크탑 본체 교환해보실분? 부산,,,desktop,N,,SALE,,,,,UNKNOWN
본체,중고나라,228367990,스위치 젤다 본체. 티어즈오브 킹덤 컬랙터에디션 팔아요,470000,판매중,,https://img2.joongna.com/media/original/2026/05/08/1778201956520a0c_Qs8c4.jpg?impolicy=thumb&size=150,https://web.joongna.com/product/228367990,2026-05-08 09:59,스위치 젤다 본체. 티어즈오브 킹덤 컬랙터에디션,,,desktop,N,,SALE,,,,,UNKNOWN
본체,중고나라,228297685,게이밍 컴퓨터 본체 AMD 라이젠5 7500F Rtx3070ti DDR5램32기가,1200000,판매중,,https://img2.joongna.com/media/original/2026/05/06/1778033257561QIp_RFoLP.jpg?impolicy=thumb&size=150,https://web.joongna.com/product/228297685,2026-05-08 09:55,게이밍 컴퓨터 본체 amd 라이젠5 7500f rtx3070ti ddr5램32기가,,,desktop,N,32.0,SALE,RYZEN5 7500F,RTX3070TI,,,MID
본체,중고나라,227971025,lg xp본체 (산업용.공장용.xp게임용),50000,판매중,,https://img2.joongna.com/media/original/2026/04/27/17772504171026je_DBtnb.jpg?impolicy=thumb&size=150,https://web.joongna.com/product/227971025,2026-05-08 09:54,lg xp본체 (산업용.공장용.xp게임용),,,desktop,N,,SALE,,,,,UNKNOWN
본체,중고나라,228367837,데스크탑 본체 40000원,40000,판매중,,https://img2.joongna.com/media/original/2026/05/08/1778201574339Pb2_dIjlb.jpg?impolicy=thumb&size=150,https://web.joongna.com/product/228367837,2026-05-08 09:53,데스크탑 본체 40000원,,,desktop,N,,SALE,,,,,UNKNOWN
본체,중고나라,228349166,게임용 사무용 컴퓨터 PC 본체 i7-8700 GTX 1060 6G 배그 발로란트 오버워치 데스크탑,400000,판매중,,https://img2.joongna.com/media/original/2026/05/07/1778143889641la8_ENoSp.jpg?impolicy=thumb&size=150,https://web.joongna.com/product/228349166,2026-05-08 09:46,게임용 사무용 컴퓨터 pc 본체 i7-8700 gtx 1060 6g 배그 발로란트 오버워치 데스크탑,,,desktop,N,,SALE,I7-8700,GTX1060,,,LOW
본체,중고나라,228367533,라이젠 7500F 32G 1TB RTX 4060TI 신품동일 본체,1350000,판매중,,https://img2.joongna.com/media/original/2026/05/08/1778201007708FDl_RX3QY.jpg?impolicy=thumb&size=150,https://web.joongna.com/product/228367533,2026-05-08 09:43,라이젠 7500f 32g 1tb rtx 4060ti 신품동일 본체,,,desktop,N,,SALE,RYZEN 7500F,RTX4060TI,,1024.0,MID
본체,중고나라,227951451,게임용 사무용 컴퓨터 PC 본체 라이젠 5600G GTX1060 오버워치 발로란트 데스크탑,490000,판매중,,https://img2.joongna.com/media/original/2026/04/26/1777191065766fLz_dRDBO.jpg?impolicy=thumb&size=150,https://web.joongna.com/product/227951451,2026-05-08 09:43,게임용 사무용 컴퓨터 pc 본체 라이젠 5600g gtx1060 오버워치 발로란트 데스크탑,,,desktop,N,,SALE,RYZEN 5600G,GTX1060,,,LOW
본체,중고나라,228263116,"5080본체 판매합니다.(9900X,5080,64GB,2TB,윈11기본)",4100000,판매중,,https://img2.joongna.com/media/original/2026/05/05/1777948992356Tl0_F9Rhq.jpg?impolicy=thumb&size=150,https://web.joongna.com/product/228263116,2026-05-08 09:36,"5080본체 .(9900x,5080,64gb,2tb,윈11기본)",,,desktop,N,64.0,SALE,,,,2048.0,UNKNOWN
본체,중고나라,228367041,고성능 게이밍 PC 본체,4420000,판매중,,https://img2.joongna.com/media/original/2026/05/08/1778199598375aBF_uCsjT.jpg?impolicy=thumb&size=150,https://web.joongna.com/product/228367041,2026-05-08 09:22,고성능 게이밍 pc 본체,,,desktop,N,,SALE,,,,,UNKNOWN
본체,중고나라,228342617,인텔 8세대 사무용 데스크탑 본체 2대,150000,판매중,,https://img2.joongna.com/media/original/2026/05/07/1778133337900pcu_nnks3.jpg?impolicy=thumb&size=150,https://web.joongna.com/product/228342617,2026-05-08 09:22,인텔 8세대 사무용 데스크탑 본체 2대,,,desktop,N,,SALE,,,,,UNKNOWN
본체,중고나라,228366692,"9800x3D , 64g, 990pro 2T , 4080 super 게이밍 PC 본체",4200000,판매중,,https://img2.joongna.com/media/original/2026/05/08/17781989621765fT_839ji.jpg?impolicy=thumb&size=150,https://web.joongna.com/product/228366692,2026-05-08 09:09,"9800x3d , 64g, 990pro 2t , 4080 super 게이밍 pc 본체",,,desktop,N,,SALE,,,,,UNKNOWN
본체,중고나라,228288292,"(새제품화이트)9800X3D,RTX5070Tl,32GB,B850M,수랭쿨러,850W GOLD,방송게이밍컴퓨터본체",3420000,판매중,,https://img2.joongna.com/media/original/2026/05/05/1777992026867G25_N3Xf4.jpg?impolicy=thumb&size=150,https://web.joongna.com/product/228288292,2026-05-08 09:02,"(새제품화이트)9800x3d,rtx5070tl,32gb,b850m,수랭쿨러,850w gold,방송게이밍컴퓨터본체",,,PARTS,Y,32.0,SALE,,RTX5070,,,UNKNOWN
본체,중고나라,228324053,8600g/램16g/ssd 1tb 본체 팝니다,800000,판매중,,https://img2.joongna.com/media/original/2026/05/06/1778077345695Aqr_xo0Fz.jpg?impolicy=thumb&size=150,https://web.joongna.com/product/228324053,2026-05-08 09:00,8600g/램16g/ssd 1tb 본체,,,desktop,N,,SALE,,,,1024.0,UNKNOWN
본체,중고나라,227597932,13900k 데스크탑 pc 반본체,650000,판매중,,https://img2.joongna.com/media/original/2026/04/17/1776372936153Cy5_2McEb.jpg?impolicy=thumb&size=150,https://web.joongna.com/product/227597932,2026-05-08 08:55,13900k 데스크탑 pc 반본체,,,desktop,N,,SALE,,,,,UNKNOWN
본체,중고나라,228241928,부산 i5 13500 / rtx4070 컴퓨터 본체 데스크탑 pc,1420000,판매중,,https://img2.joongna.com/media/original/2026/05/04/17778860147282ia_JeE9z.jpg?impolicy=thumb&size=150,https://web.joongna.com/product/228241928,2026-05-08 08:50,부산 i5 13500 / rtx4070 컴퓨터 본체 데스크탑 pc,,,desktop,N,,SALE,I5 13500,RTX4070,,,HIGH
본체,중고나라,228264543,라이젠5600 (엔비디아 RTX5060Ti) - 게이밍 컴퓨터 본체,1000000,판매중,,https://img2.joongna.com/media/original/2026/05/05/1777951457935GGD_0VLFy.jpg?impolicy=thumb&size=150,https://web.joongna.com/product/228264543,2026-05-08 08:58,라이젠5600 (엔비디아 rtx5060ti) - 게이밍 컴퓨터 본체,,,desktop,N,,SALE,RYZEN5600,RTX5060TI,,,UNKNOWN
본체,중고나라,228356980,부산 i5 12400 / 16g 컴퓨터 반본체 데스크탑,500000,판매중,,https://img2.joongna.com/media/original/2026/05/07/1778157418509E6S_E6eoH.jpg?impolicy=thumb&size=150,https://web.joongna.com/product/228356980,2026-05-08 08:50,부산 i5 12400 / 16g 컴퓨터 반본체 데스크탑,,,desktop,N,,SALE,I5 12400,,,,UNKNOWN
본체,중고나라,228266048,PS4 플스4 슬림 2017A (13.50) 500G 본체 단품,110000,거래완료,,https://img2.joongna.com/media/original/2026/05/05/1777954131590EuZ_ytluK.jpg?impolicy=thumb&size=150,https://web.joongna.com/product/228266048,2026-05-08 08:23,ps4 플스4 슬림 2017a (13.50) 500g 본체 단품,,,desktop,N,,SOLD,,,,,UNKNOWN
본체,중고나라,227062587,레노버 미니 PC i5-9500T 데스크탑 컴퓨터 본체,549000,판매중,,https://img2.joongna.com/media/original/2026/04/03/1775176233991XUB_vilNJ.jpg?impolicy=thumb&size=150,https://web.joongna.com/product/227062587,2026-05-08 08:10,레노버 미니 pc i5-9500t 데스크탑 컴퓨터 본체,,,desktop,N,,SALE,I5-9500T,,,,UNKNOWN
본체,중고나라,228258149,14700k 컴퓨터 반본체 데스크탑 pc,1850000,판매중,,https://img2.joongna.com/media/original/2026/05/05/1777939243366jGw_ufUsF.jpg?impolicy=thumb&size=150,https://web.joongna.com/product/228258149,2026-05-08 08:50,14700k 컴퓨터 반본체 데스크탑 pc,,,desktop,N,,SALE,,,,,UNKNOWN
본체,중고나라,227981200,한정기획특가 i7/gtx1060 본체 게이밍 데스크탑 컴퓨터,189000,판매중,,https://img2.joongna.com/media/original/2026/04/27/1777266708236w1K_92hDZ.jpg?impolicy=thumb&size=150,https://web.joongna.com/product/227981200,2026-05-08 08:40,한정기획특가 i7/gtx1060 본체 게이밍 데스크탑 컴퓨터,,,desktop,N,,SALE,,GTX1060,,,LOW
본체,중고나라,228365978,3070 13600kf 4TB 컴퓨터 본체 데스크탑,1100000,판매중,,https://img2.joongna.com/media/original/2026/05/08/1778196936855QJS_m2JqH.jpg?impolicy=thumb&size=150,https://web.joongna.com/product/228365978,2026-05-08 08:35,3070 13600kf 4tb 컴퓨터 본체 데스크탑,,,desktop,N,,SALE,,,,4096.0,UNKNOWN
본체,중고나라,228058511,삼성 컴퓨터 본체외 몇가지 처분합니다,120000,판매중,,https://img2.joongna.com/media/original/2026/04/29/1777440827976pzG_4rO79.jpg?impolicy=thumb&size=150,https://web.joongna.com/product/228058511,2026-05-08 08:59,삼성 컴퓨터 본체외 몇가지 처분합니다,,,desktop,N,,SALE,,,,,UNKNOWN
본체,중고나라,228119467,다이슨 청소기 본체2대 부품용 택비포함 동탄,90000,판매중,,https://img2.joongna.com/media/original/2026/05/01/1777592125363QHF_9VE1p.jpg?impolicy=thumb&size=150,https://web.joongna.com/product/228119467,2026-05-08 08:51,다이슨 청소기 본체2대 부품용 택비포함 동탄,,,PARTS,Y,,SALE,,,,,UNKNOWN
본체,중고나라,228046066,PC 본체 쿨링팬 새상품 택비포함,25000,판매중,,https://img2.joongna.com/media/original/2026/04/29/1777419913262HoZ_9kuRm.jpg?impolicy=thumb&size=150,https://web.joongna.com/product/228046066,2026-05-08 08:51,pc 본체 쿨링팬 택비포함,,,desktop,N,,SALE,,,,,UNKNOWN
본체,중고나라,228295808,7800x3d 64기가 2tb 컴퓨터 본체,2500000,판매중,,https://img2.joongna.com/media/original/2026/05/06/1778029966959YS5_VJsEz.jpg?impolicy=thumb&size=150,https://web.joongna.com/product/228295808,2026-05-08 08:47,7800x3d 64기가 2tb 컴퓨터 본체,,,desktop,N,64.0,SALE,,,,2048.0,UNKNOWN
본체,중고나라,227631925,안전결제가능 i7/램gtx1050 본체 게이밍 데스크탑 컴퓨터 pc,169000,판매중,,https://img2.joongna.com/media/original/2026/04/17/1776437924352Ujt_BD3rl.jpg?impolicy=thumb&size=150,https://web.joongna.com/product/227631925,2026-05-08 08:41,안전결제가능 i7/램gtx1050 본체 게이밍 데스크탑 컴퓨터 pc,,,desktop,N,,SALE,,GTX1050,,,UNKNOWN
본체,중고나라,228358629,9800X3D 5080 게이밍 본체,3600000,판매중,,https://img2.joongna.com/media/original/2026/05/07/17781603435099Va_8YbMq.jpg?impolicy=thumb&size=150,https://web.joongna.com/product/228358629,2026-05-08 08:41,9800x3d 5080 게이밍 본체,,,desktop,N,,SALE,,,,,UNKNOWN
본체,중고나라,227597432,안전결제가능 i7/램gtx1050 본체 게이밍 데스크탑 컴퓨터 pc,167000,판매중,,https://img2.joongna.com/media/original/2026/04/17/1776364781776Tga_ja50D.jpg?impolicy=thumb&size=150,https://web.joongna.com/product/227597432,2026-05-08 08:40,안전결제가능 i7/램gtx1050 본체 게이밍 데스크탑 컴퓨터 pc,,,desktop,N,,SALE,,GTX1050,,,UNKNOWN
본체,중고나라,228119988,10세대 I7 10700 반본체 //,330000,판매중,,https://img2.joongna.com/media/original/2026/05/01/1777594022238fhJ_H9sSd.jpg?impolicy=thumb&size=150,https://web.joongna.com/product/228119988,2026-05-08 08:38,10세대 i7 10700 반본체 //,,,desktop,N,,SALE,I7 10700,,,,UNKNOWN
본체,중고나라,228365869,에어팟프로 2세대 c타입 본체,50000,판매중,,https://img2.joongna.com/media/original/2026/05/08/1778196587700UJa_tMKsq.jpg?impolicy=thumb&size=150,https://web.joongna.com/product/228365869,2026-05-08 08:29,에어팟프로 2세대 c타입 본체,애플,에어팟 프로,earphone,N,,SALE,,,,,UNKNOWN
본체,중고나라,228365771,13900k // 4070ti 본체 팝니다,2400000,판매중,,https://img2.joongna.com/media/original/2026/05/08/1778196213712cap_YG0zq.jpg?impolicy=thumb&size=150,https://web.joongna.com/product/228365771,2026-05-08 08:23,13900k // 4070ti 본체,,,desktop,N,,SALE,,,,,UNKNOWN
본체,중고나라,228347644,PS4 플스4 슬림 2117B (13.50) 1TB 본체 단품,130000,거래완료,,https://img2.joongna.com/media/original/2026/05/07/17781413119201v3_fbkNG.jpg?impolicy=thumb&size=150,https://web.joongna.com/product/228347644,2026-05-08 08:23,ps4 플스4 슬림 2117b (13.50) 1tb 본체 단품,,,desktop,N,,SOLD,,,,1024.0,UNKNOWN
본체,중고나라,227149033,사무용 컴퓨터 인텔 12세대 본체,390000,판매중,,https://img2.joongna.com/media/original/2026/04/05/17753712007742Uo_FShOd.jpg?impolicy=thumb&size=150,https://web.joongna.com/product/227149033,2026-05-08 08:10,사무용 컴퓨터 인텔 12세대 본체,,,desktop,N,,SALE,,,,,UNKNOWN
본체,중고나라,228022642,[inic] 아이닉 i20 무선청소기 본체 / 배터리 / 물걸레 브러시,50000,판매중,,https://img2.joongna.com/media/original/2026/05/08/1778209813547UiX_3sNj1.jpg?impolicy=thumb&size=150,https://web.joongna.com/product/228022642,2026-05-08 08:04,[inic] 아이닉 i20 무선청소기 본체 / 배터리 / 물걸레 브러시,,,desktop,N,,SALE,,,,,UNKNOWN
본체,중고나라,228130016,라이젠 7500F RTX 4060 Ti 게이밍 본체 팝니다 / 그래픽&RAM 무상AS 가능 / 어린이날 선물,1150000,판매중,,https://img2.joongna.com/media/original/2026/05/01/1777611903328VvS_YXuqc.jpg?impolicy=thumb&size=150,https://web.joongna.com/product/228130016,2026-05-08 08:01,라이젠 7500f rtx 4060 ti 게이밍 본체 / 그래픽&ram 무상as 가능 / 어린이날 선물,,,desktop,N,,SALE,RYZEN 7500F,RTX4060TI,,,MID
본체,중고나라,228279604,버즈 플러스 블루 충전기 본체 판매합니다,22000,판매중,,https://img2.joongna.com/media/original/2026/05/05/17779767167288w9_LnYCc.jpg?impolicy=thumb&size=150,https://web.joongna.com/product/228279604,2026-05-08 08:00,버즈 플러스 블루 충전기 본체,,,CHARGER,Y,,SALE,,,,,UNKNOWN
본체,중고나라,228149408,버즈 1 화이트 충전기 본체 판매합니다,19000,판매중,,https://img2.joongna.com/media/original/2026/05/01/1777646320920ujQ_DZLrO.jpg?impolicy=thumb&size=150,https://web.joongna.com/product/228149408,2026-05-08 08:00,버즈 1 화이트 충전기 본체,,,CHARGER,Y,,SALE,,,,,UNKNOWN
본체,중고나라,228081405,라이젠7500F + RTX4070 미니PC 조립컴퓨터 본체,1750000,판매중,,https://img2.joongna.com/media/original/2026/04/30/17774905297806AW_F5Yj4.jpg?impolicy=thumb&size=150,https://web.joongna.com/product/228081405,2026-05-08 07:56,라이젠7500f + rtx4070 미니pc 조립컴퓨터 본체,,,desktop,N,,SALE,RYZEN7500F,RTX4070,,,HIGH
본체,중고나라,228090441,라이젠5600 + RX6700XT 미니PC 조립컴퓨터 본체,1100000,예약중,,https://img2.joongna.com/media/original/2026/04/30/1777518494780n2e_lquw2.jpg?impolicy=thumb&size=150,https://web.joongna.com/product/228090441,2026-05-08 07:55,라이젠5600 + rx6700xt 미니pc 조립컴퓨터 본체,,,desktop,N,,RESERVED,RYZEN5600,RX6700XT,,,MID
본체,중고나라,228089552,7800x3d 5070 게이밍컴퓨터 본체 판매합니다,2300000,판매중,,https://img2.joongna.com/media/original/2026/04/30/1777517000550Q7p_BL6cA.jpg?impolicy=thumb&size=150,https://web.joongna.com/product/228089552,2026-05-08 07:36,7800x3d 5070 게이밍컴퓨터 본체,,,desktop,N,,SALE,,,,,UNKNOWN
본체,중고나라,228336071,9800x3d rtx5080 2tb 고사양 컴퓨터 본체 팝니다.,3850000,판매중,,https://img2.joongna.com/media/original/2026/05/07/1778122436203jnG_VwLpp.jpg?impolicy=thumb&size=150,https://web.joongna.com/product/228336071,2026-05-08 07:27,9800x3d rtx5080 2tb 고사양 컴퓨터 본체 .,,,desktop,N,,SALE,,RTX5080,,2048.0,UNKNOWN
본체,중고나라,227483808,디월트 무선에어주입기 DCC020 본체 새상품 택포,150000,판매중,,https://img2.joongna.com/media/original/2026/04/14/17761262432693IA_SkOn6.jpg?impolicy=thumb&size=150,https://web.joongna.com/product/227483808,2026-05-08 07:56,디월트 무선에어주입기 dcc020 본체,,,desktop,N,,SALE,,,,,UNKNOWN
본체,중고나라,226472139,애플워치 se 40mm 본체만 판매합니다,70000,판매중,,https://img2.joongna.com/media/original/2026/03/19/17738652184224QT_lYLFM.jpg?impolicy=thumb&size=150,https://web.joongna.com/product/226472139,2026-05-08 07:16,애플워치 se 40mm 본체만,애플,애플워치,desktop,N,,SALE,,,,,UNKNOWN
본체,중고나라,227936421,에어팟2세대 충전케이스 본체S급,15000,판매중,,https://img2.joongna.com/media/original/2026/04/26/1777165454593BDw_WRtV1.jpg?impolicy=thumb&size=150,https://web.joongna.com/product/227936421,2026-05-08 07:10,에어팟2세대 충전케이스 본체s급,애플,에어팟 2세대,CASE,Y,,SALE,,,,,UNKNOWN
본체,중고나라,228227364,버즈 FE 본체 (택포함),33000,판매중,,https://img2.joongna.com/media/original/2026/05/04/1777863489196Lnu_7q9Kg.jpg?impolicy=thumb&size=150,https://web.joongna.com/product/228227364,2026-05-08 07:41,버즈 fe 본체 (함),,,desktop,N,,SALE,,,,,UNKNOWN
본체,중고나라,228291554,고성능 게이밍 PC 반본체,2200000,판매중,,https://img2.joongna.com/media/original/2026/05/06/1778009689262ahO_LCgpg.jpg?impolicy=thumb&size=150,https://web.joongna.com/product/228291554,2026-05-08 07:23,고성능 게이밍 pc 반본체,,,desktop,N,,SALE,,,,,UNKNOWN
본체,중고나라,228329185,닌텐도 ds 라이트 본체,30000,판매중,,https://img2.joongna.com/media/original/2026/05/07/1778106976952r2r_uV56v.jpg?impolicy=thumb&size=150,https://web.joongna.com/product/228329185,2026-05-08 07:14,닌텐도 ds 라이트 본체,,,desktop,N,,SALE,,,,,UNKNOWN
본체,중고나라,228138897,(새상품) HP OMEN 45L RTX5090 완본체,8700000,판매중,,https://img2.joongna.com/media/original/2026/05/02/1777715051861vB0_7OnYe.jpg?impolicy=thumb&size=150,https://web.joongna.com/product/228138897,2026-05-08 07:10,() hp omen 45l rtx5090 완본체,,,desktop,N,,SALE,,RTX5090,,,UNKNOWN
본체,중고나라,228266975,(미개봉) HP OMEN 285k rtx 5090 게이밍 데스크탑 완본체,8700000,판매중,,https://img2.joongna.com/media/original/2026/05/05/1777955661745N2c_DWwwR.jpg?impolicy=thumb&size=150,https://web.joongna.com/product/228266975,2026-05-08 07:10,() hp omen 285k rtx 5090 게이밍 데스크탑 완본체,,,desktop,N,,SALE,,RTX5090,,,UNKNOWN
본체,중고나라,228226548,에어팟 3세대 본체 (택포함),40000,판매중,,https://img2.joongna.com/media/original/2026/05/04/1777875348295gL8_RTo6u.jpg?impolicy=thumb&size=150,https://web.joongna.com/product/228226548,2026-05-08 07:45,에어팟 3세대 본체 (함),애플,에어팟 3세대,earphone,N,,SALE,,,,,UNKNOWN
본체,중고나라,228126979,에어팟 프로 1세대 본체 ( 무료배송),40000,판매중,,https://img2.joongna.com/media/original/2026/05/01/1777606962614lC5_bwDAO.jpg?impolicy=thumb&size=150,https://web.joongna.com/product/228126979,2026-05-08 07:44,에어팟 프로 1세대 본체 ( 무료배송),애플,에어팟 프로,earphone,N,,SALE,,,,,UNKNOWN
본체,중고나라,228365144,라이젠 7500F 32G 1TB RTX 4060TI 신품동일 본체,1350000,판매중,,https://img2.joongna.com/media/original/2026/05/08/1778193668290dgZ_6K31o.jpg?impolicy=thumb&size=150,https://web.joongna.com/product/228365144,2026-05-08 07:41,라이젠 7500f 32g 1tb rtx 4060ti 신품동일 본체,,,desktop,N,,SALE,RYZEN 7500F,RTX4060TI,,1024.0,MID
본체,중고나라,228362320,에어팟 프로 2 c타입 본체,50000,판매중,,https://img2.joongna.com/media/original/2026/05/08/1778168173106CYd_2VR7L.jpg?impolicy=thumb&size=150,https://web.joongna.com/product/228362320,2026-05-08 07:40,에어팟 프로 2 c타입 본체,애플,에어팟 프로,earphone,N,,SALE,,,,,UNKNOWN
본체,중고나라,228235915,다이슨 dc74 모터헤드 깨끗한 본체 팝니다,25000,판매중,,https://img2.joongna.com/media/original/2026/05/04/17778769501926nT_hWHkm.jpg?impolicy=thumb&size=150,https://web.joongna.com/product/228235915,2026-05-08 07:38,다이슨 dc74 모터헤드 한 본체,,,desktop,N,,SALE,,,,,UNKNOWN
본체,중고나라,228329189,i7 8700k 컴퓨터 본체,400000,판매중,,https://img2.joongna.com/media/original/2026/05/07/1778107001631ugg_jPTNf.jpg?impolicy=thumb&size=150,https://web.joongna.com/product/228329189,2026-05-08 07:13,i7 8700k 컴퓨터 본체,,,desktop,N,,SALE,I7 8700K,,,,UNKNOWN
본체,중고나라,228356140,AMD 쿼드코어 사무용 본체,50000,판매중,,https://img2.joongna.com/media/original/2026/05/07/1778155953685IIL_kJ4gQ.jpg?impolicy=thumb&size=150,https://web.joongna.com/product/228356140,2026-05-08 07:11,amd 쿼드코어 사무용 본체,,,desktop,N,,SALE,,,,,UNKNOWN
본체,중고나라,228230250,버즈2프로 본체,35000,판매중,,https://img2.joongna.com/media/original/2026/05/04/17778683714063OU_hwCVT.jpg?impolicy=thumb&size=150,https://web.joongna.com/product/228230250,2026-05-08 07:10,버즈2프로 본체,,,desktop,N,,SALE,,,,,UNKNOWN
본체,중고나라,228364677,버즈3프로 본체 충전기 팝니다,60000,판매중,,https://img2.joongna.com/media/original/2026/05/08/1778191219683YFo_ELNry.jpg?impolicy=thumb&size=150,https://web.joongna.com/product/228364677,2026-05-08 07:00,버즈3프로 본체 충전기,,,CHARGER,Y,,SALE,,,,,UNKNOWN
본체,중고나라,228118817,PSONE PS1 본체만,80000,판매중,,https://img2.joongna.com/media/original/2026/05/01/1777589656700fhw_WeYDS.jpg?impolicy=thumb&size=150,https://web.joongna.com/product/228118817,2026-05-08 06:54,psone ps1 본체만,,,desktop,N,,SALE,,,,,UNKNOWN
본체,중고나라,228044021,소니 PSP-1005K 밸류팩 박스(본체만 있음),132000,판매중,,https://img2.joongna.com/media/original/2026/04/29/17774114917185PO_iXJzd.jpg?impolicy=thumb&size=150,https://web.joongna.com/product/228044021,2026-05-08 06:40,소니 psp-1005k 밸류팩 박스(본체만 있음),,,BOX,Y,,SALE,,,,,UNKNOWN
본체,중고나라,228215656,세가 새턴 220v 본체만,78000,판매중,,https://img2.joongna.com/media/original/2026/05/03/177781912693253C_1cmyd.jpg?impolicy=thumb&size=150,https://web.joongna.com/product/228215656,2026-05-08 06:28,세가 새턴 220v 본체만,,,desktop,N,,SALE,,,,,UNKNOWN
본체,중고나라,227880173,버즈 프로 충전기(본체),15000,판매중,,https://img2.joongna.com/media/original/2026/04/24/1777016349599NUE_lFYpC.jpg?impolicy=thumb&size=150,https://web.joongna.com/product/227880173,2026-05-08 06:29,버즈 프로 충전기(본체),,,CHARGER,Y,,SALE,,,,,UNKNOWN
본체,중고나라,228328421,XBOX360 HDMI 본체만,33000,판매중,,https://img2.joongna.com/media/original/2026/05/07/177810199518794q_okBZI.jpg?impolicy=thumb&size=150,https://web.joongna.com/product/228328421,2026-05-08 06:53,xbox360 hdmi 본체만,,,desktop,N,,SALE,,,,,UNKNOWN
본체,중고나라,228118836,플스2 PS2 90005 슬림 본체만(게임패드 제외),118000,판매중,,https://img2.joongna.com/media/original/2026/05/01/1777589764149hj3_j7ZQ2.jpg?impolicy=thumb&size=150,https://web.joongna.com/product/228118836,2026-05-08 06:39,플스2 ps2 90005 슬림 본체만(게임패드 제외),,,desktop,N,,SALE,,,,,UNKNOWN
본체,중고나라,227463028,오즈모포켓 1새대 본체 및 액세서리 세트,250000,판매중,,https://img2.joongna.com/media/original/2026/04/13/1776068561608Dmt_v66b5.jpg?impolicy=thumb&size=150,https://web.joongna.com/product/227463028,2026-05-08 06:07,오즈모포켓 1새대 본체 및 액세서리 세트,,,desktop,N,,SALE,,,,,UNKNOWN
본체,중고나라,228006007,SNES 슈퍼패미콤 패미컴 북미판 본체 세트,192000,판매중,,https://img2.joongna.com/media/original/2026/04/28/1777327014905ZzO_Fd2cL.jpg?impolicy=thumb&size=150,https://web.joongna.com/product/228006007,2026-05-08 06:55,snes 슈퍼패미콤 패미컴 북미판 본체 세트,,,desktop,N,,SALE,,,,,UNKNOWN
본체,중고나라,228255665,슈퍼패미컴 SFC 본체만,54000,판매중,,https://img2.joongna.com/media/original/2026/05/05/1777921105158tnJ_2IMUh.jpg?impolicy=thumb&size=150,https://web.joongna.com/product/228255665,2026-05-08 06:29,슈퍼패미컴 sfc 본체만,,,desktop,N,,SALE,,,,,UNKNOWN
본체,중고나라,228328367,닌텐도 Wii 본체 거치대 및 받침대 세트,1000,판매중,,https://img2.joongna.com/media/original/2026/05/07/17781013453150hB_nRUb1.jpg?impolicy=thumb&size=150,https://web.joongna.com/product/228328367,2026-05-08 06:26,닌텐도 wii 본체 거치대 및 받침대 세트,,,STAND,Y,,SALE,,,,,UNKNOWN
본체,중고나라,228364404,SNES 슈퍼패미콤 패미컴 북미판 본체 세트,190000,판매중,,https://img2.joongna.com/media/original/2026/05/08/1778189166299xri_Vy1C5.jpg?impolicy=thumb&size=150,https://web.joongna.com/product/228364404,2026-05-08 06:26,snes 슈퍼패미콤 패미컴 북미판 본체 세트,,,desktop,N,,SALE,,,,,UNKNOWN
본체,중고나라,228341936,인텔i5-2300본체 ㅡ급매4만원,40000,판매중,,https://img2.joongna.com/media/original/2026/05/07/1778132249877uP1_iG6mp.jpg?impolicy=thumb&size=150,https://web.joongna.com/product/228341936,2026-05-08 06:23,인텔i5-2300본체 ㅡ4만원,,,desktop,N,,SALE,I5-2300,,,,UNKNOWN
본체,중고나라,227059332,5800X3D / 3060ti / 850W Gold 게이밍 컴퓨터 완본체 반본체,1090000,판매중,,https://img2.joongna.com/media/original/2026/04/03/1775165098545wHQ_daUR6.jpg?impolicy=thumb&size=150,https://web.joongna.com/product/227059332,2026-05-08 05:40,5800x3d / 3060ti / 850w gold 게이밍 컴퓨터 완본체 반본체,,,desktop,N,,SALE,,,,,UNKNOWN
본체,중고나라,227520326,안전결제가능 i5/램12g/gtx960 본체 게이밍 데스크탑 컴퓨터,145000,판매중,,https://img2.joongna.com/media/original/2026/04/15/1776200337760T2m_wO9CE.jpg?impolicy=thumb&size=150,https://web.joongna.com/product/227520326,2026-05-08 05:02,안전결제가능 i5/램12g/gtx960 본체 게이밍 데스크탑 컴퓨터,,,desktop,N,,SALE,,,,,UNKNOWN
본체,중고나라,227597068,안전결제가능 i7/램12g/gtx1050 본체 게이밍 데스크탑 컴퓨터,187000,판매중,,https://img2.joongna.com/media/original/2026/04/17/1776360683372lqh_dYfG1.jpg?impolicy=thumb&size=150,https://web.joongna.com/product/227597068,2026-05-08 05:01,안전결제가능 i7/램12g/gtx1050 본체 게이밍 데스크탑 컴퓨터,,,desktop,N,,SALE,,GTX1050,,,UNKNOWN
본체,중고나라,224408210,[특수장비] 스웨덴 칼 구스타프 CG 파워 커터(호ㅏ약식 절단기) 본체,520000,판매중,,https://img2.joongna.com/media/original/2026/01/22/17690641697790RD_59iMD.jpg?impolicy=thumb&size=150,https://web.joongna.com/product/224408210,2026-05-08 05:45,[특수장비] 스웨덴 칼 구스타프 cg 파워 커터(호ㅏ약식 절단기) 본체,,,PARTS,Y,,SALE,,,,,UNKNOWN
본체,중고나라,228291992,"9800x3D, 32g , ssd1t 화이트 데스크탑 본체",2900000,판매중,,https://img2.joongna.com/media/original/2026/05/06/17780164182148bL_bIGIk.jpg?impolicy=thumb&size=150,https://web.joongna.com/product/228291992,2026-05-08 05:00,"9800x3d, 32g , ssd1t 화이트 데스크탑 본체",,,desktop,N,,SALE,,,,,UNKNOWN
본체,중고나라,226936035,초특가 급처분 i7/램12g/gtx1080 본체 게이밍 데스크탑 컴퓨터,360000,판매중,,https://img2.joongna.com/media/original/2026/03/31/1774885895686oSI_dTgt2.jpg?impolicy=thumb&size=150,https://web.joongna.com/product/226936035,2026-05-08 03:12,초특가 분 i7/램12g/gtx1080 본체 게이밍 데스크탑 컴퓨터,,,desktop,N,,SALE,,GTX1080,,,UNKNOWN
본체,중고나라,227520303,안전결제가능 i5/램12g/gtx960 본체 게이밍 데스크탑 컴퓨터,148000,판매중,,https://img2.joongna.com/media/original/2026/04/15/1776200142246WGd_iljxQ.jpg?impolicy=thumb&size=150,https://web.joongna.com/product/227520303,2026-05-08 03:12,안전결제가능 i5/램12g/gtx960 본체 게이밍 데스크탑 컴퓨터,,,desktop,N,,SALE,,,,,UNKNOWN
본체,중고나라,227596269,안전결제가능 i7/램gtx1050 본체 게이밍 데스크탑 컴퓨터 pc,167000,판매중,,https://img2.joongna.com/media/original/2026/04/17/1776355366199CQh_DjZfC.jpg?impolicy=thumb&size=150,https://web.joongna.com/product/227596269,2026-05-08 03:12,안전결제가능 i7/램gtx1050 본체 게이밍 데스크탑 컴퓨터 pc,,,desktop,N,,SALE,,GTX1050,,,UNKNOWN
본체,중고나라,227848968,안전결제환영 i7/gtx970 본체 게이밍 데스크탑 컴퓨터,184000,판매중,,https://img2.joongna.com/media/original/2026/04/23/17769403354098ur_H9dJd.jpg?impolicy=thumb&size=150,https://web.joongna.com/product/227848968,2026-05-08 03:01,안전결제환영 i7/gtx970 본체 게이밍 데스크탑 컴퓨터,,,desktop,N,,SALE,,,,,UNKNOWN
본체,중고나라,227596278,안전결제가능 i7/램gtx1050 본체 게이밍 데스크탑 컴퓨터 pc,169000,판매중,,https://img2.joongna.com/media/original/2026/04/17/1776355389161VvI_F1QeK.jpg?impolicy=thumb&size=150,https://web.joongna.com/product/227596278,2026-05-08 03:01,안전결제가능 i7/램gtx1050 본체 게이밍 데스크탑 컴퓨터 pc,,,desktop,N,,SALE,,GTX1050,,,UNKNOWN
본체,중고나라,226937751,안전결제환영 i7/gtx970 본체 게이밍 데스크탑 컴퓨터,167000,판매중,,https://img2.joongna.com/media/original/2026/03/31/1774902351824h3w_IQ7We.jpg?impolicy=thumb&size=150,https://web.joongna.com/product/226937751,2026-05-08 03:01,안전결제환영 i7/gtx970 본체 게이밍 데스크탑 컴퓨터,,,desktop,N,,SALE,,,,,UNKNOWN
본체,중고나라,227633710,안전결제가능 i7/램gtx1050 본체 게이밍 데스크탑 컴퓨터 pc,167000,판매중,,https://img2.joongna.com/media/original/2026/04/18/1776444562388FO1_xZhuf.jpg?impolicy=thumb&size=150,https://web.joongna.com/product/227633710,2026-05-08 02:21,안전결제가능 i7/램gtx1050 본체 게이밍 데스크탑 컴퓨터 pc,,,desktop,N,,SALE,,GTX1050,,,UNKNOWN
본체,중고나라,225954008,한정기획특가 i7/램12g/gtx760 본체 게이밍 데스크탑 컴퓨터,169000,판매중,,https://img2.joongna.com/media/original/2026/03/05/1772711545937tpK_gK3n5.jpg?impolicy=thumb&size=150,https://web.joongna.com/product/225954008,2026-05-08 02:21,한정기획특가 i7/램12g/gtx760 본체 게이밍 데스크탑 컴퓨터,,,desktop,N,,SALE,,,,,UNKNOWN
본체,중고나라,228363508,에어팟 3 본체,20000,판매중,,https://img2.joongna.com/media/original/2026/05/08/17781759041529p5_Er9mG.jpg?impolicy=thumb&size=150,https://web.joongna.com/product/228363508,2026-05-08 02:45,에어팟 3 본체,애플,에어팟,earphone,N,,SALE,,,,,UNKNOWN
본체,중고나라,228332649,대구 경산 게이밍 컴퓨터 반본체 팝니다,1050000,판매중,,https://img2.joongna.com/media/original/2026/05/07/1778116547316gST_VORDB.jpg?impolicy=thumb&size=150,https://web.joongna.com/product/228332649,2026-05-08 02:22,대구 경산 게이밍 컴퓨터 반본체,,,desktop,N,,SALE,,,,,UNKNOWN
본체,중고나라,227633709,안전결제가능 i7/램12g/gtx1050 본체 게이밍 데스크탑 컴퓨터,187000,판매중,,https://img2.joongna.com/media/original/2026/04/18/1776444558665Uda_wjYfT.jpg?impolicy=thumb&size=150,https://web.joongna.com/product/227633709,2026-05-08 02:21,안전결제가능 i7/램12g/gtx1050 본체 게이밍 데스크탑 컴퓨터,,,desktop,N,,SALE,,GTX1050,,,UNKNOWN
본체,중고나라,226915664,i7/램16g/gtx1080 본체 게이밍 컴퓨터 pc,340000,판매중,,https://img2.joongna.com/media/original/2026/03/30/1774853033910gjn_yJzP2.jpg?impolicy=thumb&size=150,https://web.joongna.com/product/226915664,2026-05-08 01:20,i7/램16g/gtx1080 본체 게이밍 컴퓨터 pc,,,desktop,N,,SALE,,GTX1080,,,UNKNOWN
본체,중고나라,226037470,버즈3 프로 본체 (실버),70000,판매중,,https://img2.joongna.com/media/original/2026/03/08/1772898830936oFK_LxUMj.jpg?impolicy=thumb&size=150,https://web.joongna.com/product/226037470,2026-05-08 01:05,버즈3 프로 본체 (실버),,,desktop,N,,SALE,,,,,UNKNOWN
본체,중고나라,226989083,한정기획특가 i5/램12g/gtx1050 본체 게이밍 데스크탑 컴퓨터,149000,판매중,,https://img2.joongna.com/media/original/2026/04/01/1775014181657FAZ_ve5k0.jpg?impolicy=thumb&size=150,https://web.joongna.com/product/226989083,2026-05-08 01:20,한정기획특가 i5/램12g/gtx1050 본체 게이밍 데스크탑 컴퓨터,,,desktop,N,,SALE,,GTX1050,,,UNKNOWN
본체,중고나라,228291929,"PC-9821As 본체와 CRT 모니터, 키보드",850000,판매중,,https://img2.joongna.com/media/original/2026/05/06/1778015549995asH_eUXed.jpg?impolicy=thumb&size=150,https://web.joongna.com/product/228291929,2026-05-08 01:55,"pc-9821as 본체와 crt 모니터, 키보드",,,desktop,N,,SALE,,,,,UNKNOWN
본체,중고나라,227477750,버즈3 FE 본체 (블랙),45000,판매중,,https://img2.joongna.com/media/original/2026/04/14/1776092567187Qe2_F37GM.jpg?impolicy=thumb&size=150,https://web.joongna.com/product/227477750,2026-05-08 01:04,버즈3 fe 본체 (블랙),,,desktop,N,,SALE,,,,,UNKNOWN
본체,중고나라,227967803,한정기획특가 i7/gtx1060 본체 게이밍 데스크탑 컴퓨터,187000,판매중,,https://img2.joongna.com/media/original/2026/04/27/1777237322489oK5_kWlAm.jpg?impolicy=thumb&size=150,https://web.joongna.com/product/227967803,2026-05-08 01:20,한정기획특가 i7/gtx1060 본체 게이밍 데스크탑 컴퓨터,,,desktop,N,,SALE,,GTX1060,,,LOW
본체,중고나라,226115532,에어팟 프로1 본체만 (A2190),35000,판매중,,https://img2.joongna.com/media/original/2026/05/08/1778169815755crE_osSUV.jpg?impolicy=thumb&size=150,https://web.joongna.com/product/226115532,2026-05-08 01:03,에어팟 프로1 본체만 (a2190),애플,에어팟 프로,earphone,N,,SALE,,,,,UNKNOWN
본체,중고나라,228289697,"에어팟 프로2 본체 (C타입, A2968)",60000,판매중,,https://img2.joongna.com/media/original/2026/05/06/1777995484615Ixy_GG7zF.jpg?impolicy=thumb&size=150,https://web.joongna.com/product/228289697,2026-05-08 01:22,"에어팟 프로2 본체 (c타입, a2968)",애플,에어팟 프로,earphone,N,,SALE,,,,,UNKNOWN
본체,중고나라,228265936,에어팟 4세대 노캔 본체 (A3059),60000,판매중,,https://img2.joongna.com/media/original/2026/05/08/1778170855397shr_0kbdW.jpg?impolicy=thumb&size=150,https://web.joongna.com/product/228265936,2026-05-08 01:21,에어팟 4세대 노캔 본체 (a3059),애플,에어팟,earphone,N,,SALE,,,,,UNKNOWN
본체,중고나라,227967801,한정기획특가 i7/gtx1060 본체 게이밍 데스크탑 컴퓨터,189000,판매중,,https://img2.joongna.com/media/original/2026/04/27/1777237290327i7N_6tToo.jpg?impolicy=thumb&size=150,https://web.joongna.com/product/227967801,2026-05-08 01:20,한정기획특가 i7/gtx1060 본체 게이밍 데스크탑 컴퓨터,,,desktop,N,,SALE,,GTX1060,,,LOW
본체,중고나라,228362798,PS4 한국정발 CUH-1005a 500GB 본체만,100000,판매중,,https://img2.joongna.com/media/original/2026/05/08/1778170290644PbV_BGlew.jpg?impolicy=thumb&size=150,https://web.joongna.com/product/228362798,2026-05-08 01:13,ps4 한국정발 cuh-1005a 500gb 본체만,,,desktop,N,500.0,SALE,,,,,UNKNOWN
본체,중고나라,227839367,"에어팟 4세대 본체 (노캔, 맥세이프, A3059)",60000,판매중,,https://img2.joongna.com/media/original/2026/04/23/1776925388541XKY_seAFY.jpg?impolicy=thumb&size=150,https://web.joongna.com/product/227839367,2026-05-08 01:08,"에어팟 4세대 본체 (노캔, 맥세이프, a3059)",애플,에어팟,ACCESSORY,Y,,SALE,,,,,UNKNOWN
본체,중고나라,228191042,"에어팟 4세대 본체만 (노캔X, A3058)",50000,판매중,,https://img2.joongna.com/media/original/2026/05/08/1778170110326sBe_vRhRL.jpg?impolicy=thumb&size=150,https://web.joongna.com/product/228191042,2026-05-08 01:07,"에어팟 4세대 본체만 (노캔x, a3058)",애플,에어팟,earphone,N,,SALE,,,,,UNKNOWN
본체,중고나라,228191001,에어팟 3세대 본체만 (A2566),35000,판매중,,https://img2.joongna.com/media/original/2026/05/08/1778170028898v20_wmien.jpg?impolicy=thumb&size=150,https://web.joongna.com/product/228191001,2026-05-08 01:06,에어팟 3세대 본체만 (a2566),애플,에어팟 3세대,earphone,N,,SALE,,,,,UNKNOWN
본체,중고나라,227556915,버즈3 프로 본체 (화이트),70000,판매중,,https://img2.joongna.com/media/original/2026/04/16/1776265529561r0C_F9YNR.jpg?impolicy=thumb&size=150,https://web.joongna.com/product/227556915,2026-05-08 01:05,버즈3 프로 본체 (화이트),,,desktop,N,,SALE,,,,,UNKNOWN
본체,중고나라,228253725,버즈3 본체 (실버),40000,판매중,,https://img2.joongna.com/media/original/2026/05/05/1777908654719mgW_ZNVOR.jpg?impolicy=thumb&size=150,https://web.joongna.com/product/228253725,2026-05-08 01:05,버즈3 본체 (실버),,,desktop,N,,SALE,,,,,UNKNOWN
본체,중고나라,228362727,버즈3 본체만 (화이트),50000,판매중,,https://img2.joongna.com/media/original/2026/05/08/17781699222524Ta_x5xpr.jpg?impolicy=thumb&size=150,https://web.joongna.com/product/228362727,2026-05-08 01:05,버즈3 본체만 (화이트),,,desktop,N,,SALE,,,,,UNKNOWN
본체,중고나라,228362720,버즈 FE 본체만 (그라파이트),25000,판매중,,https://img2.joongna.com/media/original/2026/05/08/1778169866023gdD_q8Qew.jpg?impolicy=thumb&size=150,https://web.joongna.com/product/228362720,2026-05-08 01:04,버즈 fe 본체만 (그라파이트),,,desktop,N,,SALE,,,,,UNKNOWN
본체,중고나라,227519413,닌텐도 스위치 oled 기기 본체 단품 닌텐도스위치 올레드,165000,판매중,,https://img2.joongna.com/media/original/2026/04/15/17761878606403WV_arQtP.jpg?impolicy=thumb&size=150,https://web.joongna.com/product/227519413,2026-05-08 00:56,닌텐도 스위치 oled 기기 본체 단품 닌텐도스위치 올레드,,,desktop,N,,SALE,,,,,UNKNOWN
본체,중고나라,228225175,닌텐도 스위치 구형 기기 본체 단품 닌텐도스위치 스위치1,94000,판매중,,https://img2.joongna.com/media/original/2026/05/04/1777859647477DpT_t7kFF.jpg?impolicy=thumb&size=150,https://web.joongna.com/product/228225175,2026-05-08 00:56,닌텐도 스위치 구형 기기 본체 단품 닌텐도스위치 스위치1,,,desktop,N,,SALE,,,,,UNKNOWN
본체,중고나라,228224105,닌텐도 스위치 18년 2월 이전 제조 구형 기기 본체 단품 닌텐도스위치 스위치1,120000,판매중,,https://img2.joongna.com/media/original/2026/05/04/1777857687377ie5_Tef9k.jpg?impolicy=thumb&size=150,https://web.joongna.com/product/228224105,2026-05-08 00:53,닌텐도 스위치 18년 2월 이전 제조 구형 기기 본체 단품 닌텐도스위치 스위치1,,,desktop,N,,SALE,,,,,UNKNOWN
본체,중고나라,228211372,라이젠5 7400F 데스크탑 반본체,630000,판매중,,https://img2.joongna.com/media/original/2026/05/03/1777810981187kzH_Pk56b.jpg?impolicy=thumb&size=150,https://web.joongna.com/product/228211372,2026-05-08 00:52,라이젠5 7400f 데스크탑 반본체,,,desktop,N,,SALE,RYZEN5 7400F,,,,UNKNOWN
본체,중고나라,228257416,"I7-14700K , RTX4080 본체 정리합니다",2600000,판매중,,https://img2.joongna.com/media/original/2026/05/05/1777936772358IZ5_bFAPU.jpg?impolicy=thumb&size=150,https://web.joongna.com/product/228257416,2026-05-08 00:37,"i7-14700k , rtx4080 본체 정리합니다",,,desktop,N,,SALE,I7-14700K,RTX4080,,,HIGH
본체,중고나라,228221698,소니 PS2 플레이스테이션2 본체 풀세트+정품8메가메모리,150000,판매중,,https://img2.joongna.com/media/original/2026/05/04/1777852356299uGs_9T0tz.jpg?impolicy=thumb&size=150,https://web.joongna.com/product/228221698,2026-05-08 00:56,소니 ps2 플레이스테이션2 본체 풀세트+8메가메모리,,,desktop,N,,SALE,,,,,UNKNOWN
본체,중고나라,228141851,이패드 1세대(64GB) 본체,25000,판매중,,https://img2.joongna.com/media/original/2026/05/01/1777631115529Mdk_SP271.jpg?impolicy=thumb&size=150,https://web.joongna.com/product/228141851,2026-05-08 00:23,이패드 1세대(64gb) 본체,,,desktop,N,64.0,SALE,,,,,UNKNOWN
본체,중고나라,228361786,세가 메가 드라이브 미니 2 본체 60타이틀 내장 미개봉 새상품,400000,판매중,,https://img2.joongna.com/media/original/2026/05/08/1778166872957XFA_ye3LM.jpg?impolicy=thumb&size=150,https://web.joongna.com/product/228361786,2026-05-08 00:14,세가 메가 드라이브 미니 2 본체 60타이틀 내장,,,desktop,N,,SALE,,,,,UNKNOWN
본체,중고나라,228179335,아스파이어 고텍X2 본체,15000,판매중,,https://img2.joongna.com/media/original/2026/05/02/1777726136244Kqa_3GnEE.jpg?impolicy=thumb&size=150,https://web.joongna.com/product/228179335,2026-05-08 00:07,아스파이어 고텍x2 본체,,,desktop,N,,SALE,,,,,UNKNOWN
본체,중고나라,228360701,9800x3d rtx 5080 B850m wifi 고사양 본체,3530000,판매중,,https://img2.joongna.com/media/original/2026/05/08/1778214432791kxg_6oFvH.jpg?impolicy=thumb&size=150,https://web.joongna.com/product/228360701,2026-05-07 23:38,9800x3d rtx 5080 b850m wifi 고사양 본체,,,desktop,N,,SALE,,RTX5080,,,UNKNOWN
본체,중고나라,228358056,"9950x3d, x870e wifi, 2tb, 5080 하이엔드급 본체",4250000,판매중,,https://img2.joongna.com/media/original/2026/05/07/17781593914447KO_OY8ms.jpg?impolicy=thumb&size=150,https://web.joongna.com/product/228358056,2026-05-07 23:24,"9950x3d, x870e wifi, 2tb, 5080 하이엔드급 본체",,,desktop,N,,SALE,,,,2048.0,UNKNOWN
본체,중고나라,223269388,"하이엔드 본체 14600KF, 96GB 메모리, 4070ti, 2TB",3700000,판매중,,https://img2.joongna.com/media/original/2025/12/22/1766413812395I6R_Boe2T.jpg?impolicy=thumb&size=150,https://web.joongna.com/product/223269388,2026-05-07 23:24,"하이엔드 본체 14600kf, 96gb 메모리, 4070ti, 2tb",,,desktop,N,96.0,SALE,,,,2048.0,UNKNOWN
본체,중고나라,228117445,본체 데스크탑 컴퓨터 팝니다,90000,판매중,,https://img2.joongna.com/media/original/2026/05/01/17775760440504Hc_Jk3rk.jpg?impolicy=thumb&size=150,https://web.joongna.com/product/228117445,2026-05-07 23:48,본체 데스크탑 컴퓨터,,,desktop,N,,SALE,,,,,UNKNOWN
본체,중고나라,228360392,텍사스 TI-89 공학용 계산기 판매해요사진에서 보시는 것처럼 구성품은 계산기 본체와 커버입니다(다양한 기능으로 학,50000,판매중,,https://img2.joongna.com/media/original/2026/05/07/1778164015202fta_RNVLB.jpg?impolicy=thumb&size=150,https://web.joongna.com/product/228360392,2026-05-07 23:26,텍사스 ti-89 공학용 계산기 해요사진에서 보시는 것처럼 구성품은 계산기 본체와 커버입니다(다양한 기능으로 학,,,CASE,Y,,SALE,,,,,UNKNOWN
본체,중고나라,228348683,"9950x3d, x870e, 64gb, 2tb, 5090 하이엔드 본체",8950000,판매중,,https://img2.joongna.com/media/original/2026/05/07/1778143079053Cka_KJQ3R.jpg?impolicy=thumb&size=150,https://web.joongna.com/product/228348683,2026-05-07 23:24,"9950x3d, x870e, 64gb, 2tb, 5090 하이엔드 본체",,,desktop,N,64.0,SALE,,,,2048.0,UNKNOWN
본체,중고나라,228292626,RTX3060 게이밍 컴퓨터 본체 pc,770000,판매중,,https://img2.joongna.com/media/original/2026/05/06/1778020528840xWc_bUiQz.jpg?impolicy=thumb&size=150,https://web.joongna.com/product/228292626,2026-05-07 22:28,rtx3060 게이밍 컴퓨터 본체 pc,,,desktop,N,,SALE,,RTX3060,,,MID
본체,중고나라,228162767,"(새제품 반본체 수랭 화이트)9800X3D, B850M WIFI, 16GB, 수랭쿨러, 방송게이밍컴퓨터본체",1710000,판매중,,https://img2.joongna.com/media/original/2026/05/02/1777694697009mRj_VHW4K.jpg?impolicy=thumb&size=150,https://web.joongna.com/product/228162767,2026-05-07 22:22,"(새제품 반본체 수랭 화이트)9800x3d, b850m wifi, 16gb, 수랭쿨러, 방송게이밍컴퓨터본체",,,PARTS,Y,16.0,SALE,,,,,UNKNOWN
본체,중고나라,228133795,게이밍 PC 본체 Ryzen 5600 + RTX 4060,950000,판매중,,https://img2.joongna.com/media/original/2026/05/01/17776177936269Dj_dIYgS.jpg?impolicy=thumb&size=150,https://web.joongna.com/product/228133795,2026-05-07 22:00,게이밍 pc 본체 ryzen 5600 + rtx 4060,,,desktop,N,,SALE,RYZEN 5600,RTX4060,,,MID
본체,중고나라,228359094,게임용 특 AAA급 컴퓨터 본체 PC,880000,판매중,,https://img2.joongna.com/media/original/2026/05/07/1778161269891pNA_GJsRl.jpg?impolicy=thumb&size=150,https://web.joongna.com/product/228359094,2026-05-07 22:41,게임용 특 aaa급 컴퓨터 본체 pc,,,desktop,N,,SALE,,,,,UNKNOWN
본체,중고나라,228192412,라이젠 5600 가성비 데스트탑 게이밍 컴퓨터 본체 처분합니다,489000,판매중,,https://img2.joongna.com/media/original/2026/05/03/1777776746516At2_8fl4g.jpg?impolicy=thumb&size=150,https://web.joongna.com/product/228192412,2026-05-07 22:34,라이젠 5600 가성비 데스트탑 게이밍 컴퓨터 본체 처분합니다,,,desktop,N,,SALE,RYZEN 5600,,,,UNKNOWN
본체,중고나라,228075697,(내용필독) 로보락 s8 pro ultra 청소기 본체만,290000,판매중,,https://img2.joongna.com/media/original/2026/04/29/1777468593024c7T_FxEcX.jpg?impolicy=thumb&size=150,https://web.joongna.com/product/228075697,2026-05-07 22:28,(내용필독) 로보락 s8 pro ultra 청소기 본체만,,,desktop,N,,SALE,,,,,UNKNOWN
본체,중고나라,228357945,"i5 14400f, 4060ti , DDR5 32gb게이밍본체 급처합니다",1450000,판매중,,https://img2.joongna.com/media/original/2026/05/07/1778159195641sEG_N6Ik0.jpg?impolicy=thumb&size=150,https://web.joongna.com/product/228357945,2026-05-07 22:06,"i5 14400f, 4060ti , ddr5 32gb게이밍본체 합니다",,,desktop,N,32.0,SALE,I5 14400F,,,,UNKNOWN
본체,중고나라,228358910,라이젠 4350G 사무용 PC 데스크탑 본체,239000,판매중,,https://img2.joongna.com/media/original/2026/05/07/1778160883984vlE_94BqP.jpg?impolicy=thumb&size=150,https://web.joongna.com/product/228358910,2026-05-07 22:34,라이젠 4350g 사무용 pc 데스크탑 본체,,,desktop,N,,SALE,,,,,UNKNOWN
본체,중고나라,228281240,에어팟 프로 3 본체,99000,판매중,,https://img2.joongna.com/media/original/2026/05/05/1777979574604w7Z_I96D1.jpg?impolicy=thumb&size=150,https://web.joongna.com/product/228281240,2026-05-07 22:17,에어팟 프로 3 본체,애플,에어팟 프로,earphone,N,,SALE,,,,,UNKNOWN
본체,중고나라,228285619,"9800x3d , 5070ti 완본체 데스크탑 팝니당.",3650000,판매중,,https://img2.joongna.com/media/original/2026/05/05/1777986955275VSs_fPzOW.jpg?impolicy=thumb&size=150,https://web.joongna.com/product/228285619,2026-05-07 22:17,"9800x3d , 5070ti 완본체 데스크탑 팝니당.",,,desktop,N,,SALE,,,,,UNKNOWN
본체,중고나라,228358304,고사양 컴퓨터 본체 각개 판매합니다,999999,판매중,,https://img2.joongna.com/media/original/2026/05/07/1778159819621paV_CaCLm.jpg?impolicy=thumb&size=150,https://web.joongna.com/product/228358304,2026-05-07 22:16,고사양 컴퓨터 본체 각개,,,desktop,N,,SALE,,,,,UNKNOWN
본체,중고나라,228358107,버즈FE 화이트 충전본체 SM-R400N,20000,판매중,,https://img2.joongna.com/media/original/2026/05/07/1778159496637Nkv_4sXFD.jpg?impolicy=thumb&size=150,https://web.joongna.com/product/228358107,2026-05-07 22:11,버즈fe 화이트 충전본체 sm-r400n,,,desktop,N,,SALE,,,,,UNKNOWN
본체,중고나라,228112717,닌텐도 스위치 라이트 본체 + 큐브 크리에이터 X + 스플래튠2 게임칩 2개,135000,판매중,,https://img2.joongna.com/media/original/2026/04/30/1777557946887dCY_hUgYE.jpg?impolicy=thumb&size=150,https://web.joongna.com/product/228112717,2026-05-07 21:24,닌텐도 스위치 라이트 본체 + 큐브 크리에이터 x + 스플래튠2 게임칩 2개,,,desktop,N,,SALE,,,,,UNKNOWN
본체,중고나라,226975722,i7/램12g/gtx1060 본체 게이밍 컴퓨터 pc,209000,판매중,,https://img2.joongna.com/media/original/2026/04/01/1774970010585GWM_mgChG.jpg?impolicy=thumb&size=150,https://web.joongna.com/product/226975722,2026-05-07 21:08,i7/램12g/gtx1060 본체 게이밍 컴퓨터 pc,,,desktop,N,,SALE,,GTX1060,,,LOW
본체,중고나라,227589203,안전결제가능 i7/램gtx1050 본체 게이밍 데스크탑 컴퓨터 pc,169000,판매중,,https://img2.joongna.com/media/original/2026/04/16/1776341357565wFs_ORnOj.jpg?impolicy=thumb&size=150,https://web.joongna.com/product/227589203,2026-05-07 21:07,안전결제가능 i7/램gtx1050 본체 게이밍 데스크탑 컴퓨터 pc,,,desktop,N,,SALE,,GTX1050,,,UNKNOWN
본체,중고나라,228356593,14600KF & 4070 프리미엄 워크스테이션 PC본체(64GB/1200W/OS세팅완료),1800000,판매중,,https://img2.joongna.com/media/original/2026/05/07/1778156725980ngr_wnSYY.jpg?impolicy=thumb&size=150,https://web.joongna.com/product/228356593,2026-05-07 21:25,14600kf & 4070 프리미엄 워크스테이션 pc본체(64gb/1200w/os세팅완료),,,SERVICE,Y,64.0,SALE,,,,,UNKNOWN
본체,중고나라,228356384,i5 9600K + 3070 + 1tb + 16gb 본체팝니다,650000,판매중,,https://img2.joongna.com/media/original/2026/05/07/1778156341521FXm_iiram.jpg?impolicy=thumb&size=150,https://web.joongna.com/product/228356384,2026-05-07 21:19,i5 9600k + 3070 + 1tb + 16gb 본체,,,desktop,N,16.0,SALE,I5 9600K,,,1024.0,UNKNOWN
본체,중고나라,228243423,i5-2500K 데스크탑 본체 (GTX570 / SSD 포함),80000,판매중,,https://img2.joongna.com/media/original/2026/05/04/1777889025523Ztt_bGeyf.jpg?impolicy=thumb&size=150,https://web.joongna.com/product/228243423,2026-05-07 21:57,i5-2500k 데스크탑 본체 (gtx570 / ssd 포함),,,desktop,N,,SALE,I5-2500K,,,,LOW
본체,중고나라,228357128,무선이어폰 에어팟 프로 2 본체 충전케이스,38000,예약중,,https://img2.joongna.com/media/original/2026/05/07/1778156909097pr5_85VJu.jpg?impolicy=thumb&size=150,https://web.joongna.com/product/228357128,2026-05-07 21:41,무선이어폰 에어팟 프로 2 본체 충전케이스,애플,에어팟 프로,CASE,Y,,RESERVED,,,,,UNKNOWN
본체,중고나라,228357013,rtx5090 아스트랄 완본체 팝니다 9800x3d/9950x3d 선택,8600000,판매중,,https://img2.joongna.com/media/original/2026/05/07/1778157473223syt_VIIfh.jpg?impolicy=thumb&size=150,https://web.joongna.com/product/228357013,2026-05-07 21:37,rtx5090 아스트랄 완본체 9800x3d/9950x3d 선택,,,desktop,N,,SALE,,RTX5090,,,UNKNOWN
본체,중고나라,228356974,부산/게이밍 컴퓨터 본체 7800x3d rtx5070ti,2700000,판매중,,https://img2.joongna.com/media/original/2026/05/07/1778157407866rBt_WnSHA.jpg?impolicy=thumb&size=150,https://web.joongna.com/product/228356974,2026-05-07 21:36,부산/게이밍 컴퓨터 본체 7800x3d rtx5070ti,,,desktop,N,,SALE,,RTX5070TI,,,UNKNOWN
본체,중고나라,228289040,"(새제품블랙)9800X3D,RTX5070Ti, 32GB,B850M WIFI,1000W,공랭최강,방송게이밍컴퓨터본체",3360000,판매중,,https://img2.joongna.com/media/original/2026/05/06/1777993731046ug1_HkZuc.jpg?impolicy=thumb&size=150,https://web.joongna.com/product/228289040,2026-05-07 21:35,"(새제품블랙)9800x3d,rtx5070ti, 32gb,b850m wifi,1000w,공랭최강,방송게이밍컴퓨터본체",,,desktop,N,32.0,SALE,,RTX5070TI,,,UNKNOWN
본체,중고나라,228356669,버즈2. 본체,20000,판매중,,https://img2.joongna.com/media/original/2026/05/07/1778156885039spX_tbbBP.jpg?impolicy=thumb&size=150,https://web.joongna.com/product/228356669,2026-05-07 21:28,버즈2. 본체,,,desktop,N,,SALE,,,,,UNKNOWN
본체,중고나라,228133630,"에어팟 2세대, 프로 본체 및 유닛",60000,판매중,,https://img2.joongna.com/media/original/2026/05/01/1777617698446GLw_vjct1.jpg?impolicy=thumb&size=150,https://web.joongna.com/product/228133630,2026-05-07 21:23,"에어팟 2세대, 프로 본체 및 유닛",애플,에어팟 프로,earphone,N,,SALE,,,,,UNKNOWN
본체,중고나라,226874396,Xbox one X 1TB 싸이버펑크 한정판 본체 미개봉 신품,640000,판매중,,https://img2.joongna.com/media/original/2026/03/29/1774761556168yC3_5hkvy.jpg?impolicy=thumb&size=150,https://web.joongna.com/product/226874396,2026-05-07 21:15,xbox one x 1tb 싸이버펑크 한정판 본체 신품,,,desktop,N,,SALE,,,,1024.0,UNKNOWN
본체,중고나라,228356177,애플워치7 에르메스 45mm 본체 + 정품 밀레니즈루프 판매합니다,450000,판매중,,https://img2.joongna.com/media/original/2026/05/07/1778156036596JmO_cb6eg.jpg?impolicy=thumb&size=150,https://web.joongna.com/product/228356177,2026-05-07 21:13,애플워치7 에르메스 45mm 본체 + 밀레니즈루프,애플,애플워치,desktop,N,,SALE,,,,,UNKNOWN
본체,중고나라,228356104,닌텐도 스위치2 본체+ㅇㅋㅇㅌ게임,660000,예약중,,https://img2.joongna.com/media/original/2026/05/07/1778155891739Rhf_UJRRX.jpg?impolicy=thumb&size=150,https://web.joongna.com/product/228356104,2026-05-07 21:11,닌텐도 스위치2 본체+ㅇㅋㅇㅌ게임,,,desktop,N,,RESERVED,,,,,UNKNOWN
본체,중고나라,227849014,한정기획특가 i7 gtx1080 게이밍 컴퓨터 본체 데스크탑 pc,285000,판매중,,https://img2.joongna.com/media/original/2026/04/23/1776940421223rSF_IgHBi.jpg?impolicy=thumb&size=150,https://web.joongna.com/product/227849014,2026-05-07 21:07,한정기획특가 i7 gtx1080 게이밍 컴퓨터 본체 데스크탑 pc,,,desktop,N,,SALE,,GTX1080,,,UNKNOWN
본체,중고나라,228355939,애플 파워맥G4 본체,120000,판매중,,https://img2.joongna.com/media/original/2026/05/07/17781555858784QG_uivAy.jpg?impolicy=thumb&size=150,https://web.joongna.com/product/228355939,2026-05-07 21:06,애플 파워맥g4 본체,,,PARTS,Y,,SALE,,,,,UNKNOWN
본체,중고나라,226033879,파나소닉 CDP CT570 본체만 판매합니다,51000,판매중,,https://img2.joongna.com/media/original/2026/03/07/1772891656231hoD_MVggL.jpg?impolicy=thumb&size=150,https://web.joongna.com/product/226033879,2026-05-07 20:18,파나소닉 cdp ct570 본체만,,,desktop,N,,SALE,,,,,UNKNOWN
본체,중고나라,228279363,9850X3D 5080 아스트랄 화이트 커세어 게이밍 컴퓨터 본체,5200000,판매중,,https://img2.joongna.com/media/original/2026/05/05/1777976274858vop_VssSY.jpg?impolicy=thumb&size=150,https://web.joongna.com/product/228279363,2026-05-07 20:10,9850x3d 5080 아스트랄 화이트 커세어 게이밍 컴퓨터 본체,,,desktop,N,,SALE,,,,,UNKNOWN
본체,중고나라,227942842,ITX 본체 CPU AMD 라이젠5 5600,750000,판매중,,https://img2.joongna.com/media/original/2026/04/26/1777176604769NXQ_oN9ug.jpg?impolicy=thumb&size=150,https://web.joongna.com/product/227942842,2026-05-07 20:33,itx 본체 cpu amd 라이젠5 5600,,,desktop,N,,SALE,RYZEN5 5600,,,,UNKNOWN
본체,중고나라,226937752,초특가 급처분 i7/램12g/gtx1080 본체 게이밍 데스크탑 컴퓨터,360000,판매중,,https://img2.joongna.com/media/original/2026/03/31/1774902363711H85_c5NIp.jpg?impolicy=thumb&size=150,https://web.joongna.com/product/226937752,2026-05-07 20:02,초특가 분 i7/램12g/gtx1080 본체 게이밍 데스크탑 컴퓨터,,,desktop,N,,SALE,,GTX1080,,,UNKNOWN
본체,중고나라,227993001,반본체 ) 9800X3D 미사용 게이밍 컴퓨터 pc,1900000,판매중,,https://img2.joongna.com/media/original/2026/04/27/17772856681257Ss_KKMmb.jpg?impolicy=thumb&size=150,https://web.joongna.com/product/227993001,2026-05-07 20:35,반본체 ) 9800x3d 미사용 게이밍 컴퓨터 pc,,,desktop,N,,SALE,,,,,UNKNOWN
본체,중고나라,227650552,"5600, rtx 3070, b550m 게이밍 본체",800000,판매중,,https://img2.joongna.com/media/original/2026/04/18/1776494435781f3A_SYA6x.jpg?impolicy=thumb&size=150,https://web.joongna.com/product/227650552,2026-05-07 20:27,"5600, rtx 3070, b550m 게이밍 본체",,,desktop,N,,SALE,,RTX3070,,,MID
본체,중고나라,228355722,ps5 30주년 에디션 본체 및 디스크드라이브 새제품 팝니다,1000000,판매중,,https://img2.joongna.com/media/original/2026/05/07/177815519435234s_mfNVy.jpg?impolicy=thumb&size=150,https://web.joongna.com/product/228355722,2026-05-07 20:59,ps5 30주년 에디션 본체 및 디스크드라이브 새제품,,,desktop,N,,SALE,,,,,UNKNOWN
본체,중고나라,226555856,점검된 파인뷰 lx2000 앞쪽 본체만.,30000,판매중,,https://img2.joongna.com/media/original/2026/03/21/1774059236451khF_HBDdU.jpg?impolicy=thumb&size=150,https://web.joongna.com/product/226555856,2026-05-07 20:52,점검된 파인뷰 lx2000 앞쪽 본체만.,,,desktop,N,,SALE,,,,,UNKNOWN
본체,중고나라,228215003,정품 다이슨 v6 무선청소기 투명 먼지통 단품 더스트빈 컵 본체 부품,9000,판매중,,https://img2.joongna.com/media/original/2026/05/03/17778178079851hT_gYVb8.jpg?impolicy=thumb&size=150,https://web.joongna.com/product/228215003,2026-05-07 20:04,다이슨 v6 무선청소기 투명 먼지통 단품 더스트빈 컵 본체 부품,,,PARTS,Y,,SALE,,,,,UNKNOWN
본체,중고나라,227847174,한정기획특가 i7 gtx1080 게이밍 컴퓨터 본체 데스크탑 pc,289000,판매중,,https://img2.joongna.com/media/original/2026/04/23/1776937223635iQM_iZyu0.jpg?impolicy=thumb&size=150,https://web.joongna.com/product/227847174,2026-05-07 20:02,한정기획특가 i7 gtx1080 게이밍 컴퓨터 본체 데스크탑 pc,,,desktop,N,,SALE,,GTX1080,,,UNKNOWN
본체,중고나라,228176125,LG 코드제로 A9 청소기 메인바디 몸체 본체만 부품용 모터 필터 먼지통,45000,판매중,,https://img2.joongna.com/media/original/2026/05/02/17777200339137JU_SU1T0.jpg?impolicy=thumb&size=150,https://web.joongna.com/product/228176125,2026-05-07 20:01,lg 코드제로 a9 청소기 메인바디 몸체 본체만 부품용 모터 필터 먼지통,,,PARTS,Y,,SALE,,,,,UNKNOWN
본체,중고나라,228355636,전기울타리 목책기 본체,150000,판매중,,https://img2.joongna.com/media/original/2026/05/07/1778155060043Zyd_Owsp7.jpg?impolicy=thumb&size=150,https://web.joongna.com/product/228355636,2026-05-07 20:57,전기울타리 목책기 본체,,,desktop,N,,SALE,,,,,UNKNOWN
본체,중고나라,228348647,"7950x3d, b650, rx 9070xt 고사양 본체",2650000,판매중,,https://img2.joongna.com/media/original/2026/05/07/1778143001571m8I_zt88A.jpg?impolicy=thumb&size=150,https://web.joongna.com/product/228348647,2026-05-07 20:53,"7950x3d, b650, rx 9070xt 고사양 본체",,,desktop,N,,SALE,,RX9070XT,,,UNKNOWN
본체,중고나라,228178569,정비된 눈동자 블랙박스 앞쪽 본체만.,45000,판매중,,https://img2.joongna.com/media/original/2026/05/02/1777724897897kYV_0fb12.jpg?impolicy=thumb&size=150,https://web.joongna.com/product/228178569,2026-05-07 20:52,정비된 눈동자 블랙박스 앞쪽 본체만.,,,BOX,Y,,SALE,,,,,UNKNOWN
본체,중고나라,228178559,정비된 만도 K1 앞쪽 본체만.,40000,판매중,,https://img2.joongna.com/media/original/2026/05/02/1777724872937w0E_HA49h.jpg?impolicy=thumb&size=150,https://web.joongna.com/product/228178559,2026-05-07 20:52,정비된 만도 k1 앞쪽 본체만.,,,desktop,N,,SALE,,,,,UNKNOWN
본체,중고나라,226340502,정비된 엠피온 mdr f430플러스 앞쪽 본체만.,48000,판매중,,https://img2.joongna.com/media/original/2026/03/15/1773574488844uHF_E8lQy.jpg?impolicy=thumb&size=150,https://web.joongna.com/product/226340502,2026-05-07 20:52,정비된 엠피온 mdr f430플러스 앞쪽 본체만.,,,desktop,N,,SALE,,,,,UNKNOWN
본체,중고나라,226340476,정비된 카포스 CP1000+ 앞쪽 본체만.,45000,판매중,,https://img2.joongna.com/media/original/2026/03/15/1773574460769Oey_kdvFr.jpg?impolicy=thumb&size=150,https://web.joongna.com/product/226340476,2026-05-07 20:52,정비된 카포스 cp1000+ 앞쪽 본체만.,,,desktop,N,,SALE,,,,,UNKNOWN
본체,중고나라,228178509,정비된 아톰 eq2000h플러스 앞쪽 본체만.,38000,판매중,,https://img2.joongna.com/media/original/2026/05/02/1777724735303L9u_mI5D7.jpg?impolicy=thumb&size=150,https://web.joongna.com/product/228178509,2026-05-07 20:52,정비된 아톰 eq2000h플러스 앞쪽 본체만.,,,desktop,N,,SALE,,,,,UNKNOWN
본체,중고나라,228178494,수리된 만도 bn500d 앞쪽 본체만.,49000,판매중,,https://img2.joongna.com/media/original/2026/05/02/1777724715861EeK_LGuCC.jpg?impolicy=thumb&size=150,https://web.joongna.com/product/228178494,2026-05-07 20:52,수리된 만도 bn500d 앞쪽 본체만.,,,SERVICE,Y,,SALE,,,,,UNKNOWN
본체,중고나라,228355440,수리된 nefu dx 앞쪽 본체만 판매.,49000,판매중,,https://img2.joongna.com/media/original/2026/05/07/17781547159916jq_mHtPa.jpg?impolicy=thumb&size=150,https://web.joongna.com/product/228355440,2026-05-07 20:51,수리된 nefu dx 앞쪽 본체만 .,,,SERVICE,Y,,SALE,,,,,UNKNOWN
본체,중고나라,228355433,정비된 모닝스테이션 v350d 앞쪽 본체만.,45000,판매중,,https://img2.joongna.com/media/original/2026/05/07/1778154705356Hfu_ZLvju.jpg?impolicy=thumb&size=150,https://web.joongna.com/product/228355433,2026-05-07 20:51,정비된 모닝스테이션 v350d 앞쪽 본체만.,,,desktop,N,,SALE,,,,,UNKNOWN
본체,중고나라,228165727,정비된 만도 KV100 앞쪽 본체만.,35000,판매중,,https://img2.joongna.com/media/original/2026/05/02/1777700493241CUS_JkUaW.jpg?impolicy=thumb&size=150,https://web.joongna.com/product/228165727,2026-05-07 20:51,정비된 만도 kv100 앞쪽 본체만.,,,desktop,N,,SALE,,,,,UNKNOWN
본체,중고나라,228355413,정비된 만도 f7 앞쪽 본체만.,40000,판매중,,https://img2.joongna.com/media/original/2026/05/07/1778154681516dCy_BxAao.jpg?impolicy=thumb&size=150,https://web.joongna.com/product/228355413,2026-05-07 20:51,정비된 만도 f7 앞쪽 본체만.,,,desktop,N,,SALE,,,,,UNKNOWN
본체,중고나라,228355398,정비된 아이나비 맥스뷰 앞쪽 본체만.,30000,판매중,,https://img2.joongna.com/media/original/2026/05/07/1778154668170q3m_BPPWA.jpg?impolicy=thumb&size=150,https://web.joongna.com/product/228355398,2026-05-07 20:51,정비된 아이나비 맥스뷰 앞쪽 본체만.,,,desktop,N,,SALE,,,,,UNKNOWN
본체,중고나라,228355385,정비된 아이리버 x2000 앞쪽 본체만.,40000,판매중,,https://img2.joongna.com/media/original/2026/05/07/1778154657468xxN_zxpyh.jpg?impolicy=thumb&size=150,https://web.joongna.com/product/228355385,2026-05-07 20:50,정비된 아이리버 x2000 앞쪽 본체만.,,,desktop,N,,SALE,,,,,UNKNOWN
본체,중고나라,228355376,정비된 하이웨이브 tbox t3 앞쪽 본체만.,40000,판매중,,https://img2.joongna.com/media/original/2026/05/07/1778154645464xEg_tikz3.jpg?impolicy=thumb&size=150,https://web.joongna.com/product/228355376,2026-05-07 20:50,정비된 하이웨이브 tbox t3 앞쪽 본체만.,,,desktop,N,,SALE,,,,,UNKNOWN
본체,중고나라,228355368,정비된 지넷시스템 목격자 앞쪽 본체만.,40000,판매중,,https://img2.joongna.com/media/original/2026/05/07/1778154633749WgJ_wadGO.jpg?impolicy=thumb&size=150,https://web.joongna.com/product/228355368,2026-05-07 20:50,정비된 지넷시스템 목격자 앞쪽 본체만.,,,desktop,N,,SALE,,,,,UNKNOWN
본체,중고나라,226541589,수리된 아이트로닉스 N9 앞쪽 본체만.,48000,판매중,,https://img2.joongna.com/media/original/2026/03/20/1774009524689IrX_iPcjo.jpg?impolicy=thumb&size=150,https://web.joongna.com/product/226541589,2026-05-07 20:50,수리된 아이트로닉스 n9 앞쪽 본체만.,,,SERVICE,Y,,SALE,,,,,UNKNOWN
본체,중고나라,226541578,수리된 아이패스블랙 itb5000 plus 본체.,45000,판매중,,https://img2.joongna.com/media/original/2026/03/20/1774009506052AA4_0Wf0e.jpg?impolicy=thumb&size=150,https://web.joongna.com/product/226541578,2026-05-07 20:50,수리된 아이패스블랙 itb5000 plus 본체.,,,SERVICE,Y,,SALE,,,,,UNKNOWN
본체,중고나라,226541560,정비된 아이로드 NQ9 앞쪽 본체만.,55000,판매중,,https://img2.joongna.com/media/original/2026/03/20/17740094862846Df_ky2Jq.jpg?impolicy=thumb&size=150,https://web.joongna.com/product/226541560,2026-05-07 20:50,정비된 아이로드 nq9 앞쪽 본체만.,,,desktop,N,,SALE,,,,,UNKNOWN
본체,중고나라,227044431,정비된 아이로드 TX1 앞쪽 본체만.,40000,판매중,,https://img2.joongna.com/media/original/2026/04/02/17751225717605PO_3SgTq.jpg?impolicy=thumb&size=150,https://web.joongna.com/product/227044431,2026-05-07 20:49,정비된 아이로드 tx1 앞쪽 본체만.,,,desktop,N,,SALE,,,,,UNKNOWN
본체,중고나라,228355340,정비된 아톰골드 EQ2000H 앞쪽 본체.,38000,판매중,,https://img2.joongna.com/media/original/2026/05/07/17781545922916jY_ANWym.jpg?impolicy=thumb&size=150,https://web.joongna.com/product/228355340,2026-05-07 20:49,정비된 아톰골드 eq2000h 앞쪽 본체.,,,desktop,N,,SALE,,,,,UNKNOWN
본체,중고나라,228355304,정비된 유라이브 엣지 앞쪽 본체만.,25000,판매중,,https://img2.joongna.com/media/original/2026/05/07/17781545556684q6_tOkCh.jpg?impolicy=thumb&size=150,https://web.joongna.com/product/228355304,2026-05-07 20:49,정비된 유라이브 엣지 앞쪽 본체만.,,,desktop,N,,SALE,,,,,UNKNOWN
본체,중고나라,228355192,컴퓨터 반본체 파워포함,30000,판매중,,https://img2.joongna.com/media/original/2026/05/07/1778154409040GQm_6bq7E.jpg?impolicy=thumb&size=150,https://web.joongna.com/product/228355192,2026-05-07 20:46,컴퓨터 반본체 파워포함,,,PARTS,Y,,SALE,,,,,UNKNOWN
본체,중고나라,228312645,[게이밍 컴퓨터] RTX 5060/9600X/1TB 데스크탑 PC 본체,1590000,판매중,,https://img2.joongna.com/media/original/2026/05/06/1778057102914XyX_rue2N.jpg?impolicy=thumb&size=150,https://web.joongna.com/product/228312645,2026-05-07 20:36,[게이밍 컴퓨터] rtx 5060/9600x/1tb 데스크탑 pc 본체,,,desktop,N,,SALE,,RTX5060,,1024.0,UNKNOWN
본체,중고나라,228354741,lg 코드제로 본체(메인바디 교체후 미사용),50000,판매중,,https://img2.joongna.com/media/original/2026/05/07/1778153663207sm0_tdu0X.jpg?impolicy=thumb&size=150,https://web.joongna.com/product/228354741,2026-05-07 20:34,lg 코드제로 본체(메인바디 교체후 미사용),,,desktop,N,,SALE,,,,,UNKNOWN
본체,중고나라,228318421,itx 컴퓨터 부품 몇일 완본체로 팔아보고 안팔리면 분해 판매,1250000,판매중,,https://img2.joongna.com/media/original/2026/05/06/1778067495926iBE_Fex3b.jpg?impolicy=thumb&size=150,https://web.joongna.com/product/228318421,2026-05-07 20:13,itx 컴퓨터 부품 몇일 완본체로 팔아보고 안팔리면 분해,,,PARTS,Y,,SALE,,,,,UNKNOWN
본체,중고나라,228280315,270K 5090 엔드급 초고사양 하이엔드 작업용 컴퓨터 본체 PC,7850000,판매중,,https://img2.joongna.com/media/original/2026/05/05/1777977902670eeb_hFNjy.jpg?impolicy=thumb&size=150,https://web.joongna.com/product/228280315,2026-05-07 20:10,270k 5090 엔드급 초고사양 하이엔드 작업용 컴퓨터 본체 pc,,,desktop,N,,SALE,,,,,UNKNOWN
본체,중고나라,228281580,일렉트로룩스 웰 well Q6 무선청소기 핸디 본체 메인바디만 부품용,15000,판매중,,https://img2.joongna.com/media/original/2026/05/05/1777980184701ohE_CBnpT.jpg?impolicy=thumb&size=150,https://web.joongna.com/product/228281580,2026-05-07 20:04,일렉트로룩스 웰 well q6 무선청소기 핸디 본체 메인바디만 부품용,,,PARTS,Y,,SALE,,,,,UNKNOWN
본체,중고나라,228142371,아이닉 i20 무선청소기 핸디 본체 메인바디 필터 부품용,5000,판매중,,https://img2.joongna.com/media/original/2026/05/01/1777632204848Sf7_xqsno.jpg?impolicy=thumb&size=150,https://web.joongna.com/product/228142371,2026-05-07 20:03,아이닉 i20 무선청소기 핸디 본체 메인바디 필터 부품용,,,PARTS,Y,,SALE,,,,,UNKNOWN
본체,중고나라,227848948,안전결제환영 i7/gtx970 본체 게이밍 데스크탑 컴퓨터,174000,판매중,,https://img2.joongna.com/media/original/2026/04/23/17769402872539ue_3u2DY.jpg?impolicy=thumb&size=150,https://web.joongna.com/product/227848948,2026-05-07 20:02,안전결제환영 i7/gtx970 본체 게이밍 데스크탑 컴퓨터,,,desktop,N,,SALE,,,,,UNKNOWN
본체,중고나라,228035127,일렉트로룩스 웰 well Q6 무선청소기 핸디 본체 메인바디만 부품용,12000,판매중,,https://img2.joongna.com/media/original/2026/04/28/17773786613722xz_VNrrU.jpg?impolicy=thumb&size=150,https://web.joongna.com/product/228035127,2026-05-07 20:02,일렉트로룩스 웰 well q6 무선청소기 핸디 본체 메인바디만 부품용,,,PARTS,Y,,SALE,,,,,UNKNOWN
본체,중고나라,228118451,인텔 G5400 DDR4 8G SSD250G 사무용 데스크탑 컴퓨터 PC 본체 모니터,160000,판매중,,https://img2.joongna.com/media/original/2026/05/01/1777587595921yif_W6RqL.jpg?impolicy=thumb&size=150,https://web.joongna.com/product/228118451,2026-05-07 20:00,인텔 g5400 ddr4 8g ssd250g 사무용 데스크탑 컴퓨터 pc 본체 모니터,,,desktop,N,,SALE,,,,,UNKNOWN
본체,중고나라,226034029,마끼다 18V 충전임팩드라이버 DTD173Z 본체 정품 새상품 베어툴사양,149000,판매중,,https://img2.joongna.com/media/original/2026/03/07/1772891875113FNB_BMxKG.jpg?impolicy=thumb&size=150,https://web.joongna.com/product/226034029,2026-05-07 19:39,마끼다 18v 충전임팩드라이버 dtd173z 본체 베어툴사양,,,desktop,N,,SALE,,,,,UNKNOWN
본체,중고나라,228288402,"(새제품화이트)9800X3D,RTX5070Tl,32GB,B850M,수랭쿨러,850W GOLD,방송게이밍컴퓨터본체",3420000,판매중,,https://img2.joongna.com/media/original/2026/05/05/1777992252949HCI_ym44P.jpg?impolicy=thumb&size=150,https://web.joongna.com/product/228288402,2026-05-07 19:06,"(새제품화이트)9800x3d,rtx5070tl,32gb,b850m,수랭쿨러,850w gold,방송게이밍컴퓨터본체",,,PARTS,Y,32.0,SALE,,RTX5070,,,UNKNOWN
본체,중고나라,227864874,dyson V6 다이슨 무선청소기 본체,35000,판매중,,https://img2.joongna.com/media/original/2026/04/24/1776992097274lto_lG011.jpg?impolicy=thumb&size=150,https://web.joongna.com/product/227864874,2026-05-07 19:50,dyson v6 다이슨 무선청소기 본체,,,desktop,N,,SALE,,,,,UNKNOWN
본체,중고나라,228163645,md홍120a 충전기 없는 본체,320000,판매중,,https://img2.joongna.com/media/original/2026/05/02/1777696502686dT6_cgRqU.jpg?impolicy=thumb&size=150,https://web.joongna.com/product/228163645,2026-05-07 19:33,md홍120a 충전기 없는 본체,,,CHARGER,Y,,SALE,,,,,UNKNOWN
본체,중고나라,227439705,소니 WF-1000XM4 블랙 충전본체,36000,판매중,,https://img2.joongna.com/media/original/2026/04/29/1777419686609dfE_IknHj.jpg?impolicy=thumb&size=150,https://web.joongna.com/product/227439705,2026-05-07 19:17,소니 wf-1000xm4 블랙 충전본체,,,desktop,N,,SALE,,,,,UNKNOWN
본체,중고나라,228110393,갤럭시 버즈3FE 블랙 충전본체,40000,판매중,,https://img2.joongna.com/media/original/2026/04/30/1777553297709YzN_JyNHE.jpg?impolicy=thumb&size=150,https://web.joongna.com/product/228110393,2026-05-07 19:17,갤럭시 버즈3fe 블랙 충전본체,삼성,,smartphone,N,,SALE,,,,,UNKNOWN
본체,중고나라,227711945,고성능 게이밍 PC 본체세트 모니터 포함,375000,판매중,,https://img2.joongna.com/media/original/2026/04/20/1776649869730FYA_Uw4hq.jpg?impolicy=thumb&size=150,https://web.joongna.com/product/227711945,2026-05-07 19:16,고성능 게이밍 pc 본체세트 모니터 포함,,,desktop,N,,SALE,,,,,UNKNOWN
본체,중고나라,228032215,갤럭시 버즈3FE 실버 충전본체,40000,판매중,,https://img2.joongna.com/media/original/2026/04/28/1777374067719by4_sXDtj.jpg?impolicy=thumb&size=150,https://web.joongna.com/product/228032215,2026-05-07 19:15,갤럭시 버즈3fe 실버 충전본체,삼성,,smartphone,N,,SALE,,,,,UNKNOWN
본체,중고나라,228316304,AMD 5600T rx7600 게이밍 완본체 판매합니다,800000,판매중,,https://img2.joongna.com/media/original/2026/05/06/1778063524399erb_R7ZKq.jpg?impolicy=thumb&size=150,https://web.joongna.com/product/228316304,2026-05-07 19:12,amd 5600t rx7600 게이밍 완본체,,,desktop,N,,SALE,,RX7600,,,UNKNOWN
본체,중고나라,227898177,갤럭시 버즈2프로 그라파이트 충전본체 SM-R510,33000,판매중,,https://img2.joongna.com/media/original/2026/05/03/1777809678988m7E_HM5FP.jpg?impolicy=thumb&size=150,https://web.joongna.com/product/227898177,2026-05-07 19:16,갤럭시 버즈2프로 그라파이트 충전본체 sm-r510,삼성,,smartphone,N,,SALE,,,,,UNKNOWN
본체,중고나라,227824458,버즈라이브 브론즈 충전본체,16000,판매중,,https://img2.joongna.com/media/original/2026/04/23/1776899367322FtL_OwDCc.jpg?impolicy=thumb&size=150,https://web.joongna.com/product/227824458,2026-05-07 19:15,버즈라이브 브론즈 충전본체,,,desktop,N,,SALE,,,,,UNKNOWN
본체,중고나라,228353263,1960년대 협궤열차 다닐때 나왔던 옛 송도역 철도여행기념스탬프 본체 팝니다,5000000,판매중,,https://img2.joongna.com/media/original/2026/05/07/1778151060996lBx_Q8e6D.jpg?impolicy=thumb&size=150,https://web.joongna.com/product/228353263,2026-05-07 19:51,1960년대 협궤열차 다닐때 나왔던 옛 송도역 철도여행기념스탬프 본체,,,desktop,N,,SALE,,,,,UNKNOWN
본체,중고나라,228352810,라이젠5 3600 / 32GB / RTX 3080 데스크탑 본체 (HDD/SSD 미포함),1200000,판매중,,https://img2.joongna.com/media/original/2026/05/07/1778150349368p0i_TA8z6.jpg?impolicy=thumb&size=150,https://web.joongna.com/product/228352810,2026-05-07 19:39,라이젠5 3600 / 32gb / rtx 3080 데스크탑 본체 (hdd/ssd 미포함),,,desktop,N,32.0,SALE,RYZEN5 3600,RTX3080,,,HIGH
본체,중고나라,228352189,고성능 게이밍 PC 본체 모니터 세트,2000000,판매중,,https://img2.joongna.com/media/original/2026/05/07/1778149255136gvQ_bq3N1.jpg?impolicy=thumb&size=150,https://web.joongna.com/product/228352189,2026-05-07 19:20,고성능 게이밍 pc 본체 모니터 세트,,,desktop,N,,SALE,,,,,UNKNOWN
본체,중고나라,228352146,버즈2프로 라벤더 본체,35000,판매중,,https://img2.joongna.com/media/original/2026/05/07/17781491536985rp_golgC.jpg?impolicy=thumb&size=150,https://web.joongna.com/product/228352146,2026-05-07 19:19,버즈2프로 라벤더 본체,,,desktop,N,,SALE,,,,,UNKNOWN
본체,중고나라,228304021,갤럭시 버즈2 라벤더 충전본체 SM-R177,18000,판매중,,https://img2.joongna.com/media/original/2026/05/06/1778043836537Tll_cL2LN.jpg?impolicy=thumb&size=150,https://web.joongna.com/product/228304021,2026-05-07 19:18,갤럭시 버즈2 라벤더 충전본체 sm-r177,삼성,,smartphone,N,,SALE,,,,,UNKNOWN
본체,중고나라,227570583,버즈2 블랙 충전본체 SM-R177,18000,판매중,,https://img2.joongna.com/media/original/2026/04/16/1776311317411K6H_FFVFT.jpg?impolicy=thumb&size=150,https://web.joongna.com/product/227570583,2026-05-07 19:17,버즈2 블랙 충전본체 sm-r177,,,desktop,N,,SALE,,,,,UNKNOWN
본체,중고나라,227826285,갤럭시 버즈프로 팬텀블랙 충전본체 SM-R190,18000,판매중,,https://img2.joongna.com/media/original/2026/04/23/1776903841959Zpw_tPvCc.jpg?impolicy=thumb&size=150,https://web.joongna.com/product/227826285,2026-05-07 19:17,갤럭시 버즈프로 팬텀블랙 충전본체 sm-r190,삼성,,smartphone,N,,SALE,,,,,UNKNOWN
본체,중고나라,228302512,갤럭시 버즈2 그라파이트 충전본체 SM-R177,18000,판매중,,https://img2.joongna.com/media/original/2026/05/06/1778041469769nSd_uFIHS.jpg?impolicy=thumb&size=150,https://web.joongna.com/product/228302512,2026-05-07 19:17,갤럭시 버즈2 그라파이트 충전본체 sm-r177,삼성,,smartphone,N,,SALE,,,,,UNKNOWN
본체,중고나라,227844813,갤럭시 버즈2 라벤더 충전본체 SM-R177,16000,판매중,,https://img2.joongna.com/media/original/2026/04/23/1776933515921tvz_kvynX.jpg?impolicy=thumb&size=150,https://web.joongna.com/product/227844813,2026-05-07 19:15,갤럭시 버즈2 라벤더 충전본체 sm-r177,삼성,,smartphone,N,,SALE,,,,,UNKNOWN
본체,중고나라,228209241,dell xps8940 i7 rtx3070 32g 1tb 완본체 팝니다,900000,판매중,,https://img2.joongna.com/media/original/2026/05/03/1777807122562R38_0PirE.jpg?impolicy=thumb&size=150,https://web.joongna.com/product/228209241,2026-05-07 18:22,dell xps8940 i7 rtx3070 32g 1tb 완본체,,,desktop,N,,SALE,,RTX3070,,1024.0,MID
본체,중고나라,223459274,삼성전자 인텔 슬림 컴퓨터 본체 판매합니다. 한글 워드 오피스 엑셀,50000,판매중,,https://img2.joongna.com/media/original/2025/12/28/17668928700683Ex_8eqtc.jpg?impolicy=thumb&size=150,https://web.joongna.com/product/223459274,2026-05-07 18:35,삼성전자 인텔 슬림 컴퓨터 본체 . 한글 워드 오피스 엑셀,,,desktop,N,,SALE,,,,,UNKNOWN
본체,중고나라,227962314,버즈2프로 화이트 충전본체 SM-R510,30000,판매중,,https://img2.joongna.com/media/original/2026/04/26/1777210720441uUO_q8SFW.jpg?impolicy=thumb&size=150,https://web.joongna.com/product/227962314,2026-05-07 18:56,버즈2프로 화이트 충전본체 sm-r510,,,desktop,N,,SALE,,,,,UNKNOWN
본체,중고나라,227711971,버즈FE 화이트 충전본체 SM-R400N,20000,예약중,,https://img2.joongna.com/media/original/2026/04/20/1776649917620JtN_z2cue.jpg?impolicy=thumb&size=150,https://web.joongna.com/product/227711971,2026-05-07 18:56,버즈fe 화이트 충전본체 sm-r400n,,,desktop,N,,RESERVED,,,,,UNKNOWN
본체,중고나라,228350712,14세대 i5 본체 팝니다,460000,판매중,,https://img2.joongna.com/media/original/2026/05/07/1778146482616wmR_7TQr2.jpg?impolicy=thumb&size=150,https://web.joongna.com/product/228350712,2026-05-07 18:34,14세대 i5 본체,,,desktop,N,,SALE,,,,,UNKNOWN
본체,중고나라,228296454,삼성 슬림형 본체 i3-7100 램8 SSD120,130000,예약중,,https://img2.joongna.com/media/original/2026/05/06/1778031048429Ei4_VuUmG.jpg?impolicy=thumb&size=150,https://web.joongna.com/product/228296454,2026-05-07 18:27,삼성 슬림형 본체 i3-7100 램8 ssd120,,,desktop,N,,RESERVED,I3-7100,,,,UNKNOWN
본체,중고나라,228349737,에어팟프로 1세대 본체,20000,판매중,,https://img2.joongna.com/media/original/2026/05/07/1778144825144E6o_GqVj5.jpg?impolicy=thumb&size=150,https://web.joongna.com/product/228349737,2026-05-07 18:07,에어팟프로 1세대 본체,애플,에어팟 프로,earphone,N,,SALE,,,,,UNKNOWN
본체,중고나라,228351484,"갤럭시 버즈3 프로 충전 케이스 본체, 실버",50000,예약중,,https://img2.joongna.com/media/original/2026/05/07/17781479323915x1_RYemw.jpg?impolicy=thumb&size=150,https://web.joongna.com/product/228351484,2026-05-07 18:58,"갤럭시 버즈3 프로 충전 케이스 본체, 실버",삼성,,CASE,Y,,RESERVED,,,,,UNKNOWN
본체,중고나라,228351434,(개인이 사용하던) 게이밍 PC본체 / 모니터 / 키보드&마우스 풀세트 판매합니다,1100000,판매중,,https://img2.joongna.com/media/original/2026/05/07/1778147845749U5D_SU8Ux.jpg?impolicy=thumb&size=150,https://web.joongna.com/product/228351434,2026-05-07 18:57,(개인이 사용하던) 게이밍 pc본체 / 모니터 / 키보드&마우스 풀세트,,,desktop,N,,SALE,,,,,UNKNOWN
본체,중고나라,228351405,갤럭시 버즈플러스 븐루 충전본체 SM-R175,11000,판매중,,https://img2.joongna.com/media/original/2026/05/07/1778147784736O5p_ZRshk.jpg?impolicy=thumb&size=150,https://web.joongna.com/product/228351405,2026-05-07 18:56,갤럭시 버즈플러스 븐루 충전본체 sm-r175,삼성,,smartphone,N,,SALE,,,,,UNKNOWN
본체,중고나라,228257678,갤럭시 버즈플러스 블랙 충전본체 SM-R175,10000,판매중,,https://img2.joongna.com/media/original/2026/05/05/17779377044685es_YKLqa.jpg?impolicy=thumb&size=150,https://web.joongna.com/product/228257678,2026-05-07 18:55,갤럭시 버즈플러스 블랙 충전본체 sm-r175,삼성,,smartphone,N,,SALE,,,,,UNKNOWN
본체,중고나라,228193679,버즈라이브 블랙 충전본체,16000,판매중,,https://img2.joongna.com/media/original/2026/05/03/1777779093051TO4_9JJiG.jpg?impolicy=thumb&size=150,https://web.joongna.com/product/228193679,2026-05-07 18:55,버즈라이브 블랙 충전본체,,,desktop,N,,SALE,,,,,UNKNOWN
본체,중고나라,227962336,버즈2 블랙오닉스 충전본체 SM-R177,20000,판매중,,https://img2.joongna.com/media/original/2026/04/26/1777210760243r4K_qmL6X.jpg?impolicy=thumb&size=150,https://web.joongna.com/product/227962336,2026-05-07 18:55,버즈2 블랙오닉스 충전본체 sm-r177,,,desktop,N,,SALE,,,,,UNKNOWN
본체,중고나라,228048266,갤럭시 버즈플러스 BTS에디션 충전본체 SM-R175,15000,판매중,,https://img2.joongna.com/media/original/2026/04/29/17774246400381lv_U4ErF.jpg?impolicy=thumb&size=150,https://web.joongna.com/product/228048266,2026-05-07 18:54,갤럭시 버즈플러스 bts에디션 충전본체 sm-r175,삼성,,smartphone,N,,SALE,,,,,UNKNOWN
본체,중고나라,228351261,RX7900XTX (5080급)+ 7950X3D 하이엔드 본체 데스크탑 초고사양 컴퓨터 pc,3500000,판매중,,https://img2.joongna.com/media/original/2026/05/07/1778147472205UFo_YCoHJ.jpg?impolicy=thumb&size=150,https://web.joongna.com/product/228351261,2026-05-07 18:51,rx7900xtx (5080급)+ 7950x3d 하이엔드 본체 데스크탑 초고사양 컴퓨터 pc,,,desktop,N,,SALE,,RX7900XT,,,HIGH
본체,중고나라,228350905,미니itx 본체와 모니터 팝니다.,300000,판매중,,https://img2.joongna.com/media/original/2026/05/07/1778146677729Nhq_XrHIA.jpg?impolicy=thumb&size=150,https://web.joongna.com/product/228350905,2026-05-07 18:39,미니itx 본체와 모니터 .,,,desktop,N,,SALE,,,,,UNKNOWN
본체,중고나라,228350582,12세대 i5 본체 판매,390000,판매중,,https://img2.joongna.com/media/original/2026/05/07/1778146269853D5l_tvJmw.jpg?impolicy=thumb&size=150,https://web.joongna.com/product/228350582,2026-05-07 18:31,12세대 i5 본체,,,desktop,N,,SALE,,,,,UNKNOWN
본체,중고나라,228350578,사진 속 PC 본체 모니터 판매해요,400000,판매중,,https://img2.joongna.com/media/original/2026/05/07/1778146264912SY1_Hv5re.jpg?impolicy=thumb&size=150,https://web.joongna.com/product/228350578,2026-05-07 18:31,사진 속 pc 본체 모니터 해요,,,desktop,N,,SALE,,,,,UNKNOWN
본체,중고나라,228202817,"다이슨 v10 본체만, 부품용 배터리 25분 정도감",95000,판매중,,https://img2.joongna.com/media/original/2026/05/03/177779531522938O_t10Ry.jpg?impolicy=thumb&size=150,https://web.joongna.com/product/228202817,2026-05-07 18:28,"다이슨 v10 본체만, 부품용 배터리 25분 정도감",,,PARTS,Y,,SALE,,,,,UNKNOWN
본체,중고나라,227143849,닌텐도 wii 본체만,30000,판매중,,https://img2.joongna.com/media/original/2026/04/05/17753625599030YZ_aYfwB.jpg?impolicy=thumb&size=150,https://web.joongna.com/product/227143849,2026-05-07 18:26,닌텐도 wii 본체만,,,desktop,N,,SALE,,,,,UNKNOWN
본체,중고나라,228350008,갤럭시 버즈3 화이트 본체,40000,판매중,,https://img2.joongna.com/media/original/2026/05/07/1778145289035wzX_CIMyh.jpg?impolicy=thumb&size=150,https://web.joongna.com/product/228350008,2026-05-07 18:17,갤럭시 버즈3 화이트 본체,삼성,,smartphone,N,,SALE,,,,,UNKNOWN
본체,중고나라,226505129,다이슨 v8 본체만,55000,판매중,,https://img2.joongna.com/media/original/2026/03/19/1773925898476cPd_NwkFR.jpg?impolicy=thumb&size=150,https://web.joongna.com/product/226505129,2026-05-07 18:07,다이슨 v8 본체만,,,desktop,N,,SALE,,,,,UNKNOWN
본체,중고나라,227791234,9600x 48 4070s 본체,1900000,판매중,,https://img2.joongna.com/media/original/2026/04/22/1776824244526QiP_YojkJ.jpg?impolicy=thumb&size=150,https://web.joongna.com/product/227791234,2026-05-07 17:08,9600x 48 4070s 본체,,,desktop,N,,SALE,,,,,UNKNOWN
본체,중고나라,227274882,9800x3d 게이밍 PC 본체,3699000,판매중,,https://img2.joongna.com/media/original/2026/04/21/1776762796984Bbq_sS0hM.jpg?impolicy=thumb&size=150,https://web.joongna.com/product/227274882,2026-05-07 17:05,9800x3d 게이밍 pc 본체,,,desktop,N,,SALE,,,,,UNKNOWN
본체,중고나라,222546367,ATEC 컴퓨터 본체 i7-9700 GTX 1660,600000,판매중,,https://img2.joongna.com/media/original/2025/12/03/1764742960255oBV_iTLEJ.jpg?impolicy=thumb&size=150,https://web.joongna.com/product/222546367,2026-05-07 17:14,atec 컴퓨터 본체 i7-9700 gtx 1660,,,desktop,N,,SALE,I7-9700,GTX1660,,,LOW
본체,중고나라,227989551,컴퓨터 본체 판매,850000,판매중,,https://img2.joongna.com/media/original/2026/04/27/1777279857246fX0_o68vB.jpg?impolicy=thumb&size=150,https://web.joongna.com/product/227989551,2026-05-07 17:50,컴퓨터 본체,,,desktop,N,,SALE,,,,,UNKNOWN
본체,중고나라,228243459,"애플 맥프로(Mac Pro)본체,정품 케이블",430000,판매중,,https://img2.joongna.com/media/original/2026/05/04/1777888878798aBi_7FMsl.jpeg?impolicy=thumb&size=150,https://web.joongna.com/product/228243459,2026-05-07 17:17,"애플 맥프로(mac pro)본체, 케이블",,,CABLE,Y,,SALE,,,,,UNKNOWN
본체,중고나라,228243241,"애플 맥프로(Mac Pro)본체, 정품케이블",470000,판매중,,https://img2.joongna.com/media/original/2026/05/04/17778885883788l9_MvygL.jpeg?impolicy=thumb&size=150,https://web.joongna.com/product/228243241,2026-05-07 17:17,"애플 맥프로(mac pro)본체, 케이블",,,CABLE,Y,,SALE,,,,,UNKNOWN
본체,중고나라,227270473,사무용 게임용 게이밍 i5-9세대 조립 PC 본체 데스크탑 판매합니다! 무료배송!,280000,판매중,,https://img2.joongna.com/media/original/2026/04/08/1775634322922pBG_n7Ow6.jpeg?impolicy=thumb&size=150,https://web.joongna.com/product/227270473,2026-05-07 17:54,사무용 게임용 게이밍 i5-9세대 조립 pc 본체 데스크탑 ! 무료배송!,,,desktop,N,,SALE,,,,,UNKNOWN
본체,중고나라,227269253,"사무용 게임용 게이밍 i5-7세대 중고 조립 PC 본체 데스크탑 판매합니다! CAD, 영상편집, 작업용 무료배송!",240000,판매중,,https://img2.joongna.com/media/original/2026/04/08/1775632550535fIp_sPk2i.jpeg?impolicy=thumb&size=150,https://web.joongna.com/product/227269253,2026-05-07 17:54,"사무용 게임용 게이밍 i5-7세대 중고 조립 pc 본체 데스크탑 ! cad, 영상편집, 작업용 무료배송!",,,desktop,N,,SALE,,,,,UNKNOWN
본체,중고나라,227269854,사무용 문서작업용 리퍼 본체 i5-4세대+중고 24인치 모니터+신품 키마셋 데스크탑 PC 풀세트 무료배송!,230000,판매중,,https://img2.joongna.com/media/original/2026/04/08/1775633414022Fxk_R7ttK.jpeg?impolicy=thumb&size=150,https://web.joongna.com/product/227269854,2026-05-07 17:54,사무용 문서작업용 리퍼 본체 i5-4세대+중고 24인치 모니터+신품 키마셋 데스크탑 pc 풀세트 무료배송!,,,desktop,N,,SALE,,,,,UNKNOWN
본체,중고나라,227463440,사무용 게임용 중고 i5-6세대 본체 데스크탑 PC 판매합니다! 안전포장! 무료배송!,230000,판매중,,https://img2.joongna.com/media/original/2026/04/13/1776069407777ZxY_zsDjU.jpeg?impolicy=thumb&size=150,https://web.joongna.com/product/227463440,2026-05-07 17:52,사무용 게임용 중고 i5-6세대 본체 데스크탑 pc ! 안전포장! 무료배송!,,,desktop,N,,SALE,,,,,UNKNOWN
본체,중고나라,226982490,"고장난 그래픽카드,본체,노트북 삽니다.",2000,판매중,,https://img2.joongna.com/media/original/2026/04/01/1775003662736Whe_mS02h.jpg?impolicy=thumb&size=150,https://web.joongna.com/product/226982490,2026-05-07 17:27,"고장난 그래픽카드,본체,노트북 .",,,PARTS,Y,,SALE,,,,,UNKNOWN
본체,중고나라,228171230,"(새제품 반본체 공랭 화이트)9800X3D, 32GB, B850M, 850W GOLD 공랭최강, 방송게이밍컴퓨터본체",1960000,판매중,,https://img2.joongna.com/media/original/2026/05/07/1778120278783dsn_BIOmi.jpg?impolicy=thumb&size=150,https://web.joongna.com/product/228171230,2026-05-07 17:25,"(새제품 반본체 공랭 화이트)9800x3d, 32gb, b850m, 850w gold 공랭최강, 방송게이밍컴퓨터본체",,,desktop,N,32.0,SALE,,,,,UNKNOWN
본체,중고나라,228348246,라이젠 7500F 32G 1TB RTX 4060TI 신품동일 본체,1350000,판매중,,https://img2.joongna.com/media/original/2026/05/07/1778142316763pFi_E5Hhn.jpg?impolicy=thumb&size=150,https://web.joongna.com/product/228348246,2026-05-07 17:25,라이젠 7500f 32g 1tb rtx 4060ti 신품동일 본체,,,desktop,N,,SALE,RYZEN 7500F,RTX4060TI,,1024.0,MID
본체,중고나라,228347724,PS4 플스4 1205A (13.50) 500G 본체 단품,50000,거래완료,,https://img2.joongna.com/media/original/2026/05/07/1778141417734wQK_ZFXO2.jpg?impolicy=thumb&size=150,https://web.joongna.com/product/228347724,2026-05-07 17:10,ps4 플스4 1205a (13.50) 500g 본체 단품,,,desktop,N,,SOLD,,,,,UNKNOWN
본체,중고나라,228348650,라이젠2700x 본체,250000,판매중,,https://img2.joongna.com/media/original/2026/05/07/1778143006077Dzo_QZOeM.jpg?impolicy=thumb&size=150,https://web.joongna.com/product/228348650,2026-05-07 17:36,라이젠2700x 본체,,,desktop,N,,SALE,,,,,UNKNOWN
본체,중고나라,228239754,애플 맥 프로 본체(Mac Pro)본체,420000,판매중,,https://img2.joongna.com/media/original/2026/05/04/1777882578107doB_xIjmy.jpg?impolicy=thumb&size=150,https://web.joongna.com/product/228239754,2026-05-07 17:35,애플 맥 프로 본체(mac pro)본체,,,desktop,N,,SALE,,,,,UNKNOWN
